   1.0.0 # v: lpa-xrd version
8.00e+14 # d: dislocation density [m^-2]
 1  1  0 # z: direction of 'l' (line vector) [uvw]
 1  1  0 # b: Burgers vector direction [uvw]
 2  0  0 # g: diffraction vector direction (hkl)
0.250000 # C: contrast coefficient [1]
0.404940 # a: cell parameter [nm]
    6400 # s: side of the region of interest [nm] PBC1
0.345000 # nu: Poisson's number [1]
   32768 # nd: number of dislocations in the input file
  200000 # np: number of random points
#    L                   cos1       err_cos1                   sin1       err_sin1                   cos2       err_cos2                   sin2       err_sin2                   cos3       err_cos3                   sin3       err_sin3                   cos4       err_cos4                   sin4       err_sin4                   cos5       err_cos5                   sin5       err_sin5                   eps2       nrpo
   3.5  9.373365900302115E-01  5.2967217E-05 -8.584879887880308E-03  1.2429366E-04  7.933375570229974E-01  1.1628105E-04 -1.526558759496168E-02  2.0566178E-04  6.126373610364797E-01  1.8002598E-04 -1.910206367188223E-02  2.4959923E-04  4.347337258418428E-01  2.2764797E-04 -1.959098258576707E-02  2.6874972E-04  2.848703842050724E-01  2.5613303E-04 -1.740500851744039E-02  2.7587834E-04  4.647951447499079E-04          0
   7.0  7.886155880854127E-01  1.2021324E-04 -1.518351283723264E-02  2.0632240E-04  4.315387793869453E-01  2.2857245E-04 -1.953049320748955E-02  2.6884334E-04  1.717135441217283E-01  2.7047709E-04 -1.358677757294319E-02  2.7829873E-04  5.105443128352035E-02  2.7863676E-04 -5.593740767790486E-03  2.7927260E-04  1.102357955405199E-02  2.7939804E-04 -7.838372887887080E-04  2.7952337E-04  4.283239428893923E-04          0
  10.5  6.025857976479692E-01  1.8458412E-04 -1.882517776693350E-02  2.5032064E-04  1.694629584570589E-01  2.7073636E-04 -1.369874034636599E-02  2.7831142E-04  2.440383988416662E-02  2.7926362E-04 -2.558037064327852E-03  2.7944054E-04  1.653738774528692E-03  2.7939576E-04  9.913840947911455E-04  2.7960532E-04  5.047606189683857E-04  2.7949462E-04  7.351323417712874E-04  2.7951701E-04  4.074324324367613E-04          0
  14.0  4.209800448547273E-01  2.3144168E-04 -1.920963170028677E-02  2.6926553E-04  4.933257304395967E-02  2.7867609E-04 -5.477816289142946E-03  2.7930579E-04  1.683179121556501E-03  2.7943214E-04  7.568971221866542E-04  2.7956966E-04  4.133006442415826E-04  2.7946994E-04  3.741218154989737E-04  2.7954266E-04 -3.556226247562565E-04  2.7954693E-04  2.458221076020620E-04  2.7946634E-04  3.925931958480415E-04          0
  17.5  2.701314249152943E-01  2.5867675E-04 -1.689143637673840E-02  2.7616760E-04  1.048244681097611E-02  2.7938228E-04 -8.266845506204066E-04  2.7954936E-04  6.077018728471942E-04  2.7947547E-04  5.457769033058523E-04  2.7953662E-04 -4.558587474200603E-04  2.7950168E-04  4.800798704293217E-05  2.7951132E-04 -3.886365549216798E-04  2.7953613E-04  1.253929421739507E-03  2.7947905E-04  3.810557319825463E-04          0
  21.0  1.597725457786036E-01  2.7175530E-04 -1.290365072244563E-02  2.7841205E-04  1.685402646426913E-03  2.7940711E-04  7.720302366020809E-04  2.7959671E-04  2.887103724443766E-04  2.7947964E-04 -3.310849193974868E-04  2.7953346E-04 -6.721873371512063E-04  2.7957050E-04  7.376242062938958E-04  2.7944396E-04  9.178328903185342E-05  2.7943259E-04  6.341447355181603E-04  2.7958275E-04  3.716214839398589E-04          0
  24.5  8.721701114348750E-02  2.7706888E-04 -8.553792360628771E-03  2.7908454E-04  6.429691316811214E-04  2.7953378E-04  8.414234845644707E-04  2.7947771E-04 -6.061143603923173E-04  2.7942742E-04  2.281764448393357E-04  2.7958663E-04  2.010212113810522E-04  2.7945430E-04  7.758197812368628E-04  2.7956132E-04 -4.993658793321297E-05  2.7949376E-04  1.514053514287161E-05  2.7952321E-04  3.637115077753198E-04          0
  28.0  4.390556523410538E-02  2.7887826E-04 -4.836168365906991E-03  2.7931170E-04  5.651343731784889E-04  2.7953836E-04  3.914208330981166E-04  2.7947368E-04 -5.428403450420543E-04  2.7951490E-04  5.085102979667832E-04  2.7949978E-04  2.295148502469340E-04  2.7941691E-04  2.472917874873364E-04  2.7959901E-04 -3.308622788771326E-04  2.7956093E-04  1.977872930122117E-04  2.7945526E-04  3.568790410825865E-04          0
  31.5  2.022717345052123E-02  2.7933708E-04 -2.120299690550471E-03  2.7946020E-04  4.722958829656834E-05  2.7949360E-04  1.214544909594711E-04  2.7951923E-04  7.894016927769039E-05  2.7954831E-04  4.815428675069793E-04  2.7946779E-04 -9.506874750519131E-05  2.7950478E-04  2.177268752017112E-04  2.7951232E-04 -3.428073313343847E-05  2.7944850E-04  5.126352079009466E-04  2.7956718E-04  3.508666873361419E-04          0
  35.0  8.426740606310970E-03  2.7938905E-04 -3.997174347190875E-04  2.7956864E-04 -5.490149877312051E-04  2.7951860E-04  2.471671241660320E-04  2.7949455E-04  7.484666541686914E-05  2.7941038E-04  6.688692836978700E-04  2.7960568E-04  8.369972060359004E-05  2.7950519E-04  1.747888333452461E-04  2.7951143E-04  3.943333649446923E-04  2.7951014E-04  1.187013903912210E-04  2.7950619E-04  3.454553372246486E-04          0
  38.5  3.184089615145673E-03  2.7938003E-04  4.199460864235011E-04  2.7961734E-04 -8.333567479616879E-04  2.7950883E-04  3.879706701886299E-04  2.7950492E-04  9.054027882771834E-05  2.7936054E-04  7.120556021514110E-04  2.7965577E-04  1.552720641356294E-05  2.7948290E-04  4.596198261476090E-04  2.7953356E-04  9.501763529410361E-05  2.7947478E-04 -3.607136728474239E-04  2.7954228E-04  3.405285307443828E-04          0
  42.0  1.150029634518947E-03  2.7942663E-04  7.347463087256911E-04  2.7958128E-04 -5.505186660046053E-04  2.7961351E-04  4.370752565666782E-04  2.7940086E-04  2.227741552413381E-05  2.7952701E-04  1.762701019379343E-04  2.7948970E-04  7.651901196785263E-04  2.7952445E-04  5.359706842341075E-04  2.7949158E-04 -1.802768846310504E-04  2.7954158E-04 -5.783468454348130E-04  2.7947459E-04  3.360546705766836E-04          0
  45.5  4.908255012215563E-04  2.7947143E-04  7.735479374346281E-04  2.7954032E-04 -2.455053329341949E-04  2.7961323E-04  6.637789955695065E-04  2.7940189E-04 -5.043497641428458E-06  2.7955380E-04 -3.503721605640771E-04  2.7946274E-04  7.571823026470535E-04  2.7950373E-04 -2.072160098645761E-04  2.7951291E-04 -7.410571427636996E-04  2.7953442E-04  7.793963752650835E-05  2.7948208E-04  3.319159665874286E-04          0
  49.0  2.876107311365740E-04  2.7950988E-04  6.295841564581970E-04  2.7950316E-04  2.415092020174610E-05  2.7954711E-04  6.978521570615740E-04  2.7946850E-04 -3.985430471552773E-04  2.7961284E-04 -1.024640005208991E-04  2.7940365E-04  2.796213537050099E-04  2.7943785E-04 -4.222614150169993E-04  2.7957866E-04 -1.579560059375760E-04  2.7950815E-04  1.094896090864834E-05  2.7950871E-04  3.280877756766953E-04          0
  52.5  1.970505466787826E-04  2.7952701E-04  4.243865599904700E-04  2.7948616E-04  1.451788064236148E-04  2.7943841E-04  4.809566153171092E-04  2.7957737E-04 -4.855844551194895E-04  2.7947709E-04  1.261843554116617E-04  2.7953881E-04 -4.968133619734272E-04  2.7953289E-04 -4.938553827513146E-04  2.7948337E-04  6.087220376601273E-05  2.7944182E-04  2.586501833423369E-04  2.7957490E-04  3.245185931157759E-04          0
  56.0  1.403869641041383E-04  2.7953105E-04  2.119820567004469E-04  2.7948220E-04  1.722101490361059E-04  2.7939900E-04  5.013423223545145E-04  2.7961682E-04 -7.018950326592156E-04  2.7949596E-04 -8.943810437458759E-06  2.7951991E-04 -7.784675479425428E-04  2.7947055E-04 -3.867909388053263E-04  2.7954567E-04 -1.888367884122410E-04  2.7944955E-04  7.801231115386767E-04  2.7956651E-04  3.211708541200692E-04          0
  59.5  1.202360653565616E-04  2.7953656E-04  1.283994089701829E-04  2.7947685E-04  2.098755384384195E-04  2.7951518E-04  3.040860341109924E-04  2.7950109E-04 -4.308216526712932E-04  2.7952328E-04 -6.653834859078119E-05  2.7949293E-04  5.008270379775628E-05  2.7954251E-04 -7.948931970819161E-05  2.7947435E-04 -2.347116333338963E-04  2.7945603E-04  3.998824336301985E-04  2.7956102E-04  3.180326507470686E-04          0
  63.0  2.023465187810850E-04  2.7952080E-04  1.658505442759320E-04  2.7949269E-04  9.715179857195885E-05  2.7954814E-04 -4.477767445403977E-04  2.7946832E-04 -6.382135961203576E-04  2.7950596E-04 -1.219051770124029E-04  2.7951054E-04  2.866794941680484E-04  2.7946011E-04 -5.771453920015010E-04  2.7955612E-04 -5.387534404901521E-04  2.7953101E-04  1.799300374529188E-04  2.7948584E-04  3.150961714187029E-04          0
  66.5  3.185774482578435E-04  2.7950888E-04  2.295663571625013E-04  2.7950446E-04  1.322738359041457E-05  2.7950870E-04 -1.005937240850762E-03  2.7950768E-04 -2.174621056562267E-04  2.7949372E-04 -2.768459094661349E-04  2.7952211E-04  4.311312705623006E-06  2.7951356E-04 -1.327844568451116E-04  2.7950324E-04 -5.651289025093795E-04  2.7944236E-04  1.428201377696904E-04  2.7957454E-04  3.123292237804656E-04          0
  70.0  4.409376694320095E-04  2.7952365E-04  2.674677352598081E-04  2.7948939E-04  1.211595626439545E-04  2.7951164E-04 -8.752150618331965E-04  2.7950429E-04 -1.927070373512908E-04  2.7955272E-04 -4.325620218969158E-04  2.7946332E-04  2.640540479483105E-05  2.7950859E-04 -4.409590968896626E-05  2.7950809E-04 -4.113429538199313E-07  2.7949129E-04  5.942501445845476E-05  2.7952539E-04  3.097065159571246E-04          0
  73.5  5.978969484950070E-04  2.7951199E-04  1.118682741166757E-04  2.7950056E-04  4.109357612482936E-05  2.7955133E-04 -4.565384445616829E-04  2.7946437E-04 -2.420537786501392E-04  2.7955544E-04 -4.877693976570669E-04  2.7946068E-04  3.104327885797658E-04  2.7955178E-04 -2.782772231618887E-04  2.7946472E-04 -5.329778532674726E-05  2.7949957E-04 -1.685902104054387E-04  2.7951715E-04  3.072138396882039E-04          0
  77.0  7.183755164729629E-04  2.7947957E-04 -3.457398043160547E-05  2.7953255E-04 -1.884651330062984E-04  2.7950633E-04  1.740866257495353E-04  2.7950912E-04 -1.602139418823166E-04  2.7949260E-04 -1.275274884299684E-05  2.7952371E-04 -1.121042378557718E-05  2.7946524E-04 -6.708014298050738E-04  2.7955122E-04 -1.509572210813096E-04  2.7952856E-04  3.827007672779816E-04  2.7948823E-04  3.048265951867561E-04          0
  80.5  9.038040563633518E-04  2.7946716E-04 -1.187402470276834E-04  2.7954479E-04 -2.769098908741790E-04  2.7947622E-04  5.662058645447287E-04  2.7954002E-04  1.150913858236285E-04  2.7943642E-04 -1.263479637879130E-05  2.7957981E-04 -2.289472299165319E-04  2.7946043E-04 -7.539216847827223E-04  2.7955653E-04 -1.161416441686151E-04  2.7947510E-04  3.077082486309483E-04  2.7954137E-04  3.025444192679999E-04          0
  84.0  9.327319507060642E-04  2.7948219E-04 -9.169741796660009E-05  2.7953001E-04 -1.718065276704973E-04  2.7952869E-04  4.881068878208152E-04  2.7948801E-04  8.870375506233372E-06  2.7953386E-04 -2.940404930466455E-04  2.7948294E-04  1.461194360603182E-04  2.7944339E-04  1.992886760568441E-04  2.7957371E-04 -1.275411143243890E-04  2.7952287E-04  1.207974309055219E-04  2.7949398E-04  3.003755700607098E-04          0
  87.5  8.293538565009719E-04  2.7948830E-04  1.867036873680871E-04  2.7952434E-04 -1.307567303363549E-04  2.7952319E-04  5.128539178661138E-05  2.7949316E-04  4.464237142812541E-04  2.7951720E-04 -3.706156132387710E-05  2.7949912E-04  1.072714005835524E-04  2.7948082E-04  1.670565960216210E-04  2.7953618E-04  2.742287082251930E-04  2.7952152E-04 -6.551692425712846E-05  2.7949538E-04  2.982901662851182E-04          0
  91.0  6.873910388757735E-04  2.7950569E-04  4.979551986405541E-04  2.7950740E-04 -8.168782498663198E-06  2.7946602E-04 -3.374838451688483E-05  2.7955004E-04  6.415739327613005E-04  2.7952442E-04  5.988685736333591E-05  2.7949213E-04 -3.021670298747228E-04  2.7946211E-04 -1.578032527401032E-04  2.7955488E-04 -2.699418213386902E-05  2.7956211E-04 -3.486226757081560E-04  2.7945455E-04  2.962795897464933E-04          0
  94.5  5.575350105340242E-04  2.7947684E-04  6.546446063087996E-04  2.7953644E-04 -2.147620732073263E-04  2.7952272E-04 -1.581885553907578E-05  2.7949252E-04  2.585825542630349E-04  2.7952841E-04 -7.080792781479101E-04  2.7948840E-04  1.068486059399317E-04  2.7957981E-04  4.063948460163630E-06  2.7943697E-04  2.500143747102358E-04  2.7952444E-04  2.108776354680097E-04  2.7949213E-04  2.943532040209462E-04          0
  98.0  5.010388446475073E-04  2.7948487E-04  6.804140619403866E-04  2.7952856E-04 -1.570687992728492E-04  2.7956981E-04 -9.466630430778882E-05  2.7944560E-04 -3.232085940300117E-04  2.7950214E-04 -3.835625348661654E-04  2.7951381E-04  4.438595232230422E-04  2.7954628E-04 -1.886844791750184E-05  2.7947049E-04  3.875222977697214E-04  2.7954568E-04 -1.766130698542537E-04  2.7947100E-04  2.924911885823007E-04          0
 101.5  4.856586352599921E-04  2.7949629E-04  5.212376128390793E-04  2.7951736E-04 -7.664983652170009E-05  2.7951893E-04 -4.068724756799362E-05  2.7949704E-04 -4.459414533642086E-04  2.7950109E-04 -6.010623847383252E-05  2.7951492E-04  7.758651699714381E-05  2.7952491E-04 -4.764985505718519E-04  2.7949140E-04 -5.556976905175991E-05  2.7959020E-04 -2.743890274613470E-04  2.7942713E-04  2.906793831077971E-04          0
 105.0  4.879011974718434E-04  2.7947718E-04  2.777071552353310E-04  2.7953691E-04 -2.154079179862067E-04  2.7949758E-04  1.723451076219263E-04  2.7951848E-04  6.123104310696794E-06  2.7944716E-04 -1.445074002608938E-04  2.7956934E-04 -7.675432640648271E-05  2.7953003E-04 -9.328319206638731E-05  2.7948699E-04  8.070166734725698E-05  2.7952996E-04  1.949554681371595E-05  2.7948735E-04  2.889280536477416E-04          0
 108.5  4.849539829466214E-04  2.7947553E-04 -3.696956110558967E-05  2.7953872E-04 -2.278775853038701E-04  2.7954173E-04  2.839697214743085E-04  2.7947441E-04  2.830114724130195E-04  2.7953201E-04  2.661677836999192E-05  2.7948430E-04  2.388152561649234E-04  2.7951184E-04  5.481565693942586E-04  2.7950511E-04 -2.970716055300682E-04  2.7951337E-04 -2.921129877337795E-04  2.7950334E-04  2.872246895051407E-04          0
 112.0  5.014540359659978E-04  2.7949798E-04 -2.572651926935945E-04  2.7951587E-04 -6.511300842190919E-05  2.7954963E-04  2.100276890735073E-04  2.7946631E-04  2.257573214560336E-04  2.7955690E-04  1.422753815397973E-04  2.7945958E-04  2.981791486836347E-04  2.7953624E-04 -7.733004433585460E-05  2.7948053E-04  4.081304357487338E-04  2.7950117E-04  3.634636089545308E-04  2.7951553E-04  2.855801226986615E-04          0
 115.5  5.518547492008952E-04  2.7950731E-04 -4.520324190408438E-04  2.7950624E-04  4.528416891099924E-06  2.7948902E-04  1.291883406687517E-04  2.7952754E-04  1.633233760191733E-04  2.7950438E-04  2.116949048102542E-04  2.7951215E-04 -1.359029509660598E-04  2.7954016E-04 -1.844033120843471E-04  2.7947624E-04  4.851086089289306E-04  2.7953590E-04 -1.793057602606939E-04  2.7948104E-04  2.839937982588431E-04          0
 119.0  6.750162550736090E-04  2.7949236E-04 -5.353964574329713E-04  2.7952108E-04 -1.005089936785668E-04  2.7947136E-04 -9.460411253919592E-06  2.7954543E-04 -1.201215781892184E-04  2.7951790E-04 -1.558347268694871E-04  2.7949814E-04 -2.628745983270610E-04  2.7948196E-04 -3.425117679856524E-04  2.7953444E-04  3.542937549467141E-04  2.7956945E-04  2.872866989814697E-06  2.7944750E-04  2.824596346146421E-04          0
 122.5  6.393448015719724E-04  2.7949182E-04 -6.095281801410387E-04  2.7952165E-04 -1.040698804519689E-04  2.7946921E-04 -3.478119513416107E-04  2.7954738E-04 -2.099992595753273E-04  2.7947696E-04 -3.533706292379627E-04  2.7953939E-04 -2.789123760582623E-04  2.7951979E-04 -2.299104501596108E-04  2.7949648E-04 -8.236277102329921E-05  2.7954783E-04  1.456638964162738E-04  2.7946891E-04  2.809655378462250E-04          0
 126.0  5.958641567694670E-04  2.7949092E-04 -7.574727484642293E-04  2.7952287E-04 -1.124636075918141E-04  2.7948673E-04 -4.458419430884648E-04  2.7952952E-04 -9.915405576159812E-05  2.7943847E-04 -2.433076500003599E-04  2.7957772E-04 -1.536546965342713E-04  2.7945714E-04  4.063144545630262E-04  2.7955943E-04 -8.376077974290162E-05  2.7957550E-04 -4.840711642424148E-04  2.7944136E-04  2.795018923522707E-04          0
 129.5  5.217242087873585E-04  2.7946511E-04 -8.480706456365375E-04  2.7954884E-04 -2.987751836543407E-04  2.7956930E-04 -1.345641178116976E-04  2.7944699E-04 -3.354184539430403E-04  2.7945532E-04 -1.705217784083447E-04  2.7956120E-04  4.365850777819855E-04  2.7958086E-04  6.943443981463034E-04  2.7943564E-04  1.125077981383437E-04  2.7955835E-04 -1.363914224853790E-04  2.7945786E-04  2.780884097087029E-04          0
 133.0  4.681662934151174E-04  2.7946260E-04 -8.889489231310723E-04  2.7955162E-04 -3.172089370626633E-04  2.7950778E-04  2.145279176862307E-04  2.7950829E-04 -2.172281902234236E-04  2.7953953E-04 -6.843141839734133E-05  2.7947701E-04 -4.300824825505178E-06  2.7951312E-04  5.909491759664048E-05  2.7950352E-04  2.434478928268546E-04  2.7953242E-04  1.421368723235162E-04  2.7948469E-04  2.767130484080397E-04          0
 136.5  4.182835274697516E-04  2.7946444E-04 -8.080391093520699E-04  2.7955000E-04 -3.052663973211270E-04  2.7952436E-04  2.090651384795374E-04  2.7949112E-04  4.642724809734102E-04  2.7958232E-04 -1.667729690804120E-04  2.7943390E-04  1.161873418750678E-04  2.7945497E-04 -7.527603161763699E-06  2.7956210E-04  1.169727225724417E-04  2.7948470E-04  3.216079351890143E-05  2.7953233E-04  2.753723421394243E-04          0
 140.0  4.093971669017095E-04  2.7948480E-04 -6.823234237711545E-04  2.7952999E-04 -1.615937909745744E-04  2.7952380E-04  7.133783612910662E-05  2.7949134E-04  5.158731776566174E-04  2.7946634E-04 -2.265353255408797E-04  2.7955028E-04  1.144965819897985E-04  2.7951995E-04  7.189093429482178E-05  2.7949648E-04  4.083009098940273E-05  2.7951722E-04  2.706115427976987E-04  2.7949991E-04  2.740617598903184E-04          0
 143.5  4.369855782892294E-04  2.7951551E-04 -4.673060847077945E-04  2.7949955E-04  5.581031513435756E-05  2.7954604E-04  5.435028900753330E-05  2.7946940E-04 -6.431852984703252E-05  2.7948801E-04 -2.750049709069658E-04  2.7952880E-04  2.740552758957809E-04  2.7949840E-04 -2.472115801242185E-04  2.7951815E-04  6.505451814015500E-05  2.7951732E-04  2.654229129531200E-04  2.7949965E-04  2.727802758418048E-04          0
 147.0  3.820634593986427E-04  2.7952184E-04 -2.560541925485325E-04  2.7949317E-04  9.963268054807053E-05  2.7955052E-04  2.612882844297803E-04  2.7946525E-04 -3.809780316204787E-04  2.7943182E-04 -1.663528405565865E-04  2.7958442E-04  3.054193906567153E-04  2.7956054E-04  5.666573086215031E-05  2.7945622E-04  1.550084579654130E-04  2.7956520E-04 -6.374452121079556E-05  2.7945155E-04  2.715312601689207E-04          0
 150.5  2.912408191177943E-04  2.7945696E-04  3.357452601254074E-05  2.7955791E-04 -3.633838217610267E-04  2.7957014E-04  5.448801073828841E-04  2.7944586E-04 -4.010893560956072E-04  2.7950372E-04 -6.741318155495073E-05  2.7951251E-04  4.441955507332954E-04  2.7948999E-04  8.459483952280912E-05  2.7952660E-04 -2.483164616725056E-04  2.7945786E-04 -6.746555500290181E-05  2.7955873E-04  2.703175707848534E-04          0
 154.0  9.232852918781534E-05  2.7943250E-04  2.135874516895396E-04  2.7958175E-04 -5.352112097816263E-04  2.7947932E-04  4.721792229728199E-04  2.7953658E-04  3.480233883410412E-05  2.7948049E-04  5.217791308140577E-04  2.7953569E-04 -2.041148473845984E-04  2.7955647E-04  2.774673853306201E-04  2.7946006E-04 -9.659872581140951E-05  2.7956092E-04 -3.406928902096265E-04  2.7945627E-04  2.691287474149585E-04          0
 157.5 -4.104532791040643E-06  2.7949945E-04  2.257633079050008E-04  2.7951450E-04 -5.293414538832821E-05  2.7950742E-04  2.500372242145898E-04  2.7950858E-04  6.078514566734412E-04  2.7958014E-04  6.229084610971067E-04  2.7943647E-04 -5.584300749885485E-06  2.7954637E-04  2.303439133616941E-05  2.7947059E-04 -2.665586744117418E-04  2.7958645E-04 -5.111118706010362E-04  2.7942963E-04  2.679625387577334E-04          0
