   1.0.0 # v: lpa-xrd version
1.28e+16 # d: dislocation density [m^-2]
 1  1  0 # z: direction of 'l' (line vector) [uvw]
 1  1  0 # b: Burgers vector direction [uvw]
 2  0  0 # g: diffraction vector direction (hkl)
0.250000 # C: contrast coefficient [1]
0.404940 # a: cell parameter [nm]
    6400 # s: side of the region of interest [nm] PBC1
0.345000 # nu: Poisson's number [1]
  524288 # nd: number of dislocations in the input file
  200000 # np: number of random points
#    L                   cos1       err_cos1                   sin1       err_sin1                   cos2       err_cos2                   sin2       err_sin2                   cos3       err_cos3                   sin3       err_sin3                   cos4       err_cos4                   sin4       err_sin4                   cos5       err_cos5                   sin5       err_sin5                   eps2       nrpo
   1.5  8.162459005601370E-01  1.0708839E-04 -1.909355035670955E-02  1.9790449E-04  4.803877678666378E-01  2.1721093E-04 -2.087671856381363E-02  2.6621975E-04  2.103438765181803E-01  2.6688524E-04 -1.200672605673019E-02  2.7786663E-04  7.014350168848255E-02  2.7807279E-04 -4.567620230969089E-03  2.7924736E-04  1.812548433246398E-02  2.7949256E-04 -1.711191701023493E-03  2.7939485E-04  7.892247046250338E-03          0
   3.0  4.717143179116803E-01  2.1993882E-04 -2.052308398275314E-02  2.6656401E-04  6.867408758335822E-02  2.7810159E-04 -4.445053281583635E-03  2.7928555E-04  3.533194656558714E-03  2.7948205E-04 -6.639636786024805E-04  2.7952812E-04  3.381902747755530E-04  2.7953444E-04 -3.892091099930633E-05  2.7948127E-04  4.849986750654264E-04  2.7944886E-04  1.242438478898948E-04  2.7956747E-04  7.321922170666216E-03          0
   4.5  2.000551361725144E-01  2.6815651E-04 -1.149138949286631E-02  2.7798023E-04  3.555879037610776E-03  2.7948314E-04 -7.706408610008942E-04  2.7952716E-04  4.472159416956240E-04  2.7947924E-04  1.434148943173835E-04  2.7953661E-04 -1.435762909777145E-04  2.7953558E-04  4.158578858385922E-04  2.7948106E-04 -6.799892319656171E-06  2.7951843E-04  2.191793510854450E-05  2.7949822E-04  6.989436428662199E-03          0
   6.0  6.349522106673167E-02  2.7833494E-04 -4.243197474256429E-03  2.7928560E-04  4.985329460901413E-04  2.7953232E-04  1.646156282964124E-04  2.7948410E-04 -2.026546118554616E-04  2.7951061E-04  2.245988205702746E-04  2.7950623E-04  1.710150340855781E-04  2.7945820E-04 -7.111744067616401E-05  2.7955853E-04 -6.633604650760416E-05  2.7948646E-04 -4.034390050690569E-04  2.7953001E-04  6.752140237777554E-03          0
   7.5  1.500811347428355E-02  2.7945778E-04 -1.471826917504768E-03  2.7946788E-04  1.844855918540398E-04  2.7953394E-04 -1.618272339700214E-04  2.7948252E-04  8.365740200809008E-05  2.7954115E-04  1.669137230218106E-04  2.7947572E-04  1.835536154870630E-04  2.7948471E-04 -3.962014243629047E-04  2.7953192E-04 -2.431298781472701E-05  2.7946500E-04 -1.588490488680829E-04  2.7955194E-04  6.568321566321181E-03          0
   9.0  2.472382385348220E-03  2.7945967E-04 -8.159522551744518E-04  2.7955281E-04 -3.273123420014007E-04  2.7951365E-04 -1.713963534732485E-04  2.7950340E-04  4.349316357389883E-04  2.7948689E-04 -2.369369512214618E-04  2.7952971E-04  3.739909098214975E-05  2.7945055E-04 -3.441324880248453E-04  2.7956642E-04  3.756646373906030E-04  2.7951119E-04 -5.941968738931303E-05  2.7950542E-04  6.418158918088283E-03          0
  10.5  2.712829211391771E-04  2.7944179E-04 -5.519734645078499E-04  2.7957426E-04 -4.748952173358103E-04  2.7957023E-04  1.803436276679528E-05  2.7944651E-04  1.636312933690273E-04  2.7943243E-04 -3.360975303322327E-04  2.7958441E-04  4.434336459253408E-04  2.7945457E-04 -2.597920658301688E-04  2.7956243E-04  2.829863093727018E-05  2.7943267E-04  1.908035856189610E-04  2.7958436E-04  6.289993788528780E-03          0
  12.0  2.138380158686340E-04  2.7950572E-04 -3.796785861257236E-04  2.7951051E-04 -1.696154355998570E-05  2.7956179E-04  2.692214672523700E-04  2.7945502E-04 -2.259629926666466E-04  2.7944607E-04 -1.400483060591496E-04  2.7957074E-04  3.823756624270489E-04  2.7959308E-04  3.547126756983083E-04  2.7942383E-04  1.217894562423642E-04  2.7950241E-04  4.428047887944829E-06  2.7951414E-04  6.179777901133323E-03          0
  13.5  1.809011885074670E-04  2.7956629E-04 -3.383017246173214E-04  2.7944975E-04  4.161840237482440E-04  2.7953784E-04 -5.321004225253091E-04  2.7947903E-04  1.384421387861202E-04  2.7947032E-04 -2.524223103125188E-04  2.7954683E-04  2.103800009262655E-04  2.7950499E-04  1.800917332831939E-04  2.7951188E-04  3.017204265937338E-04  2.7952824E-04  4.020269861565761E-04  2.7948867E-04  6.083060539197539E-03          0
  15.0  1.742402271089081E-04  2.7953342E-04 -2.373978082933120E-04  2.7948294E-04  1.810156476895846E-04  2.7956544E-04 -1.273693537108718E-04  2.7945182E-04  6.102260616931728E-04  2.7955142E-04  5.326427240700070E-04  2.7946490E-04  4.057852968440642E-04  2.7946662E-04  1.391483417744093E-04  2.7955058E-04 -4.006839001310444E-04  2.7950925E-04 -6.165702773786101E-05  2.7950747E-04  5.996245082657122E-03          0
  16.5  1.620092486235496E-04  2.7952944E-04 -8.434228179779132E-05  2.7948718E-04  1.528585705428387E-04  2.7952943E-04 -2.270580713884065E-04  2.7948751E-04  2.971577617220663E-04  2.7952427E-04  1.446069579095396E-04  2.7949230E-04  1.493449971894843E-04  2.7949293E-04  1.206124817494532E-04  2.7952351E-04 -1.490337444366859E-04  2.7947477E-04  1.497151644185405E-04  2.7954205E-04  5.917514816124819E-03          0
  18.0  7.464249226083665E-05  2.7947540E-04  1.723571547416551E-04  2.7954125E-04 -2.346097400391261E-04  2.7948662E-04  6.966682396640305E-05  2.7953059E-04  2.624509343603760E-04  2.7945139E-04  1.874731109358474E-04  2.7956534E-04 -1.579417320451644E-04  2.7949785E-04 -2.703499267093354E-04  2.7951912E-04  1.719055872183240E-04  2.7948049E-04 -7.685425865941899E-05  2.7953667E-04  5.845793097070920E-03          0
  19.5  3.470047536062489E-05  2.7954370E-04 -4.146080751933261E-05  2.7947299E-04  2.540182760336933E-04  2.7947421E-04  5.203377993406222E-04  2.7954222E-04 -4.035764814309896E-05  2.7951344E-04  1.505759682976258E-04  2.7950369E-04 -2.433920903392260E-04  2.7954583E-04 -3.009659730800865E-04  2.7947086E-04 -2.022811054540292E-04  2.7945944E-04 -9.080288583660997E-06  2.7955772E-04  5.779981678788121E-03          0
  21.0 -1.768274857261742E-04  2.7951340E-04 -1.231222930754958E-04  2.7950345E-04  3.691135146655254E-05  2.7953138E-04  5.005644194547535E-04  2.7948486E-04  3.976199694910651E-05  2.7949247E-04  2.132181358204043E-04  2.7952424E-04  1.680586084464418E-04  2.7948549E-04 -1.212596908886473E-04  2.7953101E-04 -1.128738842217980E-04  2.7956064E-04  2.475863967904745E-04  2.7945637E-04  5.718908124868164E-03          0
  22.5 -1.851929477284050E-04  2.7950613E-04 -1.117577124719143E-05  2.7951078E-04 -1.577796500837300E-05  2.7947494E-04  3.788212750761807E-04  2.7954152E-04 -1.513523955286569E-04  2.7949945E-04 -1.097086008360063E-04  2.7951777E-04 -2.384824292419272E-04  2.7950536E-04 -3.487422946805555E-04  2.7951143E-04  5.648864896107830E-04  2.7946462E-04  2.081075503783258E-04  2.7955210E-04  5.661958616280993E-03          0
  24.0  2.249656549861868E-05  2.7954921E-04  2.254337159626871E-05  2.7946745E-04  2.922510395475322E-04  2.7945820E-04  2.416589671261652E-04  2.7955860E-04 -1.615491042792849E-04  2.7946781E-04 -3.156502423416875E-04  2.7954908E-04 -3.582526111657313E-04  2.7949113E-04 -1.612014676021955E-04  2.7952588E-04  1.668595390375424E-04  2.7955935E-04  3.146046208587344E-07  2.7945756E-04  5.608417951040218E-03          0
  25.5  3.482084364040831E-04  2.7950196E-04 -4.336788058623561E-05  2.7951456E-04 -4.471829031238535E-05  2.7952261E-04  1.414080420468475E-04  2.7949353E-04  1.203983431577148E-04  2.7950211E-04  3.461782167051763E-04  2.7951476E-04  1.055058324032013E-04  2.7947810E-04 -1.469187611955051E-05  2.7953862E-04 -6.762382113032126E-04  2.7951979E-04 -2.207820809855659E-05  2.7949719E-04  5.558332886380597E-03          0
  27.0  4.236220377285046E-04  2.7942073E-04 -2.290085663496399E-04  2.7959587E-04 -6.262328705405282E-04  2.7950046E-04 -1.830895950704358E-04  2.7951599E-04  6.766728934898603E-05  2.7953714E-04  5.466474944223183E-04  2.7947991E-04 -5.436565662578533E-05  2.7951285E-04 -2.862467021062449E-04  2.7950435E-04  2.024558678104468E-05  2.7948646E-04 -2.260500633108849E-04  2.7953033E-04  5.510973917867103E-03          0
  28.5  1.324714383296150E-04  2.7944266E-04 -1.039835596304454E-04  2.7957419E-04 -4.700614139906328E-04  2.7954417E-04 -3.242048070050463E-04  2.7947230E-04 -1.779745229993756E-04  2.7946048E-04  3.320997971478100E-04  2.7955642E-04  2.586675170987375E-04  2.7956540E-04 -8.127193289795470E-05  2.7945127E-04 -3.786564205357601E-04  2.7942758E-04 -2.031277969031295E-04  2.7958910E-04  5.466355948602869E-03          0
  30.0 -1.972552814323614E-04  2.7945813E-04 -6.994603606660559E-05  2.7955889E-04 -3.604551385277761E-04  2.7958234E-04 -2.834069832874217E-04  2.7943465E-04  6.185346191210208E-04  2.7954130E-04  7.979108583122192E-04  2.7947536E-04  5.293887422141554E-04  2.7949295E-04 -3.280867128171422E-04  2.7952394E-04 -2.108071646746865E-04  2.7950745E-04  3.050138481835338E-04  2.7950944E-04  5.424026211025781E-03          0
  31.5 -1.757534462229512E-04  2.7946239E-04 -2.032444710830372E-04  2.7955425E-04 -3.306898471053914E-04  2.7955788E-04 -1.308399534790041E-04  2.7945894E-04  3.385878090152017E-04  2.7950520E-04 -3.669293798642146E-04  2.7951149E-04  3.541677412186693E-04  2.7947077E-04 -8.938453478573999E-05  2.7954575E-04 -9.548311698841418E-05  2.7951731E-04  4.471104332757180E-04  2.7949957E-04  5.383711080283013E-03          0
  33.0  8.915917203426482E-05  2.7956533E-04 -1.639499434375641E-04  2.7945084E-04  4.077235968384039E-04  2.7953029E-04  4.433070773342644E-04  2.7948607E-04 -5.655746398212371E-05  2.7953346E-04  8.943286686662849E-05  2.7948312E-04  1.593991820249537E-04  2.7949333E-04  2.331913357946957E-04  2.7952298E-04 -6.561492825193918E-05  2.7956376E-04 -5.077263906081908E-04  2.7945332E-04  5.345508355214873E-03          0
  34.5 -1.006559844909848E-04  2.7960086E-04 -1.355519355201052E-04  2.7941531E-04  6.633562519997606E-04  2.7944351E-04  5.663702909392411E-04  2.7957276E-04 -2.674109891866722E-04  2.7949298E-04 -2.319361966951548E-04  2.7952365E-04 -4.610858798354263E-04  2.7949288E-04 -9.717537999422335E-05  2.7952414E-04  4.780526781759960E-04  2.7952805E-04 -1.529286188267598E-04  2.7948932E-04  5.308833486609484E-03          0
  36.0 -1.602427138176739E-04  2.7955679E-04 -1.391292539900532E-04  2.7945967E-04  3.480953224928176E-04  2.7948088E-04  4.594806727734359E-04  2.7953594E-04 -2.688626290806117E-04  2.7951745E-04  9.262205523199896E-05  2.7949915E-04 -1.971432336149450E-04  2.7951621E-04  1.601019731038354E-04  2.7950084E-04  1.384552162268521E-04  2.7947249E-04  1.031424170124762E-04  2.7954409E-04  5.273660955396769E-03          0
  37.5  2.987272026464616E-05  2.7949532E-04 -2.579514847835655E-05  2.7952098E-04 -9.190350995089373E-05  2.7956366E-04  5.805854062845948E-05  2.7945267E-04 -8.947235186886309E-05  2.7945323E-04 -4.163282434716864E-04  2.7956386E-04  3.955759284407695E-04  2.7950267E-04 -5.867199338033922E-04  2.7951410E-04  1.914577207136639E-06  2.7956489E-04  3.912601020541373E-04  2.7945214E-04  5.240135477308907E-03          0
  39.0 -5.671976453599022E-06  2.7948317E-04  7.898536983418594E-05  2.7953335E-04 -1.800316220357228E-04  2.7952937E-04  3.462592112111837E-04  2.7948707E-04 -3.763605821698167E-05  2.7954418E-04  3.823725139560213E-04  2.7947288E-04  1.515830184836203E-04  2.7951713E-04 -5.175550453310628E-05  2.7950005E-04 -2.048031557384720E-04  2.7948820E-04  8.198407337850263E-04  2.7952807E-04  5.207739982543541E-03          0
