   1.0.0 # v: lpa-xrd version
5.00e+13 # d: dislocation density [m^-2]
 1  1  0 # z: direction of 'l' (line vector) [uvw]
 1  1  0 # b: Burgers vector direction [uvw]
 2  0  0 # g: diffraction vector direction (hkl)
0.250000 # C: contrast coefficient [1]
0.404940 # a: cell parameter [nm]
    6400 # s: side of the region of interest [nm] PBC1
0.345000 # nu: Poisson's number [1]
    2048 # nd: number of dislocations in the input file
  200000 # np: number of random points
#    L                   cos1       err_cos1                   sin1       err_sin1                   cos2       err_cos2                   sin2       err_sin2                   cos3       err_cos3                   sin3       err_sin3                   cos4       err_cos4                   sin4       err_sin4                   cos5       err_cos5                   sin5       err_sin5                   eps2       nrpo
   5.0  9.925815510366430E-01  1.6615577E-05  5.712785995877992E-03  4.4537737E-05  9.739757425603955E-01  3.2092891E-05  1.123667014726495E-02  8.2474632E-05  9.461017854644210E-01  4.9354573E-05  1.639080392764098E-02  1.1634330E-04  9.104754165056945E-01  6.8140498E-05  2.104346402366154E-02  1.4623346E-04  8.684863699302505E-01  8.7933482E-05  2.511762750998008E-02  1.7221210E-04  2.635772667085358E-05          0
  10.0  9.732274152387844E-01  3.4501114E-05  1.120797019843412E-02  8.2883487E-05  9.096171046456838E-01  6.9546008E-05  2.102315482497299E-02  1.4641037E-04  8.208000049034101E-01  1.0883097E-04  2.850473613594076E-02  1.9447802E-04  7.171881078009082E-01  1.4799414E-04  3.330835565841164E-02  2.2826002E-04  6.080758558235109E-01  1.8336752E-04  3.550697920809733E-02  2.5023355E-04  2.420992486913473E-05          0
  15.0  9.441584190091821E-01  5.3441841E-05  1.633160540432387E-02  1.1701215E-04  8.195849178455241E-01  1.0997582E-04  2.847430241600915E-02  1.9464606E-04  6.617375340016107E-01  1.6691962E-04  3.464280557175143E-02  2.4060131E-04  5.002200523272493E-01  2.1296004E-04  3.538993271941766E-02  2.6357932E-04  3.556278147601146E-01  2.4429580E-04  3.226468045826519E-02  2.7342354E-04  2.288548469374670E-05          0
  20.0  9.069595401494707E-01  7.3391306E-05  2.092165644345441E-02  1.4713072E-04  7.145515931440232E-01  1.4969436E-04  3.315914616577565E-02  2.2848378E-04  4.991313241891597E-01  2.1334248E-04  3.526800911551204E-02  2.6362005E-04  3.125560435221463E-01  2.5183443E-04  3.073606617722139E-02  2.7511747E-04  1.767403521026984E-01  2.6994462E-04  2.372652216238712E-02  2.7815113E-04  2.194653261447863E-05          0
  25.0  8.630606763526271E-01  9.4101467E-05  2.489282726383267E-02  1.7326257E-04  6.041089664699570E-01  1.8517630E-04  3.523889353390561E-02  2.5047375E-04  3.538520801186064E-01  2.4471308E-04  3.217911040348782E-02  2.7344694E-04  1.761950351149069E-01  2.6998834E-04  2.367258867027054E-02  2.7817494E-04  7.504392506276426E-02  2.7754965E-04  1.543102438163520E-02  2.7906583E-04  2.124512962292360E-05          0
  30.0  8.140195969189932E-01  1.1490837E-04  2.819236426855728E-02  1.9550321E-04  4.961467200483428E-01  2.1435047E-04  3.510371460653328E-02  2.6374312E-04  2.364933459737555E-01  2.6307787E-04  2.721131628313871E-02  2.7715718E-04  8.983262689470126E-02  2.7677886E-04  1.692582126950150E-02  2.7897563E-04  2.701493374607072E-02  2.7918995E-04  9.134831575506847E-03  2.7930309E-04  2.066925655943132E-05          0
  35.0  7.612162346687518E-01  1.3529894E-04  3.078908864952172E-02  2.1409841E-04  3.962223420001783E-01  2.3671298E-04  3.321646806670275E-02  2.7121951E-04  1.492288343095104E-01  2.7253259E-04  2.186407411184623E-02  2.7847405E-04  4.131390113837154E-02  2.7884100E-04  1.140758844013883E-02  2.7924193E-04  8.040249472380762E-03  2.7938194E-04  4.447941486487581E-03  2.7945705E-04  2.017295499896737E-05          0
  40.0  7.059351288326741E-01  1.5488035E-04  3.268938098485505E-02  2.2932717E-04  3.080501034243019E-01  2.5274605E-04  3.033886377878223E-02  2.7517605E-04  8.897595551523114E-02  2.7683170E-04  1.690688993713761E-02  2.7897743E-04  1.704478880601392E-02  2.7930954E-04  6.939808562296780E-03  2.7939640E-04  1.885471516308065E-03  2.7939325E-04  1.418968644783282E-03  2.7951612E-04  1.974662315133797E-05          0
  45.0  6.494235004467328E-01  1.7323013E-04  3.389810587042815E-02  2.4157114E-04  2.332706445289657E-01  2.6355721E-04  2.692124802529212E-02  2.7719962E-04  5.011624117530965E-02  2.7856242E-04  1.262362221992890E-02  2.7920658E-04  6.157351125786509E-03  2.7937958E-04  3.561823825430519E-03  2.7948333E-04  3.760989631349590E-04  2.7936247E-04 -1.256716168961652E-04  2.7957432E-04  1.937152622045971E-05          0
  50.0  5.927616306810987E-01  1.9010154E-04  3.453154014616292E-02  2.5120773E-04  1.722092535615369E-01  2.7043285E-04  2.339924064422854E-02  2.7821474E-04  2.659821617349715E-02  2.7919108E-04  8.968873314018343E-03  2.7931802E-04  1.894121516448589E-03  2.7939944E-04  1.362534624734624E-03  2.7951114E-04  3.009698849000201E-04  2.7936095E-04 -3.709018715706402E-04  2.7959083E-04  1.903519278878739E-05          0
  55.0  5.369379391590227E-01  2.0528108E-04  3.461005113980904E-02  2.5866012E-04  1.239354878871896E-01  2.7458455E-04  1.989469574463354E-02  2.7872826E-04  1.318672343119822E-02  2.7935865E-04  5.977656453712613E-03  2.7941456E-04  5.451417667444246E-04  2.7938878E-04  8.018015779360870E-05  2.7954433E-04  4.522372630778580E-04  2.7939892E-04  2.186769463916657E-04  2.7956616E-04  1.872998402239750E-05          0
  60.0  4.826897185291899E-01  2.1871199E-04  3.419404176659891E-02  2.6431646E-04  8.694208120058350E-02  2.7695286E-04  1.672041963388901E-02  2.7900544E-04  6.094497469672274E-03  2.7935793E-04  3.477156598489923E-03  2.7950812E-04  2.341214300387783E-04  2.7935181E-04 -3.269932380631187E-04  2.7959504E-04  6.323152253882940E-04  2.7946231E-04  1.077318480165954E-03  2.7951703E-04  1.845369497485211E-05          0
  65.0  4.307918697532627E-01  2.3036327E-04  3.335995688268999E-02  2.6852437E-04  5.951555948563331E-02  2.7825936E-04  1.386434542251302E-02  2.7913976E-04  2.651250740636600E-03  2.7935382E-04  1.606944170633406E-03  2.7954978E-04  4.240936789765741E-04  2.7941542E-04 -2.382633893103250E-05  2.7954242E-04  2.761942105118990E-04  2.7946769E-04  1.513240884051375E-03  2.7952095E-04  1.819524622455873E-05          0
  70.0  3.816988573936738E-01  2.4029722E-04  3.223229627655200E-02  2.7161501E-04  3.968108633529413E-02  2.7893601E-04  1.118580827427820E-02  2.7922171E-04  1.104070267872112E-03  2.7936168E-04  4.229491626686285E-04  2.7956164E-04  6.097191986754521E-04  2.7943631E-04  5.753811347058246E-04  2.7953273E-04 -1.793404134055701E-04  2.7949149E-04  1.527143720593144E-03  2.7950121E-04  1.795687708998874E-05          0
  75.0  3.358389990921548E-01  2.4861546E-04  3.085915383623189E-02  2.7385551E-04  2.573536578814366E-02  2.7926160E-04  8.694943573837309E-03  2.7928298E-04  4.981392384973210E-04  2.7935522E-04 -1.211379397198934E-04  2.7958141E-04  6.706433231026778E-04  2.7947358E-04  1.114707395068750E-03  2.7950673E-04 -4.180235200282405E-04  2.7947827E-04  1.344163728178292E-03  2.7951615E-04  1.773456032267320E-05          0
  80.0  2.933870543075464E-01  2.5548000E-04  2.928649776063896E-02  2.7546672E-04  1.616526003821167E-02  2.7937247E-04  6.525283190789070E-03  2.7936360E-04  4.587468472409978E-04  2.7935811E-04 -1.929661198242149E-04  2.7958803E-04  3.979919770649056E-04  2.7951293E-04  1.554023124553897E-03  2.7947494E-04 -6.279570188993924E-04  2.7952546E-04  1.087406386550297E-03  2.7947002E-04  1.752619637647739E-05          0
  85.0  2.545246767848818E-01  2.6106250E-04  2.760359081876144E-02  2.7660184E-04  9.863280271556805E-03  2.7938516E-04  4.673581447248130E-03  2.7944470E-04  5.159586467001082E-04  2.7940465E-04 -4.715321516567491E-05  2.7954969E-04 -3.682131049023598E-06  2.7950895E-04  1.651454273933374E-03  2.7948275E-04 -6.301620157767394E-04  2.7951078E-04  8.555291114698761E-04  2.7948681E-04  1.733068529895975E-05          0
  90.0  2.192812936698470E-01  2.6553615E-04  2.586787787152651E-02  2.7739528E-04  5.860041431984117E-03  2.7939040E-04  3.135918385787221E-03  2.7948598E-04  5.975719182715505E-04  2.7941283E-04  3.414360915308135E-04  2.7954965E-04 -1.974423745814121E-04  2.7949190E-04  1.418532359188603E-03  2.7950212E-04 -6.583127871180681E-04  2.7950029E-04  4.558141313878282E-04  2.7950031E-04  1.714813475038957E-05          0
  95.0  1.876518251388502E-01  2.6906021E-04  2.406597915802187E-02  2.7795130E-04  3.399426176341393E-03  2.7940958E-04  1.910309070272564E-03  2.7949125E-04  6.016902181819068E-04  2.7944553E-04  7.624632616349727E-04  2.7952556E-04 -1.836106360292236E-04  2.7952279E-04  1.217582361323740E-03  2.7947222E-04 -6.709965676548362E-04  2.7950229E-04 -1.025563900768829E-04  2.7950054E-04  1.697483075645486E-05          0
 100.0  1.595098719797465E-01  2.7179752E-04  2.229593014078275E-02  2.7833803E-04  1.967238703743197E-03  2.7943352E-04  1.010396758367849E-03  2.7948318E-04  5.948831553266413E-04  2.7951032E-04  1.220390733426707E-03  2.7946914E-04 -9.670407966486479E-05  2.7956030E-04  1.125347208238761E-03  2.7943584E-04 -7.672489207344986E-04  2.7953742E-04 -6.871406246718460E-04  2.7946598E-04  1.681019740061774E-05          0
 105.0  1.347027940287294E-01  2.7389446E-04  2.055025056346600E-02  2.7860816E-04  1.198733193026877E-03  2.7944411E-04  3.353874802873322E-04  2.7948403E-04  4.737494782348448E-04  2.7956667E-04  1.450871913609984E-03  2.7941972E-04 -8.505391681170183E-05  2.7955760E-04  1.143463445517859E-03  2.7944017E-04 -7.834193742131826E-04  2.7955546E-04 -9.776089566635889E-04  2.7944815E-04  1.665335071782122E-05          0
 110.0  1.129285881444287E-01  2.7547668E-04  1.884356122152409E-02  2.7880461E-04  7.751102832644991E-04  2.7944617E-04 -8.472911959758045E-05  2.7948995E-04  4.315303827192542E-04  2.7958149E-04  1.516472868794142E-03  2.7940907E-04 -1.147538522692226E-04  2.7947648E-04  1.125069614640425E-03  2.7952316E-04 -6.003509128623833E-04  2.7958904E-04 -7.029636468113559E-04  2.7941600E-04  1.650392596628877E-05          0
 115.0  9.412859076827038E-02  2.7664826E-04  1.719354341418968E-02  2.7894493E-04  5.845732332715522E-04  2.7942170E-04 -2.775274083003574E-04  2.7952138E-04  4.111115294435638E-04  2.7955106E-04  1.504823037340994E-03  2.7944199E-04 -3.226159611338266E-04  2.7944666E-04  8.557068340954814E-04  2.7955450E-04 -3.262945775325435E-04  2.7955134E-04 -3.357431753932353E-04  2.7945613E-04  1.636174140773249E-05          0
 120.0  7.795195571387034E-02  2.7750238E-04  1.560476807250638E-02  2.7905246E-04  4.841832540618243E-04  2.7939625E-04 -3.009933171249242E-04  2.7955304E-04  3.172786888314786E-04  2.7950845E-04  1.353248114564431E-03  2.7948569E-04 -5.327614919021120E-04  2.7949585E-04  3.201150233694663E-04  2.7950618E-04  9.036991892949286E-06  2.7955601E-04 -2.078327381830274E-04  2.7945245E-04  1.622507392505741E-05          0
 125.0  6.408798590428817E-02  2.7811710E-04  1.408141045198405E-02  2.7913673E-04  4.242579036454685E-04  2.7941136E-04 -7.061155476819356E-05  2.7954301E-04  1.854959337591270E-04  2.7945413E-04  1.163414723038227E-03  2.7954011E-04 -4.457528663446532E-04  2.7954083E-04 -3.826130815114426E-04  2.7946136E-04  6.647119145394267E-05  2.7946852E-04 -4.055372961782617E-04  2.7953936E-04  1.609479967297847E-05          0
 130.0  5.233409065623805E-02  2.7854763E-04  1.266154554835204E-02  2.7920795E-04  3.537217155388355E-04  2.7941033E-04  2.818700613779194E-04  2.7954862E-04  5.389946712670775E-05  2.7949164E-04  1.060768701396808E-03  2.7950259E-04 -4.727754357051405E-04  2.7958808E-04 -7.689447964943697E-04  2.7941440E-04  7.229033887732824E-05  2.7943115E-04 -5.729126379395947E-04  2.7957656E-04  1.596910328118894E-05          0
 135.0  4.243254334809531E-02  2.7883826E-04  1.132584867922822E-02  2.7927470E-04  2.295506276227507E-04  2.7941957E-04  6.125354252172548E-04  2.7954407E-04 -5.217297565712260E-05  2.7954582E-04  9.999910669978341E-04  2.7944868E-04 -4.265396732110010E-04  2.7958390E-04 -6.466453585245978E-04  2.7941975E-04  4.350523133624257E-05  2.7949972E-04 -4.729323695901698E-04  2.7950821E-04  1.584763304697894E-05          0
 140.0  3.419787659743238E-02  2.7903594E-04  1.008664648577343E-02  2.7932889E-04  1.250230900558719E-04  2.7944970E-04  9.289781185948968E-04  2.7951869E-04 -2.026243573511413E-04  2.7954580E-04  8.873718189999472E-04  2.7944972E-04 -2.310959908958307E-04  2.7955713E-04 -2.671705906253444E-04  2.7944823E-04  2.245881345749596E-06  2.7950525E-04 -4.591722151641853E-04  2.7950322E-04  1.573073653979511E-05          0
 145.0  2.739677653826149E-02  2.7916876E-04  8.936175262759589E-03  2.7937181E-04  4.110692491819925E-05  2.7947841E-04  1.216924355620880E-03  2.7949473E-04 -3.392493004255020E-04  2.7949380E-04  8.669948566525649E-04  2.7950340E-04 -4.445315107201323E-05  2.7952825E-04  2.113991098734086E-05  2.7947865E-04 -1.032228534534770E-04  2.7948577E-04 -8.023289308993664E-04  2.7952333E-04  1.561772583841129E-05          0
 150.0  2.174923795775809E-02  2.7926420E-04  7.849902738371214E-03  2.7939949E-04  2.161881879007812E-05  2.7949726E-04  1.514555058517715E-03  2.7948038E-04 -4.400442140729010E-04  2.7947057E-04  7.531818261732796E-04  2.7952789E-04  7.245470296108487E-05  2.7952703E-04  2.853128900259642E-06  2.7948040E-04 -1.351701570306082E-04  2.7954415E-04 -1.081127502110706E-03  2.7946619E-04  1.550905317068135E-05          0
 155.0  1.711588780500892E-02  2.7933085E-04  6.866716202772178E-03  2.7941763E-04  2.881491076569160E-05  2.7950522E-04  1.701771021235268E-03  2.7947640E-04 -4.952721459709515E-04  2.7949303E-04  5.553595159099704E-04  2.7950596E-04  1.143252224291223E-04  2.7946376E-04 -1.509002544303342E-04  2.7954297E-04 -1.607787528330830E-04  2.7963196E-04 -1.110742195407389E-03  2.7937950E-04  1.540338309509904E-05          0
 160.0  1.337844318384201E-02  2.7938625E-04  5.921228049259217E-03  2.7942073E-04  1.138380260747404E-04  2.7950719E-04  1.719025943310541E-03  2.7947737E-04 -6.431015312673833E-04  2.7952314E-04  3.472840051964673E-04  2.7947552E-04  1.179423099993168E-04  2.7946562E-04 -3.982843031449623E-04  2.7954057E-04  8.405559330007067E-05  2.7957008E-04 -1.086660754428814E-03  2.7944189E-04  1.530157510154393E-05          0
 165.0  1.039728352005237E-02  2.7943708E-04  5.032128736018969E-03  2.7941023E-04  2.709406677165147E-04  2.7952329E-04  1.626507448697023E-03  2.7946385E-04 -8.232041131696864E-04  2.7953680E-04  4.104478602109677E-05  2.7946187E-04  2.245117941482677E-04  2.7952059E-04 -6.767095007513955E-04  2.7948551E-04  1.237210570684557E-04  2.7951412E-04 -1.130363498750525E-03  2.7949740E-04  1.520287730573246E-05          0
 170.0  8.050081550623717E-03  2.7948256E-04  4.196663493247247E-03  2.7939331E-04  4.556280807401551E-04  2.7954937E-04  1.439332816308297E-03  2.7943961E-04 -8.826071855896229E-04  2.7956321E-04 -3.559375546937934E-04  2.7943611E-04  4.053075925384284E-04  2.7950844E-04 -7.607130588741783E-04  2.7949828E-04 -1.781554002367223E-05  2.7953554E-04 -1.186578547115465E-03  2.7947552E-04  1.510696686488059E-05          0
 175.0  6.142111010376892E-03  2.7951875E-04  3.418392158282100E-03  2.7937705E-04  6.182588195213858E-04  2.7953985E-04  1.216104180097754E-03  2.7945044E-04 -9.460490804231048E-04  2.7955907E-04 -6.604900409018063E-04  2.7944133E-04  3.340436727374829E-04  2.7949614E-04 -5.874258378625020E-04  2.7951089E-04 -1.407413845398299E-04  2.7951007E-04 -1.243516668862066E-03  2.7950130E-04  1.501376465289336E-05          0
 180.0  4.639502092358558E-03  2.7955531E-04  2.712229424277113E-03  2.7935428E-04  8.154732505230987E-04  2.7951299E-04  1.093007480108438E-03  2.7947780E-04 -9.982129528002808E-04  2.7953648E-04 -7.434496987400546E-04  2.7946531E-04  1.424599994092356E-04  2.7946963E-04 -6.223115115652159E-04  2.7953839E-04  2.963614144601763E-05  2.7950838E-04 -1.330779695835279E-03  2.7950345E-04  1.492308784832153E-05          0
 185.0  3.497634849686647E-03  2.7958029E-04  2.074721453042102E-03  2.7933945E-04  9.482499395018548E-04  2.7948535E-04  9.901419648799003E-04  2.7950571E-04 -1.013886403021086E-03  2.7953223E-04 -6.113332284859192E-04  2.7947112E-04 -5.421369615479371E-05  2.7950021E-04 -7.727286466146352E-04  2.7950878E-04  4.796661498129540E-05  2.7950597E-04 -1.188373544269858E-03  2.7950676E-04  1.483593256651184E-05          0
 190.0  2.636580903116666E-03  2.7957874E-04  1.491777823163933E-03  2.7934838E-04  9.034757903243063E-04  2.7948021E-04  8.425577836646004E-04  2.7951080E-04 -9.775589856104141E-04  2.7957608E-04 -4.482528782970314E-04  2.7942846E-04 -8.855644659826576E-05  2.7952721E-04 -7.806084722114708E-04  2.7948286E-04  1.534286430637782E-04  2.7948005E-04 -9.113024212629777E-04  2.7953312E-04  1.475051213937896E-05          0
 195.0  1.965714759215064E-03  2.7956481E-04  9.981034452603832E-04  2.7936770E-04  7.786472801956099E-04  2.7948069E-04  7.283739747488517E-04  2.7951036E-04 -9.465936799358406E-04  2.7961562E-04 -3.273452158828442E-04  2.7938934E-04 -8.488293229723077E-05  2.7955691E-04 -8.338886208597429E-04  2.7945399E-04  2.970309614179400E-04  2.7941916E-04 -6.806459742635605E-04  2.7959395E-04  1.466698765660446E-05          0
 200.0  1.485314131396557E-03  2.7954941E-04  5.829021661408350E-04  2.7938730E-04  6.487852158760976E-04  2.7947716E-04  6.068252470480344E-04  2.7951427E-04 -8.419522259658075E-04  2.7958217E-04 -3.097746121497470E-04  2.7942353E-04 -1.151584523510014E-04  2.7949554E-04 -6.273707128291669E-04  2.7951570E-04  5.123888820081710E-04  2.7940467E-04 -4.018685120876214E-04  2.7960806E-04  1.458592443390431E-05          0
 205.0  1.135442934970257E-03  2.7953736E-04  2.526613748831292E-04  2.7940221E-04  5.484403615740210E-04  2.7946289E-04  5.547817996376389E-04  2.7952936E-04 -6.756678358726315E-04  2.7951969E-04 -2.371293452384642E-04  2.7948665E-04 -2.279633026248547E-04  2.7946480E-04 -6.011680473074224E-04  2.7954629E-04  6.526331609102282E-04  2.7947405E-04 -1.181334267419619E-04  2.7953852E-04  1.450669035835828E-05          0
 210.0  8.598082920689789E-04  2.7953465E-04 -2.851959320521668E-05  2.7940728E-04  5.177781947914189E-04  2.7945899E-04  6.015333835271192E-04  2.7953453E-04 -4.467791373754766E-04  2.7948831E-04 -9.494829622939396E-05  2.7951816E-04 -2.694215577441923E-04  2.7950078E-04 -6.082041065879840E-04  2.7950983E-04  4.543205475946818E-04  2.7948950E-04  1.892494481397230E-04  2.7952326E-04  1.442905573319710E-05          0
 215.0  6.697434607315709E-04  2.7952695E-04 -2.395776841873793E-04  2.7941642E-04  4.567126513261999E-04  2.7949075E-04  6.463867153828532E-04  2.7950476E-04 -2.702749706626682E-04  2.7949843E-04  1.635874876402551E-04  2.7950765E-04 -5.697978692115499E-05  2.7948562E-04 -6.509726506995557E-04  2.7952476E-04  1.263034052279996E-04  2.7942975E-04 -5.819150858395526E-05  2.7958347E-04  1.435334168822994E-05          0
 220.0  5.145668768581365E-04  2.7951188E-04 -3.869457103391001E-04  2.7943241E-04  3.450288854560853E-04  2.7950831E-04  6.180253033971953E-04  2.7948845E-04 -1.119611866760032E-04  2.7955200E-04  3.017046535288835E-04  2.7945378E-04  5.764355877878716E-05  2.7944660E-04 -5.504185373127930E-04  2.7956394E-04 -2.442615355259336E-04  2.7949205E-04 -2.118108532376938E-04  2.7952162E-04  1.427962103350725E-05          0
 225.0  4.095139667129577E-04  2.7948032E-04 -4.944615976318045E-04  2.7946429E-04  1.181009953124888E-04  2.7951951E-04  5.681911858397754E-04  2.7947735E-04 -5.207027263053575E-05  2.7956638E-04  3.256948247102746E-04  2.7943944E-04  1.311902239701127E-04  2.7950441E-04 -4.055490210012045E-04  2.7950662E-04 -1.245443155835562E-04  2.7958131E-04  1.485988520113113E-05  2.7943286E-04  1.420726983163089E-05          0
 230.0  3.340643363194524E-04  2.7945723E-04 -5.442692279646052E-04  2.7948685E-04 -4.573713558130391E-05  2.7952326E-04  5.469823342703444E-04  2.7947314E-04 -1.806347509995124E-05  2.7952404E-04  2.756849231174696E-04  2.7948196E-04  1.533238213274141E-04  2.7955965E-04 -3.759472291535073E-04  2.7945206E-04  1.008440296471474E-04  2.7958322E-04 -1.135055424740614E-05  2.7943102E-04  1.413671395097966E-05          0
 235.0  2.807568560860296E-04  2.7942979E-04 -5.207496731777249E-04  2.7951310E-04 -2.363897972870152E-04  2.7949742E-04  3.744676616263029E-04  2.7949824E-04 -7.771265452029651E-05  2.7946765E-04  1.473765413158595E-04  2.7953923E-04 -3.372292503741963E-05  2.7952051E-04 -4.296662473942260E-04  2.7949198E-04  2.926459528510991E-04  2.7952360E-04  1.117337016218833E-04  2.7949038E-04  1.406826436759908E-05          0
 240.0  2.122071471628755E-04  2.7939745E-04 -4.397539328010535E-04  2.7954444E-04 -4.634877073019653E-04  2.7947212E-04  1.960493266753593E-04  2.7952243E-04 -1.450721763251567E-04  2.7946212E-04 -1.031184871762080E-05  2.7954595E-04 -2.144629875772789E-04  2.7948919E-04 -4.987978046549670E-04  2.7952391E-04  3.515512207776450E-04  2.7949544E-04  1.401354155877919E-05  2.7951860E-04  1.400055528167306E-05          0
 245.0  1.746368925318015E-04  2.7935901E-04 -3.879245293068566E-04  2.7958148E-04 -7.309674756166168E-04  2.7949120E-04  1.999839022195205E-05  2.7950215E-04 -3.155529719708076E-04  2.7948032E-04 -2.492182998782640E-04  2.7952907E-04 -7.548351555535304E-05  2.7943043E-04 -5.173194250389164E-04  2.7958297E-04  2.605036840748490E-04  2.7955934E-04 -6.356955328292756E-05  2.7945453E-04  1.393457058342914E-05          0
 250.0  1.094973893719004E-04  2.7931894E-04 -2.715496867237313E-04  2.7961996E-04 -1.011616982240228E-03  2.7950550E-04 -2.487990402347474E-04  2.7948663E-04 -4.687523131838869E-04  2.7954554E-04 -4.279971941568170E-04  2.7946492E-04  3.353309183106294E-05  2.7942233E-04 -5.451434466627141E-04  2.7959148E-04  3.406363887161920E-04  2.7961847E-04  5.870760602975878E-05  2.7939510E-04  1.386983796422413E-05          0
 255.0  6.326927369364351E-05  2.7928098E-04 -1.722574577544451E-04  2.7965652E-04 -1.278147676016221E-03  2.7953474E-04 -4.639552208950332E-04  2.7945614E-04 -5.508633858441152E-04  2.7958550E-04 -5.841907347760289E-04  2.7942550E-04  2.521392237557891E-04  2.7944770E-04 -5.221586513412950E-04  2.7956611E-04  6.901634983334093E-04  2.7956810E-04  4.993393205597053E-04  2.7944536E-04  1.380662089364722E-05          0
 260.0  1.545601242499037E-05  2.7925511E-04 -8.793059293589673E-05  2.7968146E-04 -1.459815927623235E-03  2.7955128E-04 -6.926385310639866E-04  2.7943836E-04 -5.901579375839507E-04  2.7962173E-04 -6.792545557050445E-04  2.7938958E-04  3.803880210133204E-04  2.7949241E-04 -2.890388297713901E-04  2.7952067E-04  1.035451056230433E-03  2.7956042E-04  8.676009342547540E-04  2.7945272E-04  1.374439205546301E-05          0
 265.0 -6.930986942717204E-05  2.7923119E-04 -1.547224968991381E-05  2.7970447E-04 -1.627078907062859E-03  2.7955590E-04 -8.536805197787368E-04  2.7943323E-04 -5.772579134597159E-04  2.7961320E-04 -8.649033759954790E-04  2.7939795E-04  4.219356675570679E-04  2.7948383E-04  8.966432365111459E-05  2.7952840E-04  1.113017931447624E-03  2.7955572E-04  9.076104937879902E-04  2.7945682E-04  1.368337125743960E-05          0
 270.0 -1.184239497547226E-04  2.7922659E-04  4.824000335102509E-05  2.7970890E-04 -1.659382534033672E-03  2.7954051E-04 -9.564736213677314E-04  2.7944913E-04 -5.733894046189918E-04  2.7954781E-04 -1.164847070879918E-03  2.7946257E-04  3.152271433445739E-04  2.7950431E-04  5.434750696815001E-04  2.7950740E-04  1.248122954459822E-03  2.7953806E-04  6.044163702982828E-04  2.7947439E-04  1.362324374262162E-05          0
 275.0 -1.703391341106480E-04  2.7923304E-04  1.300965635424756E-04  2.7970332E-04 -1.616621847409370E-03  2.7951893E-04 -1.011380778931072E-03  2.7947199E-04 -5.740909633926307E-04  2.7946609E-04 -1.473475483723728E-03  2.7954337E-04  1.577724165699826E-04  2.7951615E-04  7.341854201122382E-04  2.7949539E-04  1.322789953625253E-03  2.7947561E-04  8.406299300035003E-05  2.7953763E-04  1.356427942908819E-05          0
 280.0 -2.337099698890744E-04  2.7924521E-04  1.725041759692951E-04  2.7969212E-04 -1.533523766730446E-03  2.7952293E-04 -1.031839085693402E-03  2.7947002E-04 -4.561414927010655E-04  2.7941214E-04 -1.618426193947699E-03  2.7959669E-04  1.790081186411369E-04  2.7947599E-04  7.855425012273548E-04  2.7953505E-04  1.188149952222142E-03  2.7942448E-04 -4.785148518864158E-04  2.7958936E-04  1.350624662736983E-05          0
 285.0 -3.490498708168601E-04  2.7927091E-04  1.946007914451438E-04  2.7966840E-04 -1.358634354777958E-03  2.7954317E-04 -9.458521111488110E-04  2.7945172E-04 -2.558583941866488E-04  2.7939468E-04 -1.444192647763509E-03  2.7961379E-04  3.161173648354362E-04  2.7946993E-04  7.745762665758492E-04  2.7954068E-04  1.069607175488375E-03  2.7948129E-04 -9.327978665455734E-04  2.7953221E-04  1.344925041284225E-05          0
 290.0 -4.381944478862254E-04  2.7930123E-04  1.931963347423616E-04  2.7964038E-04 -1.151998409989753E-03  2.7957374E-04 -8.658813790815298E-04  2.7942318E-04 -1.606385930348404E-04  2.7939242E-04 -1.244830145895969E-03  2.7961621E-04  5.265739176957775E-04  2.7950618E-04  6.613089894848330E-04  2.7950494E-04  9.758775577224634E-04  2.7952588E-04 -9.806175037773198E-04  2.7948739E-04  1.339333738733730E-05          0
 295.0 -5.317400363169976E-04  2.7932169E-04  1.615591184048394E-04  2.7962195E-04 -1.014043700451012E-03  2.7959563E-04 -7.196738966637622E-04  2.7940263E-04 -1.533905867772595E-04  2.7944246E-04 -9.497915711979909E-04  2.7956657E-04  6.796900132939091E-04  2.7954325E-04  4.897526060292127E-04  2.7946870E-04  8.101071650368476E-04  2.7953246E-04 -8.508705981798114E-04  2.7948124E-04  1.333856940858123E-05          0
 300.0 -6.151069117081684E-04  2.7934989E-04  1.392411688537510E-04  2.7959578E-04 -8.204133513524469E-04  2.7960387E-04 -4.952397897699625E-04  2.7939515E-04 -8.869422913138997E-05  2.7947296E-04 -6.539519665260951E-04  2.7953644E-04  7.379999297734755E-04  2.7959280E-04  4.065395765441927E-04  2.7941994E-04  6.266444492288979E-04  2.7959800E-04 -6.217198308320763E-04  2.7941638E-04  1.328477183898987E-05          0
 305.0 -6.294900435538628E-04  2.7938129E-04  1.325842207090112E-04  2.7956660E-04 -6.057899537722101E-04  2.7962269E-04 -2.996185929695327E-04  2.7937693E-04 -1.125409707234925E-04  2.7946402E-04 -5.062547264481458E-04  2.7954537E-04  8.742615285143709E-04  2.7957326E-04  3.754785417391308E-04  2.7944016E-04  6.854026902751664E-04  2.7967306E-04 -2.728431774210745E-04  2.7934131E-04  1.323184872117698E-05          0
 310.0 -6.339042244971225E-04  2.7939875E-04  1.351838557684688E-04  2.7955179E-04 -4.931700253916642E-04  2.7961609E-04 -7.863784812279801E-05  2.7938343E-04 -1.832976319621619E-04  2.7941661E-04 -5.760967210771194E-04  2.7959241E-04  8.300693203152816E-04  2.7948657E-04  9.033519054007770E-05  2.7952685E-04  6.711097512526358E-04  2.7958640E-04 -1.657461271346743E-04  2.7942761E-04  1.318035659327584E-05          0
 315.0 -6.384898962712411E-04  2.7940612E-04  1.118382522086624E-04  2.7954693E-04 -4.518854839728599E-04  2.7961499E-04  1.994164299922717E-04  2.7938453E-04 -8.947691268256476E-05  2.7940246E-04 -8.857883982138215E-04  2.7960589E-04  8.253941182828791E-04  2.7943771E-04 -1.664261561101836E-04  2.7957588E-04  7.156279564599023E-04  2.7944365E-04 -4.198550672069901E-04  2.7956965E-04  1.312886897485379E-05          0
 320.0 -6.867531423718606E-04  2.7941041E-04  7.742610092611980E-05  2.7954456E-04 -4.290749589828557E-04  2.7961533E-04  3.630017810855414E-04  2.7938408E-04  4.683330178942099E-05  2.7942474E-04 -1.166171814789533E-03  2.7958372E-04  8.315418237001731E-04  2.7940164E-04 -2.468144805023432E-04  2.7961223E-04  7.366851957149798E-04  2.7948357E-04 -4.563955192159050E-04  2.7952956E-04  1.307853061562733E-05          0
 325.0 -7.174067121698603E-04  2.7943427E-04  3.715554567509290E-05  2.7952257E-04 -2.652667651361433E-04  2.7963571E-04  5.001162910615957E-04  2.7936357E-04  1.732812577130200E-04  2.7948497E-04 -1.485753850475697E-03  2.7952371E-04  9.800327670497289E-04  2.7939223E-04 -2.695411117334968E-05  2.7962116E-04  4.898650227232153E-04  2.7954607E-04 -3.194746208084397E-04  2.7946750E-04  1.302902547886264E-05          0
 330.0 -7.349013532381685E-04  2.7945588E-04 -4.394968282409181E-05  2.7950300E-04 -1.173927887528566E-04  2.7966487E-04  5.681793784081533E-04  2.7933422E-04  2.684845511587570E-04  2.7951677E-04 -1.687361272588661E-03  2.7949161E-04  1.190581586995229E-03  2.7944147E-04  3.940393011007101E-04  2.7957130E-04  1.022773513242309E-04  2.7955396E-04 -4.933157388330604E-05  2.7945989E-04  1.297968897886016E-05          0
 335.0 -7.197399395968236E-04  2.7947220E-04 -1.018205337896407E-04  2.7948885E-04 -6.946045139486324E-06  2.7967888E-04  5.764499489845999E-04  2.7932042E-04  2.588846035636341E-04  2.7951763E-04 -1.755694791516341E-03  2.7949060E-04  1.289648746623365E-03  2.7945772E-04  6.315153697460313E-04  2.7955429E-04  2.618019307431280E-05  2.7952851E-04  9.156209282177888E-05  2.7948555E-04  1.293162510486127E-05          0
 340.0 -7.156508521370330E-04  2.7948448E-04 -1.617780965637565E-04  2.7947850E-04  7.432603125532342E-05  2.7967275E-04  5.164697186833492E-04  2.7932690E-04  1.817712981100346E-04  2.7954123E-04 -1.557399308555506E-03  2.7946764E-04  1.242690677298713E-03  2.7946500E-04  6.732119656070132E-04  2.7954651E-04  2.933072662712375E-05  2.7951152E-04  1.104154019602469E-04  2.7950287E-04  1.288409519096740E-05          0
 345.0 -6.866543483327310E-04  2.7949994E-04 -2.038066053393024E-04  2.7946457E-04  1.794984472195277E-04  2.7964884E-04  4.764752946286314E-04  2.7935157E-04  7.076511992570175E-05  2.7959202E-04 -1.266786428261490E-03  2.7941743E-04  1.067002646335268E-03  2.7950334E-04  4.390631364145853E-04  2.7950752E-04  5.219531399104256E-05  2.7950589E-04 -3.734733786456404E-06  2.7950873E-04  1.283720048582653E-05          0
 350.0 -6.661243392549476E-04  2.7951316E-04 -2.481899253102998E-04  2.7945260E-04  2.686424690916711E-04  2.7960966E-04  2.827990008877794E-04  2.7939167E-04 -7.907194468707588E-05  2.7964320E-04 -9.546485419757698E-04  2.7936666E-04  7.813579933401683E-04  2.7955786E-04 -7.342442636676730E-05  2.7945298E-04 -1.099732045312482E-04  2.7953905E-04 -1.166626593053244E-04  2.7947532E-04  1.279122460503260E-05          0
 355.0 -6.381058557536077E-04  2.7954207E-04 -3.148766742865073E-04  2.7942459E-04  4.699084858024927E-04  2.7961145E-04  9.877760826534858E-05  2.7939021E-04 -2.968106976268422E-04  2.7965351E-04 -6.383430217661993E-04  2.7935683E-04  7.921545622078549E-04  2.7953556E-04 -5.533873550605589E-04  2.7947492E-04 -3.601303306039687E-04  2.7954302E-04 -1.362440180604989E-04  2.7947073E-04  1.274577122465221E-05          0
 360.0 -6.600103899244722E-04  2.7956395E-04 -3.667489370043776E-04  2.7940314E-04  6.211160346370525E-04  2.7962501E-04 -7.096163468963586E-05  2.7937645E-04 -4.558323221177429E-04  2.7968512E-04 -3.121839229996916E-04  2.7932557E-04  8.892272580474146E-04  2.7949923E-04 -8.677716542895921E-04  2.7951118E-04 -2.582819149855349E-04  2.7958457E-04  8.287646477757320E-05  2.7942908E-04  1.270105375934193E-05          0
 365.0 -6.505813378016218E-04  2.7957485E-04 -4.218125673247837E-04  2.7939229E-04  6.938092338439451E-04  2.7963269E-04 -1.427839540933446E-04  2.7936792E-04 -5.733239481533928E-04  2.7966882E-04 -2.101712497144649E-05  2.7934210E-04  9.474954640881990E-04  2.7945399E-04 -9.273946881032451E-04  2.7955657E-04 -1.474112920459580E-04  2.7952432E-04  3.803351264048989E-04  2.7948996E-04  1.265654976800766E-05          0
 370.0 -6.200760539590529E-04  2.7957227E-04 -4.735127526991689E-04  2.7939471E-04  6.691510186263436E-04  2.7960794E-04 -1.699379004604368E-04  2.7939142E-04 -6.603082888687204E-04  2.7961295E-04 -4.162301924035176E-05  2.7939804E-04  7.742555179972525E-04  2.7947579E-04 -9.106174649716727E-04  2.7953519E-04 -1.618923157891497E-04  2.7942993E-04  4.788608902773163E-04  2.7958508E-04  1.261309998297999E-05          0
 375.0 -5.992991227757102E-04  2.7956812E-04 -5.319637420337525E-04  2.7939831E-04  6.332316032002367E-04  2.7957844E-04 -1.308064884687793E-04  2.7941961E-04 -5.330847577084214E-04  2.7953290E-04 -1.612472556438946E-04  2.7947805E-04  5.674958381134541E-04  2.7947057E-04 -8.828520807969925E-04  2.7954040E-04 -1.876972435487492E-04  2.7945197E-04  5.118678414398365E-04  2.7956284E-04  1.256996460130690E-05          0
 380.0 -5.817910429943614E-04  2.7955996E-04 -5.376910569215525E-04  2.7940578E-04  5.698798780830162E-04  2.7952425E-04 -4.531711622898078E-05  2.7947280E-04 -2.967638373755164E-04  2.7949083E-04 -1.141809872158319E-04  2.7952009E-04  1.823617932877965E-04  2.7950217E-04 -8.349530732459461E-04  2.7950878E-04 -2.368136752593656E-04  2.7951300E-04  3.372131673756052E-04  2.7950129E-04  1.252748238972261E-05          0
 385.0 -5.236885155448371E-04  2.7955016E-04 -5.757296963926281E-04  2.7941503E-04  4.958488897246041E-04  2.7949245E-04  1.101070518080197E-04  2.7950459E-04 -7.705209218531583E-05  2.7945743E-04 -1.976897456588988E-04  2.7955349E-04 -4.606556783819587E-05  2.7952279E-04 -5.825158849423876E-04  2.7948889E-04 -4.120719804472021E-04  2.7949398E-04  2.268122010531023E-04  2.7951952E-04  1.248588302226701E-05          0
 390.0 -4.930920566169661E-04  2.7953837E-04 -6.115894242071243E-04  2.7942620E-04  4.079615918677931E-04  2.7945969E-04  3.174896754379334E-04  2.7953803E-04  2.071995568384090E-04  2.7941805E-04 -3.219161886016916E-04  2.7959277E-04 -2.831532357805012E-04  2.7950604E-04 -2.342001017694949E-04  2.7950652E-04 -5.552564625497851E-04  2.7950463E-04  4.220894392274553E-05  2.7950923E-04  1.244479512164852E-05          0
 395.0 -4.084468992531776E-04  2.7951548E-04 -6.807226639833706E-04  2.7944857E-04  2.401765348485561E-04  2.7944387E-04  5.040417962194956E-04  2.7955483E-04  4.301406373637791E-04  2.7940476E-04 -3.432142833247214E-04  2.7960614E-04 -4.001499771366254E-04  2.7949638E-04  5.462912857407038E-05  2.7951636E-04 -5.226706744549153E-04  2.7950519E-04 -1.847171850392540E-04  2.7950921E-04  1.240409973044462E-05          0
 400.0 -3.198998758900129E-04  2.7949268E-04 -7.249664397070984E-04  2.7947132E-04  7.269713919300346E-05  2.7944084E-04  6.786192009367431E-04  2.7955916E-04  4.742830384397065E-04  2.7944302E-04 -3.385160823501914E-04  2.7956794E-04 -4.270116291471557E-04  2.7949422E-04  1.932388695108170E-04  2.7951868E-04 -3.480208139117189E-04  2.7946870E-04 -1.642129022537262E-04  2.7954579E-04  1.236405959075831E-05          0
 405.0 -2.061498022140321E-04  2.7946430E-04 -7.392143350535500E-04  2.7949971E-04 -1.334488454869117E-04  2.7943139E-04  8.555327184989859E-04  2.7956995E-04  3.904205018102816E-04  2.7949043E-04 -1.380014247465629E-04  2.7952013E-04 -4.986643241596183E-04  2.7949245E-04  3.233725622394781E-04  2.7951995E-04 -1.190656892779337E-04  2.7947951E-04 -9.555742849219072E-05  2.7953474E-04  1.232434872987021E-05          0
 410.0 -8.574982839220754E-05  2.7943124E-04 -7.191457549676216E-04  2.7953326E-04 -3.741196972215341E-04  2.7945362E-04  1.053427042652115E-03  2.7954919E-04  1.361003317162916E-04  2.7954342E-04 -9.348310666797863E-05  2.7946655E-04 -3.431716482385860E-04  2.7953170E-04  5.406599698276686E-04  2.7948056E-04  2.716196474202124E-04  2.7946012E-04 -1.315604159009342E-04  2.7955336E-04  1.228525918549239E-05          0
 415.0  9.643777114301500E-06  2.7940143E-04 -6.931384647712739E-04  2.7956355E-04 -5.893466075283398E-04  2.7946350E-04  1.148969755306019E-03  2.7954039E-04 -1.068658991721660E-05  2.7958077E-04 -1.028084924992909E-04  2.7942885E-04 -2.738192620961196E-04  2.7951929E-04  6.185193451985543E-04  2.7949322E-04  2.197000783492384E-04  2.7948028E-04 -4.242358328731650E-04  2.7953302E-04  1.224649657582300E-05          0
 420.0  1.611641312519804E-04  2.7936557E-04 -6.440431728667561E-04  2.7960010E-04 -8.471254220187367E-04  2.7947501E-04  1.276396554412804E-03  2.7952919E-04 -7.273245953774334E-05  2.7955033E-04 -1.630716812094860E-04  2.7945946E-04 -1.913976288851360E-04  2.7947701E-04  7.017574191185417E-04  2.7953595E-04 -1.279220358594668E-04  2.7953962E-04 -5.578728215719121E-04  2.7947418E-04  1.220818733731714E-05          0
 425.0  3.103125161992629E-04  2.7932071E-04 -5.584562219328533E-04  2.7964590E-04 -1.168340807639259E-03  2.7948404E-04  1.295060161298774E-03  2.7952010E-04 -3.020668987461367E-05  2.7951597E-04 -2.613450939186475E-04  2.7949408E-04 -1.256281016110772E-04  2.7947003E-04  7.399802415202113E-04  2.7954325E-04 -4.967376694128902E-04  2.7957657E-04 -4.160511522802485E-04  2.7943748E-04  1.217069674413919E-05          0
 430.0  4.670014992559782E-04  2.7927992E-04 -4.172679071724710E-04  2.7968784E-04 -1.461270659519755E-03  2.7946364E-04  1.289168260919328E-03  2.7954030E-04  2.883394223108423E-05  2.7950390E-04 -3.937671306752019E-04  2.7950633E-04 -2.701795052405903E-04  2.7949087E-04  7.886242992224669E-04  2.7952275E-04 -6.775748780455229E-04  2.7951668E-04 -1.538239129728684E-04  2.7949743E-04  1.213351578585838E-05          0
 435.0  6.752149626403940E-04  2.7924868E-04 -3.140049499097070E-04  2.7972028E-04 -1.684970591152497E-03  2.7943734E-04  1.227386965086488E-03  2.7956609E-04  5.051000820136875E-05  2.7953944E-04 -5.634473325195162E-04  2.7947083E-04 -4.554403393088066E-04  2.7949262E-04  6.661610354079148E-04  2.7952095E-04 -8.805203013052833E-04  2.7948389E-04  1.424441428389039E-04  2.7953072E-04  1.209675335758110E-05          0
 440.0  8.735373706344419E-04  2.7922794E-04 -2.182474000497644E-04  2.7974235E-04 -1.834616498356267E-03  2.7941838E-04  1.099783832436994E-03  2.7958445E-04 -1.978680452103016E-06  2.7955642E-04 -7.120198996398376E-04  2.7945382E-04 -5.864077248878219E-04  2.7945178E-04  6.378110059288280E-04  2.7956163E-04 -9.384949981481617E-04  2.7945341E-04  2.433274107359970E-04  2.7956100E-04  1.206054118596752E-05          0
 445.0  1.078257554787538E-03  2.7922169E-04 -1.105095193391909E-04  2.7974994E-04 -1.881505229719023E-03  2.7941074E-04  9.732519296571174E-04  2.7959141E-04 -1.762001739377209E-04  2.7956685E-04 -7.178757698481417E-04  2.7944335E-04 -6.350387221088860E-04  2.7941623E-04  3.133318283617333E-04  2.7959733E-04 -8.187920668736784E-04  2.7950271E-04  3.326481963856510E-04  2.7951148E-04  1.202485714427962E-05          0
 450.0  1.261674200559820E-03  2.7922179E-04 -5.940673499538760E-07  2.7975108E-04 -1.884145691685380E-03  2.7943998E-04  8.081512849998405E-04  2.7956183E-04 -4.078104070556621E-04  2.7959092E-04 -6.433328939285158E-04  2.7941915E-04 -4.216297137390723E-04  2.7944574E-04  1.962967319225568E-04  2.7956787E-04 -5.446877021830129E-04  2.7950619E-04  4.726069880863673E-04  2.7950771E-04  1.198917606710116E-05          0
 455.0  1.418323704696539E-03  2.7922235E-04  7.081011850141748E-05  2.7975146E-04 -1.882813024064817E-03  2.7950350E-04  5.001115342816448E-04  2.7949795E-04 -5.644468670981268E-04  2.7955381E-04 -6.020145353010536E-04  2.7945593E-04  3.575893840357763E-05  2.7946821E-04  2.303680548440306E-04  2.7954552E-04 -4.117507020212302E-04  2.7946498E-04  5.340783989940966E-04  2.7954910E-04  1.195408245350683E-05          0
 460.0  1.522154818716727E-03  2.7924033E-04  1.443593094439713E-04  2.7973481E-04 -1.760134005867071E-03  2.7955306E-04  1.711311588931516E-04  2.7944812E-04 -7.417674903511442E-04  2.7950566E-04 -5.031589810298887E-04  2.7950421E-04  3.908943340647546E-04  2.7954941E-04  1.694959419016759E-04  2.7946435E-04 -3.560134233027075E-04  2.7949330E-04  4.446362830968276E-04  2.7952156E-04  1.191935431820679E-05          0
 465.0  1.623515519301199E-03  2.7926345E-04  1.424250431804934E-04  2.7971271E-04 -1.600552857585252E-03  2.7954985E-04 -1.731667858543381E-04  2.7945068E-04 -9.133653751228516E-04  2.7950053E-04 -2.924388952687266E-04  2.7950952E-04  3.688562089719175E-04  2.7959653E-04  2.343872444529563E-04  2.7941696E-04 -2.418608944856529E-04  2.7948278E-04  4.210613959059669E-04  2.7953315E-04  1.188483610475158E-05          0
 470.0  1.668508224918048E-03  2.7927642E-04  9.350277992059593E-05  2.7970042E-04 -1.513009205869452E-03  2.7951927E-04 -5.544543149883241E-04  2.7948081E-04 -9.802761296398917E-04  2.7955006E-04  3.215641093424739E-05  2.7946050E-04  1.485763476650686E-04  2.7960274E-04  1.719515613764615E-04  2.7941025E-04  4.876276848888034E-05  2.7946543E-04  3.537419464442695E-04  2.7955079E-04  1.185072297384538E-05          0
 475.0  1.718705157133629E-03  2.7928237E-04 -8.594936604305891E-06  2.7969478E-04 -1.475530310743590E-03  2.7950658E-04 -8.843709262254459E-04  2.7949362E-04 -9.954801502568462E-04  2.7958165E-04  4.564926430668869E-04  2.7942941E-04  5.401845209048045E-05  2.7958028E-04  1.532682169081994E-04  2.7943243E-04  1.815564556679251E-04  2.7949002E-04  2.469711369911279E-04  2.7952623E-04  1.181700505024274E-05          0
 480.0  1.775919174459940E-03  2.7928252E-04 -1.566888775401694E-04  2.7969446E-04 -1.478311579028726E-03  2.7949494E-04 -1.155124736559977E-03  2.7950567E-04 -1.013260637874622E-03  2.7958175E-04  9.057602243528674E-04  2.7942949E-04 -3.330715012831469E-05  2.7955473E-04  7.489344164128726E-05  2.7945830E-04  4.468331101356368E-04  2.7949544E-04 -4.054746808553040E-05  2.7952046E-04  1.178347102347219E-05          0
 485.0  1.770674365790949E-03  2.7928616E-04 -3.120716214331070E-04  2.7969039E-04 -1.454184546879418E-03  2.7950274E-04 -1.428397835700086E-03  2.7949825E-04 -9.578057109788802E-04  2.7959077E-04  1.273257605078414E-03  2.7942033E-04  1.837920969631369E-05  2.7949881E-04  1.283242410711962E-04  2.7951465E-04  5.796708635570105E-04  2.7949790E-04 -2.469539804163427E-04  2.7951783E-04  1.175075179852799E-05          0
 490.0  1.776293801992164E-03  2.7928816E-04 -5.107669248796704E-04  2.7968755E-04 -1.440995719416999E-03  2.7955271E-04 -1.688481654036698E-03  2.7944827E-04 -8.459214850714349E-04  2.7960654E-04  1.516741229518843E-03  2.7940400E-04  3.738659126788859E-04  2.7946810E-04  4.376329139317042E-04  2.7954571E-04  6.602084836563767E-04  2.7952167E-04 -4.801101990468911E-04  2.7949393E-04  1.171827113414467E-05          0
 495.0  1.797253769805531E-03  2.7929076E-04 -7.559580589811179E-04  2.7968358E-04 -1.421125381905881E-03  2.7959036E-04 -1.853277179815403E-03  2.7941096E-04 -7.150722657438259E-04  2.7961562E-04  1.482504806791694E-03  2.7939453E-04  6.399249049153016E-04  2.7945765E-04  6.331464484347275E-04  2.7955621E-04  6.986511209230088E-04  2.7952064E-04 -3.347048000549698E-04  2.7949447E-04  1.168586429145969E-05          0
 500.0  1.807363359091959E-03  2.7929973E-04 -9.941442783214858E-04  2.7967308E-04 -1.355245181247313E-03  2.7958437E-04 -1.842786537550327E-03  2.7941740E-04 -7.378590514306588E-04  2.7962231E-04  1.224630238884529E-03  2.7938799E-04  5.932514926457015E-04  2.7949041E-04  6.123277540160634E-04  2.7952359E-04  7.718152896973597E-04  2.7952002E-04 -9.384715695601257E-05  2.7949437E-04  1.165393284953811E-05          0
 505.0  1.779402621333283E-03  2.7932067E-04 -1.198238724434894E-03  2.7965053E-04 -1.203196385820320E-03  2.7951707E-04 -1.696623911236560E-03  2.7948526E-04 -8.124722525675142E-04  2.7963488E-04  8.953046939461288E-04  2.7937562E-04  1.074004177395016E-04  2.7955321E-04  6.041709595031557E-04  2.7946131E-04  4.919356979304623E-04  2.7951167E-04  1.502869614217154E-04  2.7950319E-04  1.162253080072081E-05          0
 510.0  1.798693917925453E-03  2.7935012E-04 -1.390423188010490E-03  2.7961964E-04 -9.891533620413684E-04  2.7944448E-04 -1.526561986094210E-03  2.7955820E-04 -8.819213933526971E-04  2.7964998E-04  5.392489671741813E-04  2.7936090E-04 -4.162593848211943E-04  2.7951808E-04  5.858612828616844E-04  2.7949628E-04  2.665088510279974E-04  2.7951984E-04  2.499199280379390E-04  2.7949552E-04  1.159158595852536E-05          0
 515.0  1.782047520337236E-03  2.7938568E-04 -1.606727752246761E-03  2.7958252E-04 -7.313867605749446E-04  2.7936312E-04 -1.361662713277824E-03  2.7964014E-04 -9.300420054424368E-04  2.7968357E-04  1.995748527066097E-04  2.7932719E-04 -1.002904853222576E-03  2.7946418E-04  4.612763231027047E-04  2.7954937E-04  9.212414481274693E-05  2.7960345E-04  3.559989635422122E-04  2.7941234E-04  1.156078935608266E-05          0
 520.0  1.767080677603222E-03  2.7943594E-04 -1.799892182012844E-03  2.7953080E-04 -3.684191534287878E-04  2.7929498E-04 -1.178615956949525E-03  2.7970840E-04 -9.422375172255804E-04  2.7969030E-04 -1.038641447727211E-04  2.7932042E-04 -1.492238165814857E-03  2.7944930E-04  4.064531625977604E-04  2.7956331E-04 -8.979422927706902E-05  2.7956939E-04  2.686122017272330E-04  2.7944661E-04  1.153009860448362E-05          0
 525.0  1.755159983239406E-03  2.7947703E-04 -1.934637466734268E-03  2.7948834E-04 -7.139600017171263E-05  2.7926806E-04 -8.425039204366813E-04  2.7973554E-04 -9.463893993860189E-04  2.7963994E-04 -2.424587484625271E-04  2.7937103E-04 -1.684811185556712E-03  2.7950941E-04  4.117545318768552E-04  2.7950270E-04 -1.811459084423555E-04  2.7954289E-04 -3.138957557680727E-06  2.7947296E-04  1.149952575232564E-05          0
 530.0  1.750312054182376E-03  2.7951038E-04 -2.017727376922118E-03  2.7945389E-04  1.690640708034090E-04  2.7928011E-04 -5.164968960652312E-04  2.7972379E-04 -8.678523509394671E-04  2.7960625E-04 -3.245265428470671E-04  2.7940523E-04 -1.598312390890317E-03  2.7959096E-04  3.764182560860844E-04  2.7942084E-04 -2.061528190366788E-05  2.7950061E-04 -2.658705711616129E-04  2.7951474E-04  1.146949380014256E-05          0
 535.0  1.713545392173341E-03  2.7953410E-04 -2.089238244773365E-03  2.7942953E-04  3.399624756712127E-04  2.7929971E-04 -2.170352224057503E-04  2.7970443E-04 -8.283777291488317E-04  2.7960151E-04 -3.155184991428493E-04  2.7941052E-04 -1.456079951684986E-03  2.7957067E-04  3.248155758646563E-04  2.7944102E-04  2.193411865376421E-04  2.7954829E-04 -2.340101744516958E-04  2.7946659E-04  1.143948458163731E-05          0
 540.0  1.681200896861365E-03  2.7955896E-04 -2.141660795170667E-03  2.7940424E-04  5.188354190816186E-04  2.7932173E-04  6.837935124264100E-05  2.7968239E-04 -8.039178361352465E-04  2.7959864E-04 -3.169507604454057E-04  2.7941352E-04 -1.295787299580045E-03  2.7952247E-04  2.702137243778603E-04  2.7948925E-04  3.322549359524599E-04  2.7953192E-04 -6.201094533797721E-05  2.7948283E-04  1.140985100289792E-05          0
 545.0  1.619592355525132E-03  2.7958375E-04 -2.156405851880241E-03  2.7937953E-04  6.962562539521131E-04  2.7934706E-04  2.856085513655260E-04  2.7965721E-04 -7.315414534617222E-04  2.7957174E-04 -4.266687531088655E-04  2.7944043E-04 -1.113263744674781E-03  2.7943902E-04  8.190850288230438E-05  2.7957278E-04  5.558316724376281E-04  2.7952688E-04  2.900584243437652E-05  2.7948772E-04  1.138024614364787E-05          0
 550.0  1.510880261484204E-03  2.7959639E-04 -2.156182816192865E-03  2.7936710E-04  7.862947556463948E-04  2.7937708E-04  5.266493058688471E-04  2.7962749E-04 -6.740305565261679E-04  2.7956175E-04 -3.951671952987956E-04  2.7945012E-04 -8.970473591868152E-04  2.7939770E-04 -2.301005277846037E-04  2.7961399E-04  6.861191884555726E-04  2.7954085E-04  1.474412754730892E-04  2.7947395E-04  1.135143085980762E-05          0
 555.0  1.374319745348934E-03  2.7961052E-04 -2.072062966185268E-03  2.7935375E-04  8.860475015378222E-04  2.7941436E-04  7.588358082944004E-04  2.7959039E-04 -7.126112642938102E-04  2.7949914E-04 -3.225399124676751E-04  2.7951265E-04 -6.284711579863346E-04  2.7941543E-04 -3.802746222888859E-04  2.7959632E-04  6.069219539140532E-04  2.7956778E-04  1.163484247542199E-04  2.7944676E-04  1.132267985096304E-05          0
 560.0  1.178807068546407E-03  2.7962106E-04 -1.973066442397688E-03  2.7934411E-04  9.591791388666676E-04  2.7946700E-04  9.608861205437126E-04  2.7953753E-04 -6.819812626502626E-04  2.7949586E-04 -2.296141360388292E-04  2.7951610E-04 -2.496122906520554E-04  2.7943856E-04 -4.613897530870204E-04  2.7957327E-04  5.692334617672841E-04  2.7953993E-04 -1.782506794123839E-04  2.7947467E-04  1.129419133982990E-05          0
 565.0  1.020536923009127E-03  2.7963705E-04 -1.814363293724682E-03  2.7932937E-04  1.070565685434816E-03  2.7948908E-04  1.120242986539287E-03  2.7951521E-04 -7.237507300974452E-04  2.7952993E-04 -1.346630645441472E-04  2.7948188E-04 -8.961646890918260E-05  2.7943745E-04 -4.634071845940254E-04  2.7957462E-04  4.171619107810654E-04  2.7958023E-04 -3.459774453182941E-04  2.7943470E-04  1.126602754014156E-05          0
 570.0  8.669132928837422E-04  2.7965752E-04 -1.655663964034177E-03  2.7931010E-04  1.214518921365091E-03  2.7947492E-04  1.283324370209642E-03  2.7952892E-04 -8.105651565912678E-04  2.7954810E-04 -1.227339777199355E-04  2.7946314E-04 -1.877177018170288E-04  2.7948014E-04 -3.001642854218347E-04  2.7953259E-04  3.031371072396038E-04  2.7953713E-04 -3.771625473148628E-04  2.7947795E-04  1.123770928654093E-05          0
 575.0  6.582128619420499E-04  2.7966681E-04 -1.463690631281925E-03  2.7930275E-04  1.276464802572347E-03  2.7948288E-04  1.397871321183014E-03  2.7952075E-04 -9.473550674285037E-04  2.7954055E-04 -9.596272778108697E-05  2.7947036E-04 -1.304445997634795E-04  2.7950828E-04 -1.585695757253786E-04  2.7950546E-04  2.597089446909415E-04  2.7951944E-04 -1.608763818338348E-04  2.7949562E-04  1.120986796952357E-05          0
 580.0  4.574445937328248E-04  2.7968069E-04 -1.284001875576909E-03  2.7929081E-04  1.371134914408509E-03  2.7950467E-04  1.460821491260440E-03  2.7949919E-04 -1.077133903904775E-03  2.7954642E-04 -1.170196867002864E-04  2.7946407E-04  2.317256213642138E-05  2.7952133E-04  9.221797143323923E-06  2.7949303E-04  2.342799073090056E-04  2.7953732E-04  1.636418718222776E-04  2.7947769E-04  1.118246024003448E-05          0
 585.0  2.505976665908363E-04  2.7967969E-04 -1.136262475840726E-03  2.7929359E-04  1.359179904947336E-03  2.7953235E-04  1.481147661950881E-03  2.7947208E-04 -1.076331263211833E-03  2.7953738E-04 -1.991515158580116E-04  2.7947291E-04  2.179029139803763E-04  2.7949196E-04  2.729242797003824E-04  2.7952222E-04  2.101457305670568E-04  2.7954147E-04  2.474526824594207E-04  2.7947373E-04  1.115533356455895E-05          0
 590.0  7.363447493857250E-05  2.7967631E-04 -9.960089924833651E-04  2.7929880E-04  1.330829612715113E-03  2.7954167E-04  1.432485537793733E-03  2.7946329E-04 -1.026742010707548E-03  2.7955891E-04 -2.368343771638670E-04  2.7945146E-04  2.816849311402884E-04  2.7947315E-04  3.786475981680819E-04  2.7954030E-04  1.107650271612106E-04  2.7949118E-04  1.079399477220794E-04  2.7952400E-04  1.112791225372024E-05          0
 595.0 -1.230102241312296E-04  2.7966976E-04 -8.488235384708516E-04  2.7930708E-04  1.280556198395069E-03  2.7953864E-04  1.394940223924623E-03  2.7946690E-04 -8.903450265250734E-04  2.7955539E-04 -2.491312489217920E-04  2.7945531E-04  2.574620129379178E-04  2.7950129E-04  4.401855835616354E-04  2.7951133E-04 -3.471676907662400E-05  2.7948087E-04 -3.147321693630050E-05  2.7953390E-04  1.110113324135962E-05          0
 600.0 -2.931653853584977E-04  2.7965542E-04 -7.456985719360707E-04  2.7932292E-04  1.174803740255505E-03  2.7953839E-04  1.339151357952944E-03  2.7946761E-04 -7.085286875879654E-04  2.7953881E-04 -2.110476630456348E-04  2.7947229E-04  2.543540873517978E-04  2.7958186E-04  4.566359313848696E-04  2.7943016E-04 -1.974487216667089E-04  2.7950085E-04 -1.277942822310212E-04  2.7951366E-04  1.107450976515545E-05          0
 605.0 -4.495743782480355E-04  2.7962919E-04 -6.743234432269858E-04  2.7935044E-04  9.853435998731842E-04  2.7953882E-04  1.185649020156437E-03  2.7946771E-04 -5.177477036467915E-04  2.7951488E-04 -1.687408830764170E-04  2.7949666E-04  2.569263484678130E-04  2.7957999E-04  4.963582932762358E-04  2.7943215E-04 -2.571665463921847E-04  2.7951296E-04 -2.286257348841277E-04  2.7950133E-04  1.104815904707742E-05          0
 610.0 -5.542652445983839E-04  2.7960836E-04 -5.803019383890987E-04  2.7937228E-04  8.349056421693384E-04  2.7953243E-04  1.075618113319225E-03  2.7947388E-04 -3.355704512445225E-04  2.7948361E-04 -8.607812297068753E-05  2.7952838E-04  2.141927018771039E-04  2.7953938E-04  6.091941123022756E-04  2.7947336E-04 -1.600922593713231E-04  2.7949936E-04 -3.855480833571167E-04  2.7951451E-04  1.102210082003859E-05          0
 615.0 -6.208265108500589E-04  2.7958718E-04 -5.325535863135538E-04  2.7939425E-04  6.828983307666578E-04  2.7953794E-04  9.438367620991453E-04  2.7946791E-04 -9.685481896386328E-05  2.7950077E-04 -4.724949172083241E-05  2.7951146E-04  2.571993956129039E-04  2.7950056E-04  7.480460920375537E-04  2.7951263E-04  8.993209146275720E-05  2.7948438E-04 -4.675947604862538E-04  2.7952942E-04  1.099570889588413E-05          0
 620.0 -6.960419123911271E-04  2.7956361E-04 -5.231309508598375E-04  2.7941856E-04  5.133936617099609E-04  2.7954784E-04  7.333534902451309E-04  2.7945726E-04  1.455862894978656E-04  2.7952078E-04  1.633621261165772E-04  2.7949124E-04  3.322684373778205E-04  2.7945692E-04  9.139014885089985E-04  2.7955638E-04  1.863963531963495E-04  2.7954483E-04 -5.039772430936318E-04  2.7946896E-04  1.096968243959474E-05          0
 625.0 -7.216572042295665E-04  2.7955131E-04 -5.941661750230648E-04  2.7943137E-04  4.246410812456241E-04  2.7953916E-04  5.280494118573996E-04  2.7946501E-04  2.564337190252262E-04  2.7953910E-04  3.390435711867868E-04  2.7947268E-04  2.742513064860574E-04  2.7946710E-04  9.613155668247020E-04  2.7954622E-04  1.178450504284787E-04  2.7952772E-04 -3.139864714688213E-04  2.7948680E-04  1.094409208155820E-05          0
 630.0 -7.259371747774927E-04  2.7954300E-04 -6.230437136835693E-04  2.7944036E-04  3.637433810344469E-04  2.7950752E-04  2.970691319731921E-04  2.7949596E-04  3.405039767630329E-04  2.7953517E-04  4.404831920026306E-04  2.7947661E-04  5.115726931964648E-05  2.7947569E-04  8.442903017329793E-04  2.7953803E-04 -3.872079716282040E-06  2.7951683E-04  6.453561381349542E-06  2.7949761E-04  1.091879868372950E-05          0
 635.0 -6.870995924415826E-04  2.7954543E-04 -6.756016281417915E-04  2.7943842E-04  3.798922452240110E-04  2.7948611E-04  1.352439927212152E-04  2.7951690E-04  5.769889279203383E-04  2.7953354E-04  3.984446891218065E-04  2.7947845E-04 -1.004010163666052E-04  2.7947949E-04  7.118890671891302E-04  2.7953489E-04  9.950329756327354E-05  2.7951141E-04  1.445894813468005E-04  2.7950303E-04  1.089379550221414E-05          0
