   1.0.0 # v: lpa-xrd version
5.00e+13 # d: dislocation density [m^-2]
 1  1  0 # z: direction of 'l' (line vector) [uvw]
 1  1  0 # b: Burgers vector direction [uvw]
 2  0  0 # g: diffraction vector direction (hkl)
0.250000 # C: contrast coefficient [1]
0.404940 # a: cell parameter [nm]
    6400 # s: side of the region of interest [nm] PBC1
0.345000 # nu: Poisson's number [1]
    2048 # nd: number of dislocations in the input file
  200000 # np: number of random points
#    L                   cos1       err_cos1                   sin1       err_sin1                   cos2       err_cos2                   sin2       err_sin2                   cos3       err_cos3                   sin3       err_sin3                   cos4       err_cos4                   sin4       err_sin4                   cos5       err_cos5                   sin5       err_sin5                   eps2       nrpo
   5.0  9.924375203073017E-01  1.6661046E-05  6.415806712679624E-03  4.4981448E-05  9.734224484647521E-01  3.2254080E-05  1.257176281675991E-02  8.3346823E-05  9.449085147250929E-01  4.9632240E-05  1.828971106391238E-02  1.1761212E-04  9.084506986081737E-01  6.8583164E-05  2.341788201382340E-02  1.4783525E-04  8.654648808554599E-01  8.8651671E-05  2.784330540568112E-02  1.7404001E-04  2.683574208513520E-05          0
  10.0  9.726530968851309E-01  3.4752624E-05  1.256512146205263E-02  8.3748040E-05  9.075988651454441E-01  6.9910718E-05  2.336892127032900E-02  1.4803654E-04  8.165693067583901E-01  1.0997086E-04  3.149744225869840E-02  1.9642577E-04  7.105100166158927E-01  1.4985585E-04  3.652270275260227E-02  2.3013779E-04  5.991693530955292E-01  1.8572557E-04  3.858198281616456E-02  2.5171890E-04  2.471932338868750E-05          0
  15.0  9.428940439290890E-01  5.3834400E-05  1.823369391834427E-02  1.1830223E-04  8.153410917140849E-01  1.1111989E-04  3.147881718069407E-02  1.9658841E-04  6.539031556801641E-01  1.6901466E-04  3.789878850333695E-02  2.4232171E-04  4.896047327784917E-01  2.1561869E-04  3.797400336460048E-02  2.6444236E-04  3.437042453992852E-01  2.4687263E-04  3.378180340490052E-02  2.7341844E-04  2.338521496725360E-05          0
  20.0  9.047777891489467E-01  7.4062012E-05  2.332260060866833E-02  1.4873693E-04  7.079070935479452E-01  1.5148154E-04  3.648385416235167E-02  2.3035496E-04  4.884187876760382E-01  2.1601412E-04  3.793204362489200E-02  2.6448372E-04  3.006323043440388E-01  2.5421278E-04  3.170072016995243E-02  2.7494236E-04  1.666811114552586E-01  2.7117569E-04  2.297341311363264E-02  2.7786177E-04  2.245731283861008E-05          0
  25.0  8.598664704232987E-01  9.4959429E-05  2.768508267259370E-02  1.7509696E-04  5.951892065430305E-01  1.8750407E-04  3.847142864237612E-02  2.5193964E-04  3.418717228587526E-01  2.4723534E-04  3.363465181546475E-02  2.7348856E-04  1.661372552564719E-01  2.7124307E-04  2.285875603274273E-02  2.7786271E-04  7.019951615839173E-02  2.7782610E-04  1.335507152620379E-02  2.7897401E-04  2.172999906354887E-05          0
  30.0  8.096773284995716E-01  1.1602365E-04  3.127075146695343E-02  1.9747383E-04  4.853636153029117E-01  2.1699872E-04  3.782505163278187E-02  2.6461210E-04  2.251340316036688E-01  2.6488304E-04  2.721277263481083E-02  2.7685476E-04  8.380363822912240E-02  2.7717695E-04  1.490853877845443E-02  2.7885587E-04  2.715982934840380E-02  2.7913009E-04  7.043975101929071E-03  2.7939022E-04  2.113345667344657E-05          0
  35.0  7.556509321346239E-01  1.3673156E-04  3.403980591369763E-02  2.1608444E-04  3.843685856237427E-01  2.3934338E-04  3.527604801037746E-02  2.7150015E-04  1.401828033803428E-01  2.7350796E-04  2.055776933986625E-02  2.7821082E-04  3.962296839686916E-02  2.7886252E-04  9.072820079475699E-03  2.7928032E-04  1.054159473469236E-02  2.7935075E-04  3.623473277107086E-03  2.7951568E-04  2.063176452599442E-05          0
  40.0  6.991176610719808E-01  1.5664021E-04  3.598960992615288E-02  2.3123045E-04  2.959664651509053E-01  2.5504631E-04  3.146206421812468E-02  2.7506469E-04  8.313317842236721E-02  2.7722015E-04  1.476666372972765E-02  2.7886040E-04  1.831877019002140E-02  2.7923026E-04  5.280650930989729E-03  2.7949918E-04  4.375163815113445E-03  2.7948060E-04  1.568055091213690E-03  2.7946097E-04  2.020487601551523E-05          0
  45.0  6.413783276679511E-01  1.7530399E-04  3.715648995334614E-02  2.4329166E-04  2.218563589930742E-01  2.6532029E-04  2.709221832189487E-02  2.7692638E-04  4.743366914439161E-02  2.7866165E-04  1.015637085149024E-02  2.7919463E-04  8.617118221147940E-03  2.7937661E-04  2.850509568157304E-03  2.7951553E-04  1.935942656575130E-03  2.7950359E-04 -5.038360078547403E-05  2.7946253E-04  1.982831423043674E-05          0
  50.0  5.835854770866691E-01  1.9239964E-04  3.762561640146185E-02  2.5269610E-04  1.620746109940841E-01  2.7164207E-04  2.263280458293214E-02  2.7794097E-04  2.659412199787843E-02  2.7913677E-04  6.766069768284432E-03  2.7940170E-04  4.261966568785578E-03  2.7948080E-04  1.286273026744738E-03  2.7946176E-04  9.139160413359766E-04  2.7948542E-04 -7.290646611322426E-04  2.7948921E-04  1.948829088601061E-05          0
  55.0  5.267373166932438E-01  2.0776257E-04  3.744227272146496E-02  2.5985876E-04  1.156767367176749E-01  2.7530806E-04  1.841756411913992E-02  2.7853464E-04  1.488812094470686E-02  2.7928832E-04  4.337441440663125E-03  2.7950863E-04  2.192384681574922E-03  2.7952662E-04  1.249924146352885E-04  2.7943525E-04  2.407412840288309E-04  2.7951398E-04 -8.400737162103321E-04  2.7946161E-04  1.917896695108503E-05          0
  60.0  4.716756614813448E-01  2.2126594E-04  3.669075390900021E-02  2.6522129E-04  8.075142253949520E-02  2.7735566E-04  1.464291300086521E-02  2.7887879E-04  8.490634943929345E-03  2.7934965E-04  2.666203828442995E-03  2.7954674E-04  1.258944392805094E-03  2.7948307E-04 -6.361772909468366E-04  2.7948916E-04 -2.104771244962255E-04  2.7945770E-04 -5.361198401794928E-04  2.7951984E-04  1.889820295460637E-05          0
  65.0  4.191054288539087E-01  2.3291381E-04  3.548242385796204E-02  2.6915290E-04  5.534653154550960E-02  2.7842119E-04  1.136910621389341E-02  2.7911208E-04  5.017212428365989E-03  2.7940850E-04  1.470145248015381E-03  2.7952894E-04  6.244978376261068E-04  2.7950450E-04 -9.486190667865080E-04  2.7947105E-04 -5.055585760039128E-04  2.7950626E-04 -3.675436457275140E-04  2.7947585E-04  1.864154950014554E-05          0
  70.0  3.695386881865168E-01  2.4277927E-04  3.389356268921310E-02  2.7198583E-04  3.743730177910871E-02  2.7898109E-04  8.708037155175111E-03  2.7923779E-04  3.130000516182909E-03  2.7946336E-04  4.610883640358937E-04  2.7949324E-04  4.099215801437162E-04  2.7953654E-04 -8.969572749296437E-04  2.7943767E-04 -5.662369249214928E-04  2.7956067E-04 -5.148047370377614E-04  2.7942831E-04  1.840284796383952E-05          0
  75.0  3.234080864348126E-01  2.5097678E-04  3.199316651002929E-02  2.7400050E-04  2.518146821242437E-02  2.7923427E-04  6.502440407482402E-03  2.7934200E-04  1.964618668104850E-03  2.7945636E-04 -4.094568792634770E-04  2.7951090E-04  1.279177069716397E-04  2.7953384E-04 -6.372305756957821E-04  2.7944227E-04 -3.864573056678747E-04  2.7957527E-04 -9.957618036006951E-04  2.7941833E-04  1.818088494926913E-05          0
  80.0  2.809597895013101E-01  2.5765782E-04  2.986872366242039E-02  2.7542930E-04  1.696383536176891E-02  2.7933026E-04  4.789937503346000E-03  2.7943000E-04  1.237794806088889E-03  2.7944395E-04 -8.536427695905492E-04  2.7952909E-04 -1.890487686546500E-04  2.7955181E-04 -3.461292840900211E-04  2.7942924E-04 -1.258025142236654E-04  2.7956293E-04 -1.405097754524650E-03  2.7943306E-04  1.797228180281135E-05          0
  85.0  2.423252496369828E-01  2.6299853E-04  2.765615669223217E-02  2.7645243E-04  1.147975762342333E-02  2.7935179E-04  3.522233361743724E-03  2.7950398E-04  8.015245169519093E-04  2.7947244E-04 -9.593776519032488E-04  2.7950286E-04 -5.155008153022815E-04  2.7957239E-04 -4.168226644959436E-04  2.7941483E-04 -1.893368938487096E-05  2.7955912E-04 -1.547598622508555E-03  2.7943884E-04  1.777737386960893E-05          0
  90.0  2.075489357678641E-01  2.6719675E-04  2.538241867163454E-02  2.7718560E-04  7.881586357629016E-03  2.7938939E-04  2.444781217748176E-03  2.7951611E-04  4.808612901990330E-04  2.7952358E-04 -9.243384605418933E-04  2.7945206E-04 -4.740419757764204E-04  2.7957867E-04 -7.594054063370545E-04  2.7941330E-04 -3.108095197621924E-04  2.7960007E-04 -1.321038932453984E-03  2.7939901E-04  1.759358915097699E-05          0
  95.0  1.765273287285221E-01  2.7043618E-04  2.309192297805588E-02  2.7773093E-04  5.440825224075299E-03  2.7942577E-04  1.516731764092872E-03  2.7950730E-04  1.768798767352132E-04  2.7952707E-04 -6.543910431045553E-04  2.7944909E-04 -3.258032941427039E-04  2.7956385E-04 -1.307647650171530E-03  2.7943086E-04 -5.391650754838457E-04  2.7960647E-04 -7.452678659174282E-04  2.7939285E-04  1.741990738480368E-05          0
 100.0  1.491515062475483E-01  2.7290590E-04  2.083117697050257E-02  2.7813052E-04  3.844630494353815E-03  2.7946687E-04  7.821674977738334E-04  2.7948194E-04 -1.648458337309567E-04  2.7949461E-04 -3.994500252790373E-04  2.7948351E-04 -8.571382265976660E-05  2.7954886E-04 -1.777920377650877E-03  2.7944613E-04 -2.696809319950274E-04  2.7953799E-04  2.215037179668421E-04  2.7946218E-04  1.725528203448559E-05          0
 105.0  1.252110249433386E-01  2.7475042E-04  1.867264184457003E-02  2.7843807E-04  2.713670447649037E-03  2.7949673E-04  1.844279949521728E-04  2.7946255E-04 -4.500534015912104E-04  2.7949261E-04 -3.678673666829197E-04  2.7948878E-04  9.627482338315569E-05  2.7953327E-04 -2.010374325743626E-03  2.7946206E-04  3.068534124815557E-04  2.7942989E-04  1.089318936583573E-03  2.7957234E-04  1.709819454778990E-05          0
 110.0  1.044524788283967E-01  2.7611485E-04  1.664112876050671E-02  2.7867387E-04  1.923508233539853E-03  2.7950922E-04 -2.458136150832391E-04  2.7945748E-04 -7.752638280065703E-04  2.7952385E-04 -4.615565745945448E-04  2.7946154E-04  1.626090439469844E-04  2.7951190E-04 -1.724431669843059E-03  2.7948462E-04  5.439682094953183E-04  2.7938126E-04  1.335094393275813E-03  2.7962361E-04  1.694837066233210E-05          0
 115.0  8.662673138515969E-02  2.7711908E-04  1.472705664695732E-02  2.7884595E-04  1.437391788582701E-03  2.7950563E-04 -6.266430896644389E-04  2.7946628E-04 -8.726189774319069E-04  2.7955897E-04 -6.834698887442422E-04  2.7943013E-04  1.206154452913369E-04  2.7956885E-04 -1.047318646593038E-03  2.7942928E-04  3.574167203980971E-04  2.7946559E-04  1.345341936154396E-03  2.7954102E-04  1.680446404011131E-05          0
 120.0  7.143879230499046E-02  2.7784230E-04  1.293114209898274E-02  2.7898109E-04  1.083113629224973E-03  2.7952474E-04 -7.999544506929451E-04  2.7945035E-04 -7.730492401447233E-04  2.7955595E-04 -9.273691712388385E-04  2.7943635E-04  2.484993876267632E-04  2.7961290E-04 -4.288132576526654E-04  2.7938658E-04 -6.034677114718920E-05  2.7962729E-04  1.084111448974539E-03  2.7938106E-04  1.666845824190842E-05          0
 125.0  5.859547138709972E-02  2.7835637E-04  1.129363060819305E-02  2.7908806E-04  8.124123016939491E-04  2.7954923E-04 -8.421866084855024E-04  2.7942712E-04 -6.625702471700063E-04  2.7952609E-04 -1.338462400095894E-03  2.7946845E-04  4.210333706977604E-04  2.7958475E-04  1.787829780528736E-04  2.7941603E-04 -1.916633848828097E-04  2.7964949E-04  3.099576132607389E-04  2.7936019E-04  1.653689236366029E-05          0
 130.0  4.785484895900551E-02  2.7871992E-04  9.804183961718848E-03  2.7916815E-04  6.359205361549980E-04  2.7958645E-04 -7.534001401501562E-04  2.7939004E-04 -4.576660459383303E-04  2.7950798E-04 -1.731862840982739E-03  2.7948783E-04  6.928878752613884E-04  2.7951535E-04  9.164846397020589E-04  2.7948696E-04 -2.245662612843135E-05  2.7956973E-04 -5.688537569026711E-04  2.7944007E-04  1.641055543614391E-05          0
 135.0  3.893040945996841E-02  2.7896203E-04  8.500485803395101E-03  2.7924125E-04  4.313082676348837E-04  2.7960459E-04 -4.651429261435216E-04  2.7937168E-04 -1.675650286294209E-04  2.7945903E-04 -1.950700957572390E-03  2.7953689E-04  8.318011811070601E-04  2.7941723E-04  1.434952742152279E-03  2.7958670E-04  2.517579777186091E-04  2.7949145E-04 -9.750706150494452E-04  2.7951772E-04  1.628871233732065E-05          0
 140.0  3.154357004544159E-02  2.7911680E-04  7.297119617538875E-03  2.7930919E-04  1.956675190546685E-04  2.7958288E-04 -2.620257712760406E-04  2.7939373E-04  1.701330245656924E-05  2.7947749E-04 -1.933609452617304E-03  2.7951848E-04  6.836619335496364E-04  2.7944020E-04  1.575473365834406E-03  2.7956470E-04  4.609956806046898E-04  2.7951109E-04 -1.039886998062687E-03  2.7949789E-04  1.617207242157423E-05          0
 145.0  2.548211566270379E-02  2.7920790E-04  6.261645819557891E-03  2.7937456E-04 -7.094488741431607E-05  2.7951445E-04 -2.962144698288630E-05  2.7946324E-04  7.601002726471388E-05  2.7954511E-04 -1.807878153374372E-03  2.7945159E-04  1.963504698665823E-04  2.7953749E-04  1.417864630158323E-03  2.7946845E-04  5.351823106285548E-04  2.7956014E-04 -8.077729436546262E-04  2.7944965E-04  1.605887138954380E-05          0
 150.0  2.050992913902348E-02  2.7925644E-04  5.303860416648818E-03  2.7943655E-04 -3.508224567187905E-04  2.7946021E-04  1.299581896032342E-04  2.7951898E-04 -7.992624242971131E-06  2.7959588E-04 -1.578481816535439E-03  2.7940173E-04 -1.967145190617981E-04  2.7962779E-04  9.155060611622313E-04  2.7937972E-04  3.998027394038483E-04  2.7954935E-04 -4.214404565568153E-04  2.7946159E-04  1.595000893262455E-05          0
 155.0  1.651741420864231E-02  2.7927817E-04  4.434631689551852E-03  2.7949241E-04 -6.203109891146799E-04  2.7944063E-04  1.663970786567893E-04  2.7954036E-04 -4.243925077540529E-05  2.7961433E-04 -1.253303338199001E-03  2.7938385E-04 -3.507504409658252E-04  2.7960899E-04  2.267051439360961E-04  2.7939962E-04  6.445345806354460E-05  2.7950139E-04  1.890839780958271E-04  2.7950955E-04  1.584518171887121E-05          0
 160.0  1.326990752102923E-02  2.7929764E-04  3.662111770926196E-03  2.7952737E-04 -7.677256785248633E-04  2.7944081E-04  8.063120137387010E-05  2.7954171E-04 -1.734052135098909E-04  2.7963226E-04 -7.735338799411274E-04  2.7936692E-04 -3.646257707841293E-04  2.7954700E-04 -4.518645353643526E-04  2.7946203E-04 -1.603470906500814E-04  2.7950702E-04  6.173537731527623E-04  2.7950306E-04  1.574353924140326E-05          0
 165.0  1.068346441897587E-02  2.7930216E-04  2.989422627641316E-03  2.7956083E-04 -9.266912538373641E-04  2.7945620E-04 -1.926792929609268E-04  2.7952830E-04 -3.039318001475435E-04  2.7958601E-04 -2.833772272391555E-04  2.7941390E-04 -2.705179850296311E-04  2.7954333E-04 -8.639895917730832E-04  2.7946593E-04 -1.836588560768188E-04  2.7946841E-04  8.392724539115751E-04  2.7954161E-04  1.564475526299691E-05          0
 170.0  8.599382809299162E-03  2.7929901E-04  2.398191084617416E-03  2.7959083E-04 -1.080112057369358E-03  2.7947533E-04 -5.158367240348389E-04  2.7951148E-04 -3.776012317773707E-04  2.7951232E-04  2.193782345748931E-04  2.7948775E-04 -1.486302999268622E-04  2.7959368E-04 -1.075481249590082E-03  2.7941580E-04 -1.140469560178074E-04  2.7948124E-04  7.126364949224077E-04  2.7953023E-04  1.554899351605583E-05          0
 175.0  6.949078216221918E-03  2.7929767E-04  1.859043620239802E-03  2.7961136E-04 -1.179248509476636E-03  2.7949096E-04 -8.263530859380508E-04  2.7949790E-04 -3.623344521288981E-04  2.7942841E-04  5.856820893645338E-04  2.7957100E-04 -4.864146390219702E-05  2.7956099E-04 -1.026508384388842E-03  2.7944822E-04  8.788170537064371E-05  2.7943302E-04  4.050490291745823E-04  2.7957881E-04  1.545681608204606E-05          0
 180.0  5.658126924778930E-03  2.7928865E-04  1.340537621985004E-03  2.7963395E-04 -1.303324767431404E-03  2.7950838E-04 -1.128050733478916E-03  2.7948222E-04 -3.045807528349173E-04  2.7938901E-04  8.814776851722766E-04  2.7961035E-04  6.656947165550636E-05  2.7947048E-04 -7.389303784236179E-04  2.7953809E-04  7.236557861638879E-05  2.7946457E-04  2.492891606081063E-04  2.7954630E-04  1.536689697009194E-05          0
 185.0  4.593906216371955E-03  2.7928590E-04  9.024513352687082E-04  2.7964651E-04 -1.365054351878957E-03  2.7951106E-04 -1.509612225132652E-03  2.7948055E-04 -2.316299480274745E-04  2.7943039E-04  1.125704364363387E-03  2.7956991E-04  7.913627771027824E-05  2.7943187E-04 -4.349074269202373E-04  2.7957727E-04  2.003268245134769E-04  2.7951840E-04  4.308556087813072E-05  2.7949129E-04  1.527887079083225E-05          0
 190.0  3.735616953094107E-03  2.7929226E-04  5.054057148910904E-04  2.7964725E-04 -1.349092497848275E-03  2.7950900E-04 -1.810305717603465E-03  2.7948323E-04 -3.869495861556815E-04  2.7953530E-04  1.213000580920874E-03  2.7946683E-04  5.930179079341066E-05  2.7942968E-04 -4.848900573473242E-07  2.7958044E-04  3.918281658022989E-04  2.7956654E-04 -8.751323379775038E-05  2.7944309E-04  1.519365540706203E-05          0
 195.0  3.081537215568511E-03  2.7930997E-04  1.397234039886937E-04  2.7963460E-04 -1.242718415068485E-03  2.7952329E-04 -1.993472576901586E-03  2.7946884E-04 -5.825101316994308E-04  2.7962843E-04  1.132890938953787E-03  2.7937581E-04  1.573401301608087E-04  2.7942506E-04  4.791778267456972E-04  2.7958570E-04  5.982204741196357E-04  2.7957336E-04  2.511170615141759E-04  2.7943849E-04  1.511129320551190E-05          0
 200.0  2.554603800104980E-03  2.7933578E-04 -2.053782210870380E-04  2.7961278E-04 -1.072291139213981E-03  2.7953278E-04 -2.124368779000363E-03  2.7945856E-04 -8.768365740311458E-04  2.7964878E-04  8.968341123343074E-04  2.7935768E-04  2.237451827148248E-04  2.7942395E-04  7.430706145952105E-04  2.7958636E-04  7.322057246132721E-04  2.7957414E-04  7.659066149987008E-04  2.7943891E-04  1.503089089881875E-05          0
 205.0  2.124676569606074E-03  2.7936986E-04 -5.150426237327852E-04  2.7958161E-04 -8.396567351927577E-04  2.7955716E-04 -2.211280260256798E-03  2.7943341E-04 -1.151799542027010E-03  2.7962751E-04  6.076828045617384E-04  2.7938042E-04  3.972338749242898E-04  2.7941591E-04  8.851473658639280E-04  2.7959359E-04  3.799214934436326E-04  2.7959207E-04  8.150677956082810E-04  2.7942131E-04  1.495274997726536E-05          0
 210.0  1.796481448076974E-03  2.7939920E-04 -7.758823560813098E-04  2.7955450E-04 -6.364974913735175E-04  2.7956331E-04 -2.168539340348079E-03  2.7942718E-04 -1.299282200982761E-03  2.7957034E-04  1.417606008776132E-04  2.7943809E-04  4.417555703987312E-04  2.7939025E-04  7.829330787184148E-04  2.7961924E-04 -1.156331960124227E-04  2.7951892E-04  6.764229956996184E-04  2.7949367E-04  1.487612294780291E-05          0
 215.0  1.522674104930381E-03  2.7942152E-04 -9.597801801106985E-04  2.7953389E-04 -4.813598779792326E-04  2.7956393E-04 -2.140906755520183E-03  2.7942713E-04 -1.222114688599598E-03  2.7952619E-04 -1.748292592437164E-04  2.7948282E-04  4.467278389532782E-04  2.7936529E-04  5.829574921529807E-04  2.7964473E-04 -4.775629991453400E-04  2.7952170E-04  4.209599246171680E-04  2.7949043E-04  1.480098761268920E-05          0
 220.0  1.300816816592123E-03  2.7943955E-04 -1.110553073198094E-03  2.7951697E-04 -3.545211551944971E-04  2.7957764E-04 -2.097602685766694E-03  2.7941444E-04 -9.663288278575335E-04  2.7951324E-04 -4.010760297383813E-04  2.7949605E-04  5.459320069226967E-04  2.7937421E-04  2.656274723758328E-04  2.7963634E-04 -2.961497360632435E-04  2.7950141E-04  1.926379558376549E-04  2.7951174E-04  1.472769554038323E-05          0
 225.0  1.131405709588596E-03  2.7945453E-04 -1.220443239288693E-03  2.7950247E-04 -2.474680454485567E-04  2.7959444E-04 -1.972430151672073E-03  2.7939895E-04 -6.900441177427827E-04  2.7949885E-04 -4.980762224298359E-04  2.7951086E-04  6.663132828196054E-04  2.7941622E-04 -1.255937780801462E-04  2.7959472E-04  1.100044225539777E-04  2.7942665E-04  9.569225941131054E-05  2.7958745E-04  1.465627055131019E-05          0
 230.0  9.811369895908069E-04  2.7946525E-04 -1.232683189947463E-03  2.7949184E-04 -1.682325636091726E-04  2.7961796E-04 -1.855586925020974E-03  2.7937676E-04 -3.738097286997046E-04  2.7946228E-04 -4.272575947757933E-04  2.7954725E-04  8.340541113521628E-04  2.7950541E-04 -4.572828893031817E-04  2.7950602E-04  4.018303136654019E-04  2.7945478E-04  1.724027080844754E-04  2.7955861E-04  1.458659248703015E-05          0
 235.0  8.785443335385776E-04  2.7946682E-04 -1.196773278104624E-03  2.7948990E-04 -1.541629205303280E-04  2.7962351E-04 -1.664636971602896E-03  2.7937222E-04 -6.334318375595771E-05  2.7944671E-04 -3.420294932075675E-04  2.7956260E-04  8.733463817003612E-04  2.7958336E-04 -6.216589036300606E-04  2.7942846E-04  3.501346020182352E-04  2.7951635E-04  2.715660031487704E-04  2.7949545E-04  1.451856611522896E-05          0
 240.0  8.290789360926972E-04  2.7947719E-04 -1.167538162959654E-03  2.7947877E-04 -7.546001619736567E-05  2.7960834E-04 -1.518426815352142E-03  2.7938764E-04  2.538883309044007E-04  2.7944018E-04 -1.596695695413088E-04  2.7956826E-04  7.654087900940446E-04  2.7959679E-04 -4.339442665339855E-04  2.7941560E-04  7.423834812576423E-05  2.7952912E-04  4.237633699801702E-04  2.7948217E-04  1.445175236253335E-05          0
 245.0  7.382644236629398E-04  2.7948283E-04 -1.122712803414461E-03  2.7947190E-04 -2.883040282588596E-05  2.7957602E-04 -1.356521465180371E-03  2.7942048E-04  4.347303462505274E-04  2.7948069E-04  6.193265679070979E-05  2.7952679E-04  5.350244023272240E-04  2.7958121E-04 -1.525542257542919E-04  2.7943178E-04 -2.631192858941716E-05  2.7956711E-04  6.560409985373836E-04  2.7944457E-04  1.438655647296439E-05          0
 250.0  6.455895611674857E-04  2.7948272E-04 -1.005881618706291E-03  2.7947005E-04 -2.103078383186905E-05  2.7955268E-04 -1.146829289303570E-03  2.7944375E-04  5.517088108177275E-04  2.7953009E-04  2.469213467024879E-04  2.7947691E-04  3.704254127165643E-04  2.7961980E-04  1.452310940635878E-04  2.7939338E-04 -1.552254957063890E-04  2.7954968E-04  8.591399174432182E-04  2.7946298E-04  1.432270129242833E-05          0
 255.0  5.632582260607445E-04  2.7948188E-04 -9.152177899212122E-04  2.7946896E-04 -1.629961429446900E-05  2.7950650E-04 -9.073843296187125E-04  2.7948987E-04  6.516762207221547E-04  2.7952429E-04  2.867272340403601E-04  2.7948312E-04  4.387429167932948E-05  2.7962349E-04  5.156329303418067E-04  2.7938984E-04 -3.766588873041754E-04  2.7951485E-04  8.525249333329704E-04  2.7949859E-04  1.426002778142595E-05          0
 260.0  5.323041870471878E-04  2.7948126E-04 -7.868693152640206E-04  2.7946752E-04 -8.373980966657943E-06  2.7946193E-04 -7.592923123744404E-04  2.7953419E-04  7.422321321350572E-04  2.7946311E-04  1.596983477936703E-04  2.7954454E-04 -2.693499294291448E-04  2.7955666E-04  7.674664656345405E-04  2.7945623E-04 -4.948281502500981E-04  2.7946048E-04  7.561997453931822E-04  2.7955280E-04  1.419821356857586E-05          0
 265.0  4.866518580147993E-04  2.7947204E-04 -6.710161293379478E-04  2.7947489E-04 -6.066363671607555E-05  2.7944021E-04 -5.569951523286710E-04  2.7955542E-04  8.269319806589488E-04  2.7942704E-04  7.816541940469945E-05  2.7958089E-04 -4.194079075041053E-04  2.7949337E-04  8.067956482278706E-04  2.7951875E-04 -4.079856018886329E-04  2.7946913E-04  7.843231366028319E-04  2.7954444E-04  1.413746187449607E-05          0
 270.0  4.400424432342405E-04  2.7945655E-04 -5.230671529750932E-04  2.7948889E-04 -1.584943778083691E-04  2.7945921E-04 -4.314373041314658E-04  2.7953647E-04  7.856280248289125E-04  2.7944672E-04  1.142600438559686E-04  2.7956173E-04 -2.792315610809181E-04  2.7949759E-04  6.125329012747002E-04  2.7951442E-04 -2.824081563870248E-04  2.7948391E-04  1.056433747235847E-03  2.7952964E-04  1.407804539721574E-05          0
 275.0  3.994367579427721E-04  2.7943193E-04 -4.111698132046709E-04  2.7951218E-04 -3.220814678582516E-04  2.7950922E-04 -4.380922843617166E-04  2.7948651E-04  6.582170599871150E-04  2.7948638E-04  1.392929437197001E-04  2.7952242E-04  8.256313150518248E-05  2.7950424E-04  4.230572749762381E-04  2.7950768E-04 -8.952795321376714E-05  2.7946971E-04  1.006231335854410E-03  2.7954364E-04  1.401989014035010E-05          0
 280.0  3.843582593251947E-04  2.7940879E-04 -2.811038978527632E-04  2.7953455E-04 -4.775564958226344E-04  2.7958118E-04 -4.056986326561353E-04  2.7941470E-04  6.035221011797431E-04  2.7949785E-04  1.757919405442921E-04  2.7951051E-04  5.988214552154105E-04  2.7948931E-04  1.728623577847963E-04  2.7952243E-04  1.656746094386948E-05  2.7949114E-04  7.860876246823943E-04  2.7952228E-04  1.396274731675777E-05          0
 285.0  3.312252111150675E-04  2.7935639E-04 -1.441159308009978E-04  2.7958646E-04 -8.466564327887627E-04  2.7964125E-04 -4.204121587270282E-04  2.7935450E-04  7.421568683190238E-04  2.7949398E-04  2.260409009607090E-04  2.7951351E-04  1.031379704639723E-03  2.7947846E-04  6.830095189385742E-05  2.7953335E-04  7.636293128852679E-05  2.7952384E-04  6.219751309691177E-04  2.7949017E-04  1.390674360858935E-05          0
 290.0  2.830386951054487E-04  2.7930738E-04 -3.628271331561968E-05  2.7963553E-04 -1.194221921773693E-03  2.7966497E-04 -4.495354578586758E-04  2.7933075E-04  8.740976156239613E-04  2.7948516E-04  2.200034321109060E-04  2.7952213E-04  1.202672516178055E-03  2.7950162E-04  9.909738529032603E-05  2.7951041E-04  8.905726212352622E-05  2.7953951E-04  4.626313139736186E-04  2.7947432E-04  1.385149900239502E-05          0
 295.0  2.453054967656892E-04  2.7924706E-04  2.874295282427800E-05  2.7969618E-04 -1.625137057355592E-03  2.7963026E-04 -5.072537630787005E-04  2.7936546E-04  1.053516122549749E-03  2.7948241E-04  1.706942473084625E-04  2.7952538E-04  9.540761345700719E-04  2.7951985E-04  1.722108955755714E-04  2.7949275E-04 -4.990249860912201E-05  2.7952630E-04  1.313923947321399E-04  2.7948728E-04  1.379726726860110E-05          0
 300.0  2.039745364315237E-04  2.7918807E-04  7.874176405583031E-05  2.7975571E-04 -2.051632508223664E-03  2.7958050E-04 -6.490753984067948E-04  2.7941541E-04  1.239101817536804E-03  2.7948281E-04  7.629129515559507E-05  2.7952601E-04  5.972087068507185E-04  2.7951453E-04  2.407729811771786E-04  2.7949825E-04 -3.686290247904750E-04  2.7939425E-04 -5.219511602363512E-04  2.7961932E-04  1.374391280050358E-05          0
 305.0  1.730575691827816E-04  2.7914877E-04  1.432312139543849E-04  2.7979583E-04 -2.341419658247696E-03  2.7951974E-04 -7.726600665840801E-04  2.7947654E-04  1.295400441491360E-03  2.7950121E-04 -1.470208645023218E-04  2.7950852E-04  1.603333180004510E-04  2.7951705E-04  3.041878025211198E-04  2.7949599E-04 -5.197125788738410E-04  2.7941893E-04 -8.800144965489670E-04  2.7959451E-04  1.369160484197831E-05          0
 310.0  1.328574341827171E-04  2.7911702E-04  2.046895822135550E-04  2.7982887E-04 -2.579980218175992E-03  2.7946970E-04 -8.220867663669552E-04  2.7952702E-04  1.259502343403739E-03  2.7953171E-04 -2.857707856960424E-04  2.7947865E-04 -1.991906586680987E-04  2.7951157E-04  3.918793392477191E-04  2.7950128E-04 -5.336749393377898E-04  2.7948296E-04 -9.248164356770145E-04  2.7953085E-04  1.364010768363200E-05          0
 315.0  9.498275951072655E-05  2.7910759E-04  2.749493268057963E-04  2.7983925E-04 -2.658492781723771E-03  2.7941437E-04 -9.199569089990780E-04  2.7958300E-04  1.113596491656888E-03  2.7954311E-04 -2.781620238294849E-04  2.7946755E-04 -5.983887206334885E-04  2.7948381E-04  1.889273434450950E-04  2.7952877E-04 -2.671478284572240E-04  2.7951293E-04 -8.233616686354015E-04  2.7950141E-04  1.358915185797865E-05          0
 320.0  4.735410019426697E-05  2.7912850E-04  2.829293102812476E-04  2.7981971E-04 -2.521827270344763E-03  2.7937324E-04 -9.798412275074540E-04  2.7962506E-04  9.863937279938849E-04  2.7955004E-04 -1.831187743196544E-04  2.7946104E-04 -8.973562943070325E-04  2.7945509E-04  8.274586152163846E-05  2.7955766E-04  4.863510506616009E-06  2.7943552E-04 -6.361547003259927E-04  2.7957896E-04  1.353879649875971E-05          0
 325.0 -1.596211609843372E-05  2.7917641E-04  3.111188268195063E-04  2.7977271E-04 -2.190655635985108E-03  2.7936872E-04 -9.859486393231033E-04  2.7963128E-04  8.445274322475610E-04  2.7954178E-04 -6.304302425435086E-05  2.7946983E-04 -9.381668476630362E-04  2.7951049E-04 -7.093046458346851E-05  2.7950265E-04  2.546912999226084E-04  2.7948042E-04 -4.217879139272780E-04  2.7953449E-04  1.348976042363010E-05          0
 330.0 -5.364936421765375E-05  2.7924125E-04  3.196705545238175E-04  2.7970913E-04 -1.739782284462222E-03  2.7938777E-04 -9.949806233576306E-04  2.7961403E-04  6.849679028334596E-04  2.7953791E-04 -5.910110311251411E-05  2.7947404E-04 -8.100917882237939E-04  2.7952882E-04 -1.454891301321504E-04  2.7948429E-04  3.148432734564809E-04  2.7949141E-04 -2.317327882900249E-04  2.7952374E-04  1.344156043479841E-05          0
 335.0 -1.104240951965326E-04  2.7931426E-04  3.303245708483730E-04  2.7963738E-04 -1.228277608499033E-03  2.7940776E-04 -1.030011077911475E-03  2.7959527E-04  4.748614642146335E-04  2.7952939E-04  1.247395471834068E-05  2.7948234E-04 -6.735605208827268E-04  2.7949691E-04  1.069423990987429E-04  2.7951579E-04  9.852541987747198E-05  2.7950451E-04 -4.374206679921190E-05  2.7951010E-04  1.339407349585452E-05          0
 340.0 -1.366806468591103E-04  2.7939940E-04  2.956097163775118E-04  2.7955318E-04 -6.263119704809959E-04  2.7942965E-04 -1.008504788016327E-03  2.7957401E-04  3.211794986446315E-04  2.7950058E-04  5.436012974020520E-05  2.7951076E-04 -5.206425821252715E-04  2.7942817E-04  3.488290931161499E-04  2.7958389E-04 -6.532115369401657E-05  2.7951645E-04  2.823263323398356E-05  2.7949793E-04  1.334734765090412E-05          0
 345.0 -2.153850322146419E-04  2.7948705E-04  2.392032790783734E-04  2.7946651E-04 -4.355547003781404E-06  2.7944525E-04 -9.948029104677903E-04  2.7955836E-04  1.996351175362001E-04  2.7949566E-04 -9.513399952092538E-06  2.7951499E-04 -4.106201002705903E-04  2.7937226E-04  3.677602095272755E-04  2.7963958E-04 -3.963098402447724E-05  2.7949007E-04  2.834308507244772E-04  2.7952440E-04  1.330103712047320E-05          0
 350.0 -2.569431552245524E-04  2.7956802E-04  1.243076495030160E-04  2.7938637E-04  5.726853450234423E-04  2.7945648E-04 -8.861491482985219E-04  2.7954682E-04  2.032628471657359E-04  2.7948684E-04 -7.213979507274268E-05  2.7952323E-04 -3.298069686046329E-04  2.7941207E-04  4.468138889525765E-04  2.7960062E-04  5.853376441306364E-05  2.7945979E-04  4.412606172830218E-04  2.7955493E-04  1.325567328129411E-05          0
 355.0 -3.090576349388410E-04  2.7964527E-04  1.715799337286806E-05  2.7930974E-04  1.126814142977037E-03  2.7945453E-04 -7.568317962835937E-04  2.7954788E-04  2.330323365885493E-04  2.7944471E-04 -1.366049744316957E-04  2.7956517E-04 -3.400055849158088E-04  2.7944785E-04  5.220129799851439E-04  2.7956523E-04  1.133075947101637E-05  2.7947487E-04  4.269088139911608E-04  2.7953998E-04  1.321095260191040E-05          0
 360.0 -3.329974125954915E-04  2.7971124E-04 -1.062642018797651E-04  2.7924376E-04  1.605095640566554E-03  2.7947281E-04 -5.541067420653099E-04  2.7952844E-04  3.149194426764062E-04  2.7940613E-04 -1.667041732274520E-04  2.7960381E-04 -2.035207226430013E-04  2.7948190E-04  3.731568169691554E-04  2.7953113E-04 -7.018483117724378E-05  2.7952199E-04  1.202321398760124E-04  2.7949355E-04  1.316644109906548E-05          0
 365.0 -3.503800968962268E-04  2.7976179E-04 -2.513818584095800E-04  2.7919320E-04  1.975427292976293E-03  2.7945886E-04 -4.235953900863689E-04  2.7954134E-04  4.582683028328237E-04  2.7941221E-04 -1.763899227819140E-04  2.7959800E-04 -2.956032687444923E-04  2.7950813E-04  1.346904670793579E-04  2.7950442E-04 -1.984692980202056E-04  2.7953857E-04 -4.563276828195220E-05  2.7947692E-04  1.312269548445378E-05          0
 370.0 -3.384207611691687E-04  2.7980770E-04 -3.883360582141349E-04  2.7914773E-04  2.314211618259674E-03  2.7941839E-04 -3.174758429862725E-04  2.7958137E-04  4.517261311554155E-04  2.7946008E-04 -1.538019800913467E-04  2.7955029E-04 -5.775735827147374E-04  2.7952693E-04 -2.672511247045806E-04  2.7948549E-04 -4.171988898081401E-04  2.7948348E-04  1.678398809486859E-04  2.7953167E-04  1.307925362063324E-05          0
 375.0 -2.775968918607964E-04  2.7983700E-04 -4.906318771649492E-04  2.7911955E-04  2.532748663150206E-03  2.7939834E-04 -2.310352773802970E-04  2.7960129E-04  4.362365454887671E-04  2.7951083E-04 -1.635751536836534E-04  2.7950001E-04 -7.145913755806677E-04  2.7951749E-04 -5.955047617876228E-04  2.7949473E-04 -3.559618224452291E-04  2.7946803E-04  6.479266655392026E-04  2.7954652E-04  1.303673413777680E-05          0
 380.0 -2.097420582978076E-04  2.7984232E-04 -6.043908006274089E-04  2.7911536E-04  2.580262403932207E-03  2.7939828E-04 -1.796261830579797E-04  2.7960176E-04  3.785619805771899E-04  2.7950559E-04 -9.933806937102241E-05  2.7950523E-04 -7.113689741173316E-04  2.7955520E-04 -8.111432804222798E-04  2.7945714E-04 -2.106848117321924E-04  2.7948449E-04  1.216832026165335E-03  2.7952948E-04  1.299466502573091E-05          0
 385.0 -1.139831065715357E-04  2.7983240E-04 -7.167621840019403E-04  2.7912654E-04  2.518675086239067E-03  2.7941353E-04 -1.561529130873558E-04  2.7958715E-04  2.858736941457548E-04  2.7948440E-04 -2.161818703798698E-05  2.7952613E-04 -6.020211563678052E-04  2.7961009E-04 -7.705695028394281E-04  2.7940299E-04 -7.197652197740178E-05  2.7951630E-04  1.362767554430053E-03  2.7949763E-04  1.295319381263131E-05          0
 390.0  1.714790866117269E-07  2.7980721E-04 -7.908794322764199E-04  2.7915290E-04  2.346875773838200E-03  2.7943861E-04 -1.026792682956307E-04  2.7956289E-04  1.953873406144674E-04  2.7947716E-04  1.179141324433254E-04  2.7953300E-04 -4.259416110367672E-04  2.7957441E-04 -8.558999793150050E-04  2.7943914E-04 -7.579203126897556E-05  2.7953727E-04  1.293499030457721E-03  2.7947660E-04  1.291251671445324E-05          0
 395.0  1.291654137399682E-04  2.7978167E-04 -8.501046600787836E-04  2.7917918E-04  2.172326339062653E-03  2.7946110E-04 -8.386921904969980E-05  2.7954098E-04  1.872981036369004E-04  2.7948842E-04  1.530027025540182E-04  2.7952098E-04 -2.695816803997085E-04  2.7950076E-04 -7.539558196272358E-04  2.7951286E-04 -1.687291821719688E-05  2.7952354E-04  1.044357262411646E-03  2.7949054E-04  1.287230864215673E-05          0
 400.0  3.149786803917249E-04  2.7973552E-04 -9.229708826898821E-04  2.7922606E-04  1.849284683784405E-03  2.7947184E-04 -9.502831631783218E-05  2.7953084E-04  2.541357165748044E-04  2.7953127E-04  1.424463517142898E-04  2.7947706E-04 -1.988853824420470E-04  2.7947929E-04 -7.577925370212326E-04  2.7953393E-04  2.176305164378142E-04  2.7947032E-04  7.868328397897695E-04  2.7954356E-04  1.283258162230183E-05          0
 405.0  4.556122322454162E-04  2.7969489E-04 -9.230767735748226E-04  2.7926730E-04  1.564970467344907E-03  2.7947242E-04 -8.538950973569837E-05  2.7953102E-04  3.263694296165182E-04  2.7954926E-04  9.593380672886496E-05  2.7945836E-04 -2.023066161213809E-04  2.7949275E-04 -7.017216781886477E-04  2.7951979E-04  3.485357170532503E-04  2.7944627E-04  7.293451836303050E-04  2.7956766E-04  1.279338583145878E-05          0
 410.0  6.322007226217071E-04  2.7966487E-04 -9.291254431333582E-04  2.7929810E-04  1.353005063151229E-03  2.7943566E-04 -4.493349144567884E-06  2.7956795E-04  4.021551194902503E-04  2.7955722E-04  5.123144312171099E-05  2.7944988E-04 -4.703395966065616E-04  2.7956135E-04 -6.435911070195392E-04  2.7945040E-04  4.880739490411716E-04  2.7947569E-04  6.034154472285651E-04  2.7953916E-04  1.275445186827580E-05          0
 415.0  8.239078849587619E-04  2.7963881E-04 -9.000637922667622E-04  2.7932436E-04  1.170019287390861E-03  2.7940340E-04  1.175586746719753E-04  2.7960040E-04  4.001631957302295E-04  2.7953479E-04 -3.051794874771743E-05  2.7947257E-04 -7.056537583544099E-04  2.7960156E-04 -4.977042964952502E-04  2.7940967E-04  5.396091446715438E-04  2.7943539E-04  2.961220531334358E-04  2.7957963E-04  1.271610656930111E-05          0
 420.0  1.013536801997888E-03  2.7960883E-04 -8.833671899322717E-04  2.7935462E-04  9.574343972125314E-04  2.7938577E-04  1.158511697289343E-04  2.7961848E-04  3.519048043833742E-04  2.7954212E-04 -6.316452324200737E-05  2.7946598E-04 -8.357397419601257E-04  2.7955735E-04 -3.975025291362904E-04  2.7945390E-04  4.607236296666725E-04  2.7945847E-04  8.357653814321134E-05  2.7955606E-04  1.267797953763440E-05          0
 425.0  1.238130985123625E-03  2.7958300E-04 -8.160907742729283E-04  2.7938065E-04  7.732377935058810E-04  2.7938133E-04  1.598588029304999E-05  2.7962330E-04  3.141687101987079E-04  2.7956092E-04 -1.392123708643183E-04  2.7944763E-04 -8.697888602164888E-04  2.7948396E-04 -3.322416207759722E-04  2.7952772E-04  2.825855237870762E-04  2.7946540E-04  1.751523294721226E-04  2.7954835E-04  1.264052504843882E-05          0
 430.0  1.448454623131159E-03  2.7956176E-04 -7.415875257541194E-04  2.7940223E-04  6.207789188892568E-04  2.7936593E-04 -8.945514668565882E-05  2.7963909E-04  1.985375099359020E-04  2.7954563E-04 -2.722292082582324E-04  2.7946335E-04 -9.801315409942721E-04  2.7949493E-04 -1.543301810996034E-04  2.7951766E-04 -8.143403864777697E-05  2.7948449E-04  1.635395994900195E-04  2.7952898E-04  1.260378792920288E-05          0
 435.0  1.671052705669254E-03  2.7954926E-04 -6.790931024470703E-04  2.7941457E-04  5.313121228299807E-04  2.7937743E-04 -2.081145988164775E-04  2.7962774E-04  4.853381870583653E-05  2.7953484E-04 -3.245881433628426E-04  2.7947449E-04 -8.972604957014176E-04  2.7953934E-04  1.467209533648468E-05  2.7947357E-04 -1.610365004147034E-04  2.7949923E-04  5.543804824458784E-05  2.7951473E-04  1.256739830771562E-05          0
 440.0  1.840660328034826E-03  2.7953172E-04 -6.196157030969940E-04  2.7943239E-04  4.045730070303579E-04  2.7940360E-04 -4.610461910825578E-04  2.7960145E-04 -5.107435881589969E-05  2.7951618E-04 -3.329913401274967E-04  2.7949345E-04 -7.068766403666240E-04  2.7956512E-04  2.188878957378092E-04  2.7944761E-04  7.839525197901426E-05  2.7945951E-04  4.328410984599438E-05  2.7955500E-04  1.253116866476909E-05          0
 445.0  1.982663708723018E-03  2.7951975E-04 -5.466966077531321E-04  2.7944495E-04  3.158148691602747E-04  2.7942488E-04 -6.084443390755928E-04  2.7957975E-04 -8.622636358682507E-05  2.7951531E-04 -3.365151425003140E-04  2.7949417E-04 -5.500405200359475E-04  2.7949493E-04  3.572685841362925E-04  2.7951750E-04  2.386096653056356E-04  2.7944496E-04 -6.478593180056681E-05  2.7956976E-04  1.249529115349414E-05          0
 450.0  2.074425440427729E-03  2.7951396E-04 -4.768394289412847E-04  2.7945148E-04  2.703361656797215E-04  2.7942809E-04 -7.513331930209692E-04  2.7957598E-04 -6.309160636775792E-05  2.7953879E-04 -3.409127630841770E-04  2.7947077E-04 -5.224299729549245E-04  2.7940844E-04  3.930420532238958E-04  2.7960389E-04  4.793664757652397E-04  2.7942166E-04 -1.068301805687222E-04  2.7959270E-04  1.246031301268762E-05          0
 455.0  2.165747501374017E-03  2.7950215E-04 -4.074753861261990E-04  2.7946409E-04  1.829564745589954E-04  2.7944501E-04 -9.384905967234572E-04  2.7955869E-04 -1.418318613536073E-05  2.7957314E-04 -1.895174617268632E-04  2.7943650E-04 -3.987220364339043E-04  2.7941214E-04  4.140350532346404E-04  2.7960052E-04  4.610066502763138E-04  2.7939904E-04 -1.385060804120430E-04  2.7961549E-04  1.242535120061026E-05          0
 460.0  2.230659061934421E-03  2.7949932E-04 -3.226920925486588E-04  2.7946780E-04  1.588035722307536E-04  2.7945306E-04 -1.158360405937010E-03  2.7955027E-04  1.192971854470619E-04  2.7954337E-04  5.524059826156883E-06  2.7946641E-04 -3.395721060224770E-04  2.7946809E-04  3.401950674979964E-04  2.7954500E-04  2.611842354172191E-04  2.7951465E-04  4.466814244760668E-05  2.7950014E-04  1.239065630708605E-05          0
 465.0  2.259587713361936E-03  2.7949827E-04 -2.637583740944661E-04  2.7947004E-04  1.452728759302830E-04  2.7947144E-04 -1.326017373732917E-03  2.7953162E-04  2.576968217884877E-04  2.7947312E-04  1.080528566181036E-04  2.7953702E-04 -2.073326265209645E-04  2.7946796E-04  3.497065091905858E-04  2.7954544E-04 -3.331544232565689E-05  2.7958627E-04 -2.276729748061271E-05  2.7942894E-04  1.235633705960624E-05          0
 470.0  2.266349479463406E-03  2.7950352E-04 -1.714383726728427E-04  2.7946594E-04  1.764507254139760E-04  2.7947802E-04 -1.465993708429890E-03  2.7952503E-04  2.608932314774219E-04  2.7945097E-04  2.671014202768618E-04  2.7955990E-04 -1.620378666050688E-04  2.7948423E-04  2.290872219268435E-04  2.7952936E-04 -1.587169420564218E-04  2.7955234E-04 -1.429565688521112E-04  2.7946291E-04  1.232279908192485E-05          0
 475.0  2.224086159937635E-03  2.7951224E-04 -5.831789291834213E-05  2.7945832E-04  2.327460845191194E-04  2.7947215E-04 -1.473531165122998E-03  2.7953113E-04  2.702834318740190E-04  2.7948277E-04  3.533618544954825E-04  2.7952854E-04 -2.071142292587843E-04  2.7950494E-04  1.467774582267290E-04  2.7950837E-04 -7.959862478229641E-05  2.7950280E-04 -2.767659809800311E-04  2.7951219E-04  1.228919052778169E-05          0
 480.0  2.156893633302391E-03  2.7952109E-04  1.295068153279717E-05  2.7945025E-04  2.904679553095248E-04  2.7947413E-04 -1.440378117818720E-03  2.7952928E-04  2.252033820688757E-04  2.7952867E-04  2.842641375986526E-04  2.7948269E-04 -1.962755387135298E-04  2.7955284E-04  1.079106982621468E-04  2.7945999E-04 -9.035306755368023E-05  2.7949795E-04 -3.676755025878476E-04  2.7951713E-04  1.225625480150929E-05          0
 485.0  2.039274622726493E-03  2.7953858E-04  4.057027777337850E-05  2.7943353E-04  4.099461173797785E-04  2.7947595E-04 -1.268619590213055E-03  2.7952786E-04  8.993979630947095E-05  2.7953423E-04  1.943633555159500E-04  2.7947677E-04 -1.871760691451415E-04  2.7952860E-04  1.237557249418561E-04  2.7948432E-04 -1.918272518138437E-04  2.7944602E-04 -3.040013103582796E-04  2.7956883E-04  1.222326875050477E-05          0
 490.0  1.864795981654954E-03  2.7954141E-04  8.081296808930102E-05  2.7943145E-04  4.244023649110569E-04  2.7947906E-04 -1.065396848841591E-03  2.7952531E-04 -9.757873963083587E-05  2.7950127E-04  5.532389986973595E-05  2.7950967E-04 -1.693737633503141E-04  2.7950275E-04  6.534889461852440E-06  2.7951044E-04 -4.711592308570970E-04  2.7945558E-04 -1.614198402160154E-04  2.7955858E-04  1.219069680328686E-05          0
 495.0  1.714536458204021E-03  2.7953385E-04  8.678251329231589E-05  2.7943980E-04  3.634630930584526E-04  2.7949558E-04 -6.897565694618685E-04  2.7950965E-04 -3.179370973105110E-04  2.7949937E-04 -9.014673980707920E-05  2.7951174E-04 -5.560203324636921E-05  2.7948860E-04 -6.487777687747780E-05  2.7952463E-04 -5.654418972783888E-04  2.7946743E-04 -1.672562353203104E-04  2.7954646E-04  1.215886442353990E-05          0
 500.0  1.538327371714714E-03  2.7950552E-04  9.195688048447637E-05  2.7946868E-04  1.563416356348020E-04  2.7951942E-04 -2.700349311642150E-04  2.7948670E-04 -4.770006437412126E-04  2.7950655E-04 -3.441275697068725E-04  2.7950453E-04  1.118498307265629E-04  2.7951340E-04 -8.148874928701476E-05  2.7949954E-04 -5.863475908800180E-04  2.7949069E-04 -3.180879228877604E-04  2.7952357E-04  1.212706434083225E-05          0
 505.0  1.349739773627439E-03  2.7946644E-04  8.010794862290524E-05  2.7950863E-04 -1.287856161001155E-04  2.7951253E-04  1.508342976116372E-04  2.7949440E-04 -7.295606796065298E-04  2.7951487E-04 -5.076999849836886E-04  2.7949608E-04  5.955752238564344E-05  2.7955021E-04 -7.182685050766659E-05  2.7946264E-04 -5.329992532572419E-04  2.7948692E-04 -2.381351095478030E-04  2.7952775E-04  1.209553479590407E-05          0
 510.0  1.193932167250958E-03  2.7942316E-04  6.650037579460530E-05  2.7955241E-04 -4.420128120319824E-04  2.7950795E-04  4.802224585635146E-04  2.7949967E-04 -8.847064256511765E-04  2.7953092E-04 -6.403356025073356E-04  2.7947978E-04  2.442702438051331E-05  2.7950633E-04  7.371402335309671E-05  2.7950622E-04 -4.460292478227970E-04  2.7952732E-04 -2.321908872496989E-04  2.7948780E-04  1.206438135221997E-05          0
 515.0  9.981090867507612E-04  2.7938491E-04  5.752630496553423E-05  2.7959157E-04 -7.200355823196950E-04  2.7949437E-04  7.030274936498452E-04  2.7951368E-04 -1.046300121588417E-03  2.7952409E-04 -5.881579591082053E-04  2.7948633E-04 -7.440671651047387E-05  2.7950754E-04  3.108398151428971E-04  2.7950473E-04 -1.723771314362170E-04  2.7956389E-04 -6.535608783366775E-05  2.7945102E-04  1.203347277822078E-05          0
 520.0  8.379452772269212E-04  2.7934402E-04  4.445015302702211E-05  2.7963371E-04 -1.018420326426333E-03  2.7950296E-04  8.227775420332904E-04  2.7950554E-04 -9.854762964095411E-04  2.7954825E-04 -4.556795380898094E-04  2.7946224E-04 -1.460019347728923E-05  2.7952617E-04  2.898888177855284E-04  2.7948658E-04 -2.331464153934911E-05  2.7956701E-04  2.197645696256607E-04  2.7944770E-04  1.200281405738427E-05          0
 525.0  7.093863436778892E-04  2.7931806E-04  3.295760752951914E-05  2.7966092E-04 -1.209474103525846E-03  2.7951850E-04  8.161137867629448E-04  2.7948998E-04 -7.722702052948786E-04  2.7959596E-04 -2.849979855770424E-04  2.7941493E-04  9.714308601599091E-05  2.7953330E-04  2.192690110831855E-04  2.7948016E-04 -4.875801091090712E-05  2.7955696E-04  5.059546598156336E-04  2.7945755E-04  1.197262617596382E-05          0
 530.0  6.142039333748965E-04  2.7929401E-04 -1.015932632774797E-05  2.7968628E-04 -1.387112072672664E-03  2.7953013E-04  7.225259935199386E-04  2.7947774E-04 -5.193658857888198E-04  2.7959007E-04 -1.631922852302599E-04  2.7942127E-04  1.841547255035951E-04  2.7957720E-04  1.543567426255352E-04  2.7943699E-04 -9.609015903208944E-05  2.7950249E-04  3.256339097628126E-04  2.7951236E-04  1.194258295332285E-05          0
 535.0  5.674791973774993E-04  2.7928480E-04 -5.897809479829163E-05  2.7969695E-04 -1.458797330662369E-03  2.7956220E-04  5.658868240711057E-04  2.7944477E-04 -3.306283130808795E-04  2.7955540E-04 -1.400246582721515E-04  2.7945633E-04  4.176296220648623E-04  2.7956322E-04 -5.394521607200566E-05  2.7945132E-04 -2.901046022466752E-05  2.7949140E-04  1.190003178744446E-04  2.7952386E-04  1.191278578407682E-05          0
 540.0  5.797521971015517E-04  2.7929224E-04 -1.019843359062166E-04  2.7969098E-04 -1.411736104467706E-03  2.7957398E-04  4.601550549970000E-04  2.7943197E-04 -3.546345130268020E-04  2.7953755E-04 -2.532679351620314E-04  2.7947451E-04  5.056145536376254E-04  2.7953198E-04 -1.559310348231571E-04  2.7948246E-04  1.739667434568171E-04  2.7953927E-04  1.107352663459169E-04  2.7947621E-04  1.188316007729014E-05          0
 545.0  5.892625151603264E-04  2.7931013E-04 -1.103588858450120E-04  2.7967435E-04 -1.288066952805481E-03  2.7957906E-04  3.537867615880549E-04  2.7942613E-04 -3.051125485713152E-04  2.7953571E-04 -3.613493120535683E-04  2.7947637E-04  5.443342126762679E-04  2.7953975E-04 -7.823143329290717E-05  2.7947480E-04  3.964032005792724E-04  2.7949973E-04 -3.134606378197143E-06  2.7951549E-04  1.185370631071833E-05          0
 550.0  6.449809198914469E-04  2.7932600E-04 -1.284728932317431E-04  2.7965968E-04 -1.177474160666986E-03  2.7956242E-04  2.440893278481267E-04  2.7944222E-04 -2.778474201837734E-04  2.7954148E-04 -3.556314315988595E-04  2.7947044E-04  4.257119433399038E-04  2.7957572E-04  4.331388327866538E-05  2.7943869E-04  5.194784072335090E-04  2.7952349E-04 -2.503656823712141E-05  2.7949149E-04  1.182459130860619E-05          0
 555.0  7.278472504786211E-04  2.7934819E-04 -1.908149528966320E-04  2.7963825E-04 -1.019868644454729E-03  2.7955603E-04  1.587561026383375E-04  2.7944819E-04 -1.903619733555316E-04  2.7953115E-04 -3.375727284339053E-04  2.7948051E-04  3.798615718343607E-04  2.7953952E-04  2.857929521077695E-04  2.7947436E-04  5.355172892795468E-04  2.7953781E-04 -1.635048821158276E-04  2.7947678E-04  1.179580989637778E-05          0
 560.0  8.671537007883000E-04  2.7936490E-04 -2.241148562029073E-04  2.7962199E-04 -9.001817642593310E-04  2.7956593E-04  1.040260748786880E-04  2.7943775E-04 -5.107307374885565E-05  2.7952905E-04 -2.598585983367400E-04  2.7948244E-04  4.505128789861130E-04  2.7944377E-04  3.646462881977604E-04  2.7956977E-04  3.696726710017434E-04  2.7952373E-04 -1.726569020905849E-04  2.7949087E-04  1.176766888081166E-05          0
 565.0  1.039572762404348E-03  2.7938206E-04 -2.303242546623652E-04  2.7960501E-04 -7.763016029646499E-04  2.7959621E-04  1.293747594135092E-04  2.7940666E-04  4.158809175425505E-05  2.7953676E-04 -1.014714600277007E-04  2.7947442E-04  6.669861142312532E-04  2.7942919E-04  3.651115631559998E-04  2.7958422E-04 -1.150243704696122E-04  2.7948560E-04 -7.845515994717799E-05  2.7952938E-04  1.173927849818787E-05          0
 570.0  1.302472190623342E-03  2.7939380E-04 -1.510558662264013E-04  2.7959321E-04 -6.902965564986865E-04  2.7963277E-04  2.049132793459960E-04  2.7936928E-04  8.302252250276369E-05  2.7950646E-04  1.965823741557564E-04  2.7950469E-04  9.288546312615422E-04  2.7944981E-04  1.931479074047077E-04  2.7956374E-04 -5.662575404406986E-04  2.7949122E-04  4.522101449913339E-06  2.7952347E-04  1.171130532197914E-05          0
 575.0  1.564329137817320E-03  2.7940901E-04 -8.270161785458807E-05  2.7957761E-04 -5.783642866246150E-04  2.7964524E-04  3.240470222406152E-04  2.7935592E-04  1.341870857941152E-04  2.7946965E-04  4.313691022290891E-04  2.7954146E-04  1.020903875400546E-03  2.7949529E-04  1.272638475419707E-04  2.7951767E-04 -8.760937617720821E-04  2.7944958E-04 -1.275840926656260E-04  2.7956436E-04  1.168359600886508E-05          0
 580.0  1.849323588018670E-03  2.7942711E-04 -2.216370349475209E-05  2.7955887E-04 -4.451174549088740E-04  2.7964856E-04  4.149090001588962E-04  2.7935215E-04  1.507920471317520E-04  2.7946961E-04  7.009823337310346E-04  2.7954140E-04  1.046301917066392E-03  2.7951909E-04  9.032062462948216E-05  2.7949354E-04 -7.674535626104812E-04  2.7946366E-04 -2.363009974186756E-04  2.7954989E-04  1.165613547453175E-05          0
 585.0  2.107063853463910E-03  2.7944444E-04  4.425045405583031E-05  2.7954092E-04 -3.179398863600720E-04  2.7964249E-04  4.313235805877241E-04  2.7935813E-04  1.142693467795598E-04  2.7949192E-04  9.144394562018592E-04  2.7951872E-04  1.003268624758316E-03  2.7958614E-04  1.539081514749354E-04  2.7942658E-04 -2.816288596984896E-04  2.7945245E-04 -1.769304192200346E-04  2.7956121E-04  1.162871714809131E-05          0
 590.0  2.323375000996417E-03  2.7944960E-04  1.283838408049359E-04  2.7953506E-04 -2.773473854568490E-04  2.7963509E-04  3.709115041445623E-04  2.7936589E-04  2.797017334046686E-04  2.7949383E-04  1.031887983954515E-03  2.7951701E-04  9.507513300991413E-04  2.7957913E-04  2.565128446138213E-04  2.7943445E-04  1.404932534922243E-04  2.7942390E-04 -1.813062700228935E-04  2.7958998E-04  1.160182391579229E-05          0
 595.0  2.523461282776360E-03  2.7945222E-04  1.969494649462559E-04  2.7953194E-04 -2.568532924187161E-04  2.7960637E-04  3.018485467463431E-04  2.7939544E-04  4.653684016104588E-04  2.7945931E-04  1.080484698032924E-03  2.7955144E-04  7.436403271896201E-04  2.7950491E-04  2.851229380327594E-04  2.7950953E-04  1.648571459662803E-04  2.7952992E-04 -1.050563653689145E-04  2.7948472E-04  1.157514148844805E-05          0
 600.0  2.731040484291608E-03  2.7945933E-04  2.729747157249828E-04  2.7952440E-04 -2.054068548081386E-04  2.7958425E-04  1.938160533684722E-04  2.7941859E-04  6.488057252528588E-04  2.7944715E-04  1.097360187332093E-03  2.7956388E-04  5.822903773579210E-04  2.7948476E-04  3.413221122115551E-04  2.7952977E-04  6.474631206858023E-05  2.7955913E-04 -1.223152493242060E-04  2.7945645E-04  1.154874530460588E-05          0
 605.0  2.915300503078927E-03  2.7946785E-04  3.058354548842951E-04  2.7951552E-04 -1.447935141164421E-04  2.7954896E-04  6.917152488705063E-05  2.7945489E-04  7.407354193812777E-04  2.7944746E-04  9.836477477196931E-04  2.7956388E-04  3.270731640461356E-04  2.7951153E-04  2.873430347015657E-04  2.7950284E-04 -5.631666262550521E-05  2.7953806E-04 -6.822673850635242E-05  2.7947847E-04  1.152246182007830E-05          0
 610.0  3.087072596081366E-03  2.7949131E-04  3.597533239724709E-04  2.7949175E-04  2.194329327691796E-05  2.7953821E-04 -7.464845785450303E-05  2.7946644E-04  7.962803798896721E-04  2.7946875E-04  7.073142830163492E-04  2.7954250E-04  2.475153318266968E-04  2.7952448E-04  1.496830428107458E-04  2.7948989E-04 -5.929357928002616E-05  2.7952698E-04  1.186293645019409E-04  2.7949000E-04  1.149612647359867E-05          0
 615.0  3.214516979579961E-03  2.7953184E-04  4.014938104806172E-04  2.7945108E-04  3.101132832813000E-04  2.7955225E-04 -1.818674842651581E-04  2.7945293E-04  8.346509589860515E-04  2.7950648E-04  4.578239344796090E-04  2.7950477E-04  3.455125583794824E-04  2.7950323E-04 -6.879320888171778E-05  2.7951136E-04 -6.692954281220016E-05  2.7957158E-04  2.763272600785802E-04  2.7944502E-04  1.147040798266684E-05          0
 620.0  3.315628442140664E-03  2.7957028E-04  4.142021270259315E-04  2.7941255E-04  5.816999051884100E-04  2.7958643E-04 -2.535001363911523E-04  2.7941942E-04  9.805668679885163E-04  2.7956059E-04  2.812947252050074E-04  2.7945053E-04  5.873516323357613E-04  2.7951092E-04 -2.930456219256126E-04  2.7950410E-04 -1.719737882275888E-04  2.7955201E-04  4.195173066203789E-04  2.7946393E-04  1.144460970212236E-05          0
 625.0  3.391039754974437E-03  2.7961296E-04  3.928980850475411E-04  2.7936963E-04  8.845268250257724E-04  2.7962560E-04 -2.729229705668001E-04  2.7938037E-04  1.020956896204659E-03  2.7959121E-04  1.947898846530866E-04  2.7941989E-04  8.672165672684072E-04  2.7955314E-04 -4.439191746858729E-04  2.7946183E-04 -4.912893714042587E-04  2.7947833E-04  3.911796761228509E-04  2.7953666E-04  1.141903782903636E-05          0
 630.0  3.420779781348676E-03  2.7965267E-04  3.222469364013330E-04  2.7932933E-04  1.167688575964765E-03  2.7963470E-04 -2.834398853718218E-04  2.7937112E-04  1.060211908452486E-03  2.7957932E-04  2.526077446734649E-04  2.7943197E-04  9.336312823969355E-04  2.7955964E-04 -5.998017205515372E-04  2.7945459E-04 -7.196271168044955E-04  2.7943259E-04  1.213876353451698E-05  2.7958160E-04  1.139385675196762E-05          0
 635.0  3.420938043153244E-03  2.7968086E-04  2.669927130757755E-04  2.7930071E-04  1.368135385303106E-03  2.7959577E-04 -2.773144337175181E-04  2.7941006E-04  1.000893152870452E-03  2.7957076E-04  2.896405245576731E-04  2.7944090E-04  6.563231916118392E-04  2.7949252E-04 -7.135634373397149E-04  2.7952101E-04 -7.896832465947385E-04  2.7941624E-04 -1.852779208394840E-04  2.7959829E-04  1.136883897530385E-05          0
