   1.0.0 # v: lpa-xrd version
8.00e+14 # d: dislocation density [m^-2]
 1  1  0 # z: direction of 'l' (line vector) [uvw]
 1  1  0 # b: Burgers vector direction [uvw]
 2  0  0 # g: diffraction vector direction (hkl)
0.250000 # C: contrast coefficient [1]
0.404940 # a: cell parameter [nm]
    6400 # s: side of the region of interest [nm] PBC1
0.345000 # nu: Poisson's number [1]
   32768 # nd: number of dislocations in the input file
  200000 # np: number of random points
#    L                   cos1       err_cos1                   sin1       err_sin1                   cos2       err_cos2                   sin2       err_sin2                   cos3       err_cos3                   sin3       err_sin3                   cos4       err_cos4                   sin4       err_sin4                   cos5       err_cos5                   sin5       err_sin5                   eps2       nrpo
   3.5  9.375624665889859E-01  5.2942877E-05 -8.754066266698250E-03  1.2410145E-04  7.941279650775798E-01  1.1630825E-04 -1.542888006598929E-02  2.0527584E-04  6.142325983064478E-01  1.7994363E-04 -1.899376836467868E-02  2.4912786E-04  4.369291806761981E-01  2.2751649E-04 -1.956208941454311E-02  2.6828534E-04  2.874810631663660E-01  2.5596728E-04 -1.777644788961480E-02  2.7551564E-04  4.631213330627687E-04          0
   7.0  7.894568998896978E-01  1.2023899E-04 -1.536746954661930E-02  2.0589325E-04  4.339446892018612E-01  2.2837379E-04 -1.949225894742962E-02  2.6839324E-04  1.745580854726362E-01  2.7023942E-04 -1.430667247415908E-02  2.7814768E-04  5.348577634785150E-02  2.7844965E-04 -7.056320834656260E-03  2.7932834E-04  1.266851249892640E-02  2.7946480E-04 -2.736752496223347E-03  2.7943825E-04  4.271165958730387E-04          0
  10.5  6.044317165477112E-01  1.8442293E-04 -1.874688868238227E-02  2.4980242E-04  1.724535907664330E-01  2.7049049E-04 -1.409635236214842E-02  2.7815657E-04  2.654280321982825E-02  2.7924037E-04 -4.261512266329057E-03  2.7940590E-04  2.163705422496405E-03  2.7947340E-04 -1.465626824463199E-03  2.7952717E-04 -1.349931304736201E-04  2.7951054E-04 -1.002246981943326E-03  2.7949949E-04  4.062495571445714E-04          0
  14.0  4.237257609226355E-01  2.3114806E-04 -1.900346782494785E-02  2.6881760E-04  5.170604135058404E-02  2.7848156E-04 -6.673445881160811E-03  2.7937656E-04  1.958171268785685E-03  2.7945870E-04 -1.510982769021384E-03  2.7954247E-04 -3.022152916027276E-04  2.7948569E-04 -8.993944435748910E-04  2.7952573E-04  1.990048962315407E-04  2.7952348E-04 -3.073991440690485E-04  2.7949050E-04  3.914991191716122E-04          0
  17.5  2.734374243252916E-01  2.5837541E-04 -1.691727473761266E-02  2.7585929E-04  1.197732551510609E-02  2.7941103E-04 -2.634017050599046E-03  2.7950197E-04 -6.368938877505654E-04  2.7952473E-04 -1.053692461115535E-03  2.7948543E-04 -1.583167475591019E-04  2.7953387E-04 -3.905863961562875E-04  2.7948027E-04 -2.468496886891704E-04  2.7955719E-04 -1.567483105405989E-04  2.7945762E-04  3.801125819050339E-04          0
  21.0  1.632461621347277E-01  2.7141176E-04 -1.346555197993138E-02  2.7833532E-04  1.728395127510764E-03  2.7941761E-04 -1.575910341699834E-03  2.7958594E-04 -5.098203165231723E-04  2.7949938E-04 -6.280251934273035E-04  2.7951362E-04 -6.047716624445628E-04  2.7960722E-04 -3.589490893978353E-04  2.7940760E-04  1.802942731256117E-04  2.7947870E-04  2.435597209735955E-05  2.7953686E-04  3.707393423358943E-04          0
  24.5  9.052256221555895E-02  2.7666022E-04 -9.551016940119049E-03  2.7924555E-04 -8.130961908757380E-04  2.7950926E-04 -1.070499681750488E-03  2.7950077E-04 -5.992120531990885E-04  2.7948347E-04 -5.383329357316644E-04  2.7953122E-04  3.156635260478953E-05  2.7943402E-04 -2.025094722852614E-04  2.7958148E-04  8.237054144875915E-05  2.7958225E-04  1.755272105231028E-04  2.7943410E-04  3.628139750375000E-04          0
  28.0  4.669464481539042E-02  2.7854719E-04 -6.176820665918757E-03  2.7951950E-04 -1.092686131126382E-03  2.7950240E-04 -6.666352370910386E-04  2.7950821E-04 -3.467119904857185E-04  2.7957018E-04 -3.053181402620292E-04  2.7944460E-04 -2.083553395159778E-05  2.7952568E-04  2.022153106087424E-04  2.7948990E-04 -4.348444200305874E-05  2.7952135E-04  4.061549623415038E-04  2.7949511E-04  3.559710824687464E-04          0
  31.5  2.251365922542634E-02  2.7920125E-04 -3.702120127142439E-03  2.7954364E-04 -6.357931671916852E-04  2.7956523E-04 -3.779995550779600E-04  2.7944712E-04  2.687193276682108E-04  2.7952491E-04 -1.069362217612398E-04  2.7949034E-04  4.189675934079419E-04  2.7956427E-04  4.251854285965770E-04  2.7945187E-04  1.055220022780143E-04  2.7943018E-04  7.856308447601059E-05  2.7958668E-04  3.499153367351732E-04          0
  35.0  1.009548198209618E-02  2.7937872E-04 -2.105162386392424E-03  2.7956116E-04 -5.364763780047872E-04  2.7958541E-04 -3.191894451035499E-04  2.7942781E-04  5.658427678375737E-04  2.7946125E-04  1.878964109995674E-04  2.7955424E-04  5.602144633132188E-04  2.7943103E-04 -5.100311671205376E-05  2.7958519E-04  4.020028008726678E-04  2.7953748E-04 -6.112775082885871E-05  2.7947914E-04  3.445233758307720E-04          0
  38.5  4.079854774260287E-03  2.7940243E-04 -1.278514486091971E-03  2.7958972E-04 -6.579511753221465E-04  2.7955428E-04 -2.201156915047669E-04  2.7945964E-04  3.199065570668490E-04  2.7943961E-04  3.753066355188441E-04  2.7957640E-04  3.377911182667764E-04  2.7947423E-04 -3.351386168276721E-04  2.7954232E-04  4.606586606228824E-04  2.7951150E-04  3.613094995534641E-04  2.7950497E-04  3.396218410782614E-04          0
  42.0  1.346736624822342E-03  2.7943414E-04 -9.591065475869684E-04  2.7957115E-04 -4.906583060752129E-04  2.7949076E-04 -1.501312136513920E-05  2.7952346E-04  4.166504289191955E-04  2.7947929E-04  4.678021454108513E-04  2.7953701E-04 -1.131744490081690E-04  2.7953557E-04 -2.643715040393644E-04  2.7948029E-04 -1.689764599943438E-04  2.7954556E-04  2.015532827774494E-05  2.7947091E-04  3.351288522586794E-04          0
  45.5  1.430797574690628E-04  2.7947074E-04 -7.883291226821614E-04  2.7953752E-04 -2.358186798974433E-04  2.7949162E-04  1.509694461420365E-06  2.7952319E-04  4.365473524670736E-05  2.7950404E-04  3.468228382919868E-04  2.7951179E-04 -1.091497419828154E-04  2.7950787E-04  6.142492541601650E-05  2.7950828E-04  6.941175825273213E-05  2.7951297E-04  1.179369261861000E-04  2.7950367E-04  3.309906313840011E-04          0
  49.0 -4.811137685372479E-04  2.7950227E-04 -7.048882980727113E-04  2.7950660E-04 -9.942012856030646E-06  2.7950766E-04  3.133993376011456E-05  2.7950754E-04 -1.471639897191538E-04  2.7954922E-04  2.336290000220765E-05  2.7946713E-04  2.365426370329012E-06  2.7955101E-04  1.481392800835051E-04  2.7946574E-04  1.566877503662562E-04  2.7952314E-04  3.039251824636046E-05  2.7949308E-04  3.271855154399017E-04          0
  52.5 -7.830738536567072E-04  2.7952282E-04 -5.960823431593411E-04  2.7948660E-04  1.329118229751310E-04  2.7951077E-04  9.805197106467091E-05  2.7950471E-04 -1.766188203269696E-04  2.7952070E-04 -2.372727270316795E-04  2.7949573E-04  2.254247915133841E-05  2.7952614E-04 -4.939252553680515E-04  2.7949067E-04  3.006857758165573E-04  2.7949017E-04  4.256855074187915E-05  2.7952685E-04  3.236392761429342E-04          0
  56.0 -8.837120812729132E-04  2.7949063E-04 -3.440168127942501E-04  2.7951980E-04 -1.045361832440262E-04  2.7953851E-04  2.108767976322633E-04  2.7947711E-04 -2.452051521546746E-04  2.7950113E-04 -2.249683427351529E-04  2.7951507E-04  2.196305686554419E-04  2.7947990E-04 -5.315831485458415E-04  2.7953691E-04  3.117330475467901E-06  2.7949568E-04  2.932549548024502E-04  2.7952128E-04  3.203266573394375E-04          0
  59.5 -8.516971094713638E-04  2.7946752E-04 -1.416699265890153E-04  2.7954378E-04 -2.751331080716061E-04  2.7947562E-04  2.255509134051159E-04  2.7954038E-04 -1.477252916514215E-04  2.7950163E-04 -5.768549748769784E-05  2.7951456E-04 -2.303028144700703E-04  2.7948194E-04 -3.377428063804498E-04  2.7953479E-04 -5.797578757940943E-04  2.7950508E-04 -4.026709978233781E-04  2.7951180E-04  3.171981297301605E-04          0
  63.0 -7.179202002224966E-04  2.7948041E-04  2.009121653540655E-05  2.7953194E-04 -1.856940389768207E-04  2.7948233E-04  1.541551849660206E-04  2.7953429E-04 -2.885121040640006E-04  2.7949888E-04 -3.537778136329835E-05  2.7951699E-04 -1.847667088318743E-04  2.7955818E-04  9.810835943600406E-05  2.7945865E-04 -4.588059141458669E-04  2.7951069E-04 -3.635795250072393E-04  2.7950536E-04  3.142470069463923E-04          0
  66.5 -4.420306288426659E-04  2.7951182E-04 -4.740079480551790E-05  2.7950122E-04  3.851754996660267E-05  2.7955430E-04 -9.285192277833821E-05  2.7946230E-04 -1.128799971530438E-04  2.7953292E-04 -1.852073338881020E-04  2.7948339E-04  3.293839209203470E-04  2.7957051E-04 -7.468653107290533E-06  2.7944592E-04 -1.610206438723190E-05  2.7954642E-04  7.758107976607404E-05  2.7947058E-04  3.114617127606343E-04          0
  70.0 -3.109882316406877E-04  2.7952167E-04 -2.118359952623980E-04  2.7949175E-04  1.081777215832938E-04  2.7952969E-04  1.718723321604199E-05  2.7948676E-04  3.023004787317347E-06  2.7955542E-04 -3.269939561932043E-04  2.7946151E-04  1.531392514693228E-04  2.7951248E-04  1.348826896456767E-04  2.7950361E-04 -1.532622627858610E-04  2.7952863E-04  3.585870859352472E-04  2.7948824E-04  3.088140319882327E-04          0
  73.5 -2.868844197775482E-04  2.7953178E-04 -4.793195294800705E-04  2.7948172E-04  1.785900955171889E-04  2.7950806E-04  1.849504592253360E-04  2.7950786E-04  3.026433166133835E-04  2.7951646E-04  4.705152974580363E-06  2.7950019E-04  6.501954814285590E-08  2.7949297E-04 -2.328850960418612E-04  2.7952334E-04  1.872588563309695E-04  2.7955007E-04 -1.049411379619899E-04  2.7946649E-04  3.062821313024737E-04          0
  77.0 -3.728738783953806E-04  2.7951137E-04 -6.038091674161209E-04  2.7950225E-04  2.949127054958575E-05  2.7948488E-04  1.620463657756584E-04  2.7953098E-04  8.690840433559250E-05  2.7946274E-04  1.958288135342054E-05  2.7955354E-04 -1.649359188726789E-04  2.7950023E-04 -5.510462236215819E-05  2.7951610E-04  7.355609308555487E-05  2.7948563E-04 -2.503447036855219E-04  2.7953059E-04  3.038737799269078E-04          0
  80.5 -5.381457779631510E-04  2.7946301E-04 -6.108191173739944E-04  2.7955092E-04 -3.187941826028786E-04  2.7952782E-04  2.631041005690204E-04  2.7948860E-04 -1.564849854715014E-04  2.7951975E-04  1.631595537944599E-04  2.7949613E-04  1.405328468227989E-04  2.7951687E-04  3.970268198320939E-04  2.7949964E-04  2.843134412202783E-04  2.7947828E-04  2.830116985380188E-04  2.7953845E-04  3.015869122802894E-04          0
  84.0 -6.905941008875249E-04  2.7947097E-04 -5.371449358758451E-04  2.7954334E-04 -2.625286560495038E-04  2.7958600E-04  1.891054586158004E-04  2.7943040E-04 -5.277315060057960E-04  2.7958596E-04  1.788520034252057E-04  2.7942985E-04  5.561411207460092E-04  2.7948724E-04 -6.117071083772225E-05  2.7952872E-04  2.415473298515337E-04  2.7947225E-04  5.575534253117608E-04  2.7954407E-04  2.993937545684555E-04          0
  87.5 -8.926002245934009E-04  2.7949833E-04 -5.625473038579017E-04  2.7951605E-04 -6.541895644479961E-05  2.7959555E-04  1.262369866386716E-04  2.7942019E-04 -3.118361379701077E-04  2.7950267E-04 -8.712852655715070E-05  2.7951403E-04  6.252796811843582E-04  2.7953103E-04 -4.493805779789838E-05  2.7948544E-04 -4.761658466533600E-04  2.7948916E-04  1.768484419427907E-05  2.7952768E-04  2.972960114794318E-04          0
  91.0 -1.038763426341401E-03  2.7948968E-04 -5.962352310254543E-04  2.7952421E-04 -1.234392365575865E-04  2.7954205E-04  3.004035327892238E-04  2.7947358E-04  1.217682426822468E-04  2.7952137E-04  4.581019546788284E-05  2.7949511E-04  2.425402680165912E-04  2.7948974E-04 -4.130254764637447E-04  2.7952652E-04 -6.008466740699536E-04  2.7951199E-04 -3.420485965203693E-05  2.7950507E-04  2.952756379206400E-04          0
  94.5 -8.692471546250398E-04  2.7945117E-04 -6.005556473678713E-04  2.7956186E-04 -3.947653257663948E-04  2.7953114E-04  4.758272277366048E-04  2.7948430E-04  2.458187096416641E-04  2.7957586E-04  1.225274257804961E-04  2.7944060E-04  1.658425034437422E-04  2.7945223E-04 -3.176126885984185E-04  2.7956434E-04  2.086408959482539E-04  2.7953071E-04 -2.087621767587052E-04  2.7948616E-04  2.933202931814239E-04          0
  98.0 -5.708919142826735E-04  2.7940478E-04 -5.928782143613658E-04  2.7960738E-04 -7.228765191622476E-04  2.7952818E-04  4.150942871097788E-04  2.7948742E-04  1.437584517745083E-04  2.7945912E-04  1.072708967589718E-05  2.7955684E-04  1.443672311205490E-04  2.7947855E-04 -1.143953326276252E-05  2.7953811E-04  1.960120248615014E-04  2.7951017E-04 -2.054900448842132E-04  2.7950693E-04  2.914386868775394E-04          0
 101.5 -1.977578993485640E-04  2.7943081E-04 -6.651057471070598E-04  2.7958072E-04 -5.354188181094705E-04  2.7946894E-04 -1.657462304074135E-04  2.7954698E-04  2.244703293680772E-04  2.7950716E-04  5.310015858022589E-05  2.7950913E-04 -2.821547349155066E-04  2.7954175E-04  1.210241337243828E-04  2.7947528E-04  6.994100448820386E-05  2.7944948E-04  2.699190183035201E-04  2.7956738E-04  2.896184458993202E-04          0
 105.0  1.066446534778708E-04  2.7945046E-04 -8.736313622290602E-04  2.7956090E-04 -3.969390868970148E-04  2.7944338E-04 -6.000002251128069E-04  2.7957258E-04  8.102145720294931E-04  2.7943847E-04  2.032681954353296E-04  2.7957793E-04 -4.642006901369417E-04  2.7947609E-04  3.710615754185477E-04  2.7954017E-04 -2.489153758491849E-04  2.7948582E-04 -8.142371354334424E-05  2.7953117E-04  2.878712668771225E-04          0
 108.5  3.437963627338108E-04  2.7944724E-04 -1.142085761744020E-03  2.7956493E-04 -4.248583583776150E-04  2.7948806E-04 -5.806385581190609E-04  2.7952791E-04  7.040435183773563E-04  2.7951224E-04  8.592111916665104E-05  2.7950437E-04 -1.446009138169087E-04  2.7952490E-04  2.051103384982215E-04  2.7949160E-04 -5.045890988689974E-04  2.7944701E-04 -1.332803678169901E-04  2.7956913E-04  2.861801121845021E-04          0
 112.0  3.387679093676211E-04  2.7945690E-04 -1.495055972230653E-03  2.7955593E-04 -3.590141706991036E-04  2.7950580E-04 -4.040861870920009E-04  2.7951052E-04  1.798859162205589E-04  2.7945811E-04 -1.190596755149035E-04  2.7955861E-04 -1.739221238673424E-05  2.7944779E-04  9.661221153331046E-05  2.7956891E-04 -4.693724896620452E-04  2.7947845E-04  1.498931119512623E-04  2.7953784E-04  2.845462139551620E-04          0
 115.5  1.626468773923398E-04  2.7947454E-04 -1.779524756671034E-03  2.7953891E-04 -2.340742194557493E-04  2.7947272E-04 -1.280873926820204E-04  2.7954402E-04 -6.609772074544350E-05  2.7946640E-04  1.694863649218422E-05  2.7954989E-04 -2.548765460906332E-04  2.7953534E-04  5.466372841140725E-04  2.7948119E-04 -2.682671159488361E-04  2.7950549E-04 -3.188044826118173E-04  2.7951104E-04  2.829637657479195E-04          0
 119.0 -5.628415299475982E-05  2.7949756E-04 -1.803736443098152E-03  2.7951635E-04 -7.019408049838928E-05  2.7949332E-04 -1.874731132602954E-04  2.7952344E-04  2.511107290722622E-04  2.7949490E-04 -1.898048287293606E-04  2.7952186E-04 -1.085265299684692E-04  2.7952071E-04 -1.322882295795187E-04  2.7949625E-04 -6.474015989802945E-04  2.7956689E-04 -7.657289627066584E-05  2.7944991E-04  2.814333720941207E-04          0
 122.5 -2.276571834801302E-04  2.7954335E-04 -1.746743939588521E-03  2.7947086E-04  2.565955531552086E-04  2.7952193E-04 -1.491109774758846E-04  2.7949479E-04  3.797352147496528E-04  2.7945283E-04 -4.848166365448987E-04  2.7956384E-04  9.572155502810307E-05  2.7953921E-04  1.833493655599789E-05  2.7947768E-04 -8.571416953165259E-05  2.7952244E-04  2.580035934548992E-04  2.7949465E-04  2.799371936606857E-04          0
 126.0 -2.449207021996544E-04  2.7954993E-04 -1.456485141674181E-03  2.7946456E-04  3.022535675621612E-04  2.7956079E-04 -1.299462869580464E-05  2.7945573E-04  2.475646360126423E-04  2.7950299E-04 -4.134386368939148E-04  2.7951372E-04  3.746205567928408E-04  2.7951380E-04  1.941532056870237E-04  2.7950273E-04 -1.207062946090939E-05  2.7946438E-04 -1.960178326757113E-04  2.7955260E-04  2.784801676168814E-04          0
 129.5 -1.342136463141142E-04  2.7954334E-04 -1.184937616534538E-03  2.7947116E-04  2.536023197611470E-04  2.7952705E-04  1.098427854946891E-04  2.7948926E-04 -1.273091338993969E-04  2.7948692E-04 -4.805850075153674E-04  2.7953005E-04  1.355431867596897E-04  2.7943769E-04 -3.033572235030164E-04  2.7957860E-04 -4.312141803940351E-04  2.7949898E-04 -2.052663597003062E-04  2.7951791E-04  2.770637018017107E-04          0
 133.0  1.863348791519788E-05  2.7953266E-04 -1.025438341369116E-03  2.7948131E-04  1.769512271461664E-04  2.7949335E-04  2.666636820876664E-04  2.7952323E-04 -1.100635676151622E-04  2.7953451E-04 -1.857035626885394E-04  2.7948269E-04 -1.057193536057812E-04  2.7943437E-04  1.060654287175421E-04  2.7958206E-04 -2.579045463732685E-04  2.7955383E-04 -6.547759856170558E-05  2.7946266E-04  2.756914314641989E-04          0
 136.5  8.390954772150946E-05  2.7952843E-04 -9.238228274902245E-04  2.7948516E-04  1.469964900671970E-04  2.7949416E-04  3.640884431556767E-04  2.7952227E-04  3.304072898031815E-04  2.7952971E-04  1.121850369520130E-04  2.7948681E-04 -1.008984083507899E-04  2.7952624E-04  2.678488177524156E-04  2.7949043E-04  6.989256293596386E-05  2.7949252E-04  1.501596416253438E-04  2.7952400E-04  2.743517609648242E-04          0
 140.0 -6.909123691119749E-06  2.7950680E-04 -9.845098722097326E-04  2.7950637E-04 -6.785160530126186E-06  2.7954760E-04  2.283017157866080E-04  2.7946848E-04  4.946778668826095E-04  2.7950265E-04 -3.529607966329094E-04  2.7951414E-04  2.831842158023258E-04  2.7952345E-04  2.964406773034113E-04  2.7949378E-04  1.174599903719542E-04  2.7948259E-04 -4.889110280858049E-04  2.7953407E-04  2.730443253889500E-04          0
 143.5 -7.002790433218379E-05  2.7948999E-04 -9.800851819914669E-04  2.7952336E-04 -1.276679799267436E-04  2.7954913E-04  1.498952713913956E-05  2.7946677E-04  2.811783188469914E-04  2.7951518E-04 -4.760402017726302E-04  2.7950144E-04  2.961634067243945E-04  2.7953283E-04  3.685387997808603E-04  2.7948406E-04  4.279103949578262E-04  2.7953533E-04  1.361003567519947E-04  2.7948140E-04  2.717628294094546E-04          0
 147.0 -2.688960129676060E-04  2.7947320E-04 -8.589157758548945E-04  2.7954041E-04 -2.481001153195251E-04  2.7961934E-04 -2.111998615295218E-04  2.7939647E-04  9.320301241853402E-05  2.7949627E-04  1.237691318671088E-04  2.7952035E-04  7.993645410797927E-04  2.7946741E-04  3.163465362246439E-05  2.7954874E-04  4.432812647018432E-04  2.7954255E-04  7.251763962609739E-05  2.7947414E-04  2.705109932341017E-04          0
 150.5 -3.102896917306801E-04  2.7944780E-04 -7.019124736663950E-04  2.7956626E-04 -4.294814925803715E-04  2.7950886E-04 -9.817019124290597E-05  2.7950680E-04  1.738758008954213E-05  2.7947055E-04  1.779865021266484E-04  2.7954579E-04  7.603002528132734E-06  2.7954208E-04  7.552583635769890E-05  2.7947434E-04 -1.088641052546114E-04  2.7947685E-04 -5.977897829159500E-05  2.7953977E-04  2.692866888137309E-04          0
 154.0 -2.715463485993780E-04  2.7946054E-04 -5.852331325283935E-04  2.7955387E-04 -3.371114853526216E-04  2.7943751E-04 -4.658095713318061E-05  2.7957812E-04  4.140184721371398E-04  2.7952420E-04  2.845195067354770E-06  2.7949196E-04 -5.033318594957676E-04  2.7949799E-04  1.075966797200147E-04  2.7951873E-04 -9.226748603914733E-04  2.7949864E-04 -3.454332725345632E-04  2.7951730E-04  2.680980821553573E-04          0
 157.5 -9.996464705187917E-05  2.7947804E-04 -5.022901937131555E-04  2.7953639E-04 -2.100101338989422E-04  2.7951243E-04 -1.680610869326777E-04  2.7950340E-04  4.983241600282710E-04  2.7948727E-04 -2.553579851002138E-04  2.7952920E-04  3.266624249492807E-05  2.7959025E-04 -2.341878975862617E-04  2.7942674E-04 -3.778013373180421E-04  2.7949776E-04  6.356560787715637E-05  2.7951916E-04  2.669360620916247E-04          0
