   1.0.0 # v: lpa-xrd version
5.00e+13 # d: dislocation density [m^-2]
 1  1  0 # z: direction of 'l' (line vector) [uvw]
 1  1  0 # b: Burgers vector direction [uvw]
 2  0  0 # g: diffraction vector direction (hkl)
0.250000 # C: contrast coefficient [1]
0.404940 # a: cell parameter [nm]
    6400 # s: side of the region of interest [nm] PBC1
0.345000 # nu: Poisson's number [1]
    2048 # nd: number of dislocations in the input file
  200000 # np: number of random points
#    L                   cos1       err_cos1                   sin1       err_sin1                   cos2       err_cos2                   sin2       err_sin2                   cos3       err_cos3                   sin3       err_sin3                   cos4       err_cos4                   sin4       err_sin4                   cos5       err_cos5                   sin5       err_sin5                   eps2       nrpo
   5.0  9.924750247268157E-01  1.6639246E-05  4.192495503887188E-03  4.4901862E-05  9.735618599749092E-01  3.2274302E-05  8.147679091401938E-03  8.3171090E-05  9.452068467161574E-01  4.9815923E-05  1.175450304781713E-02  1.1728652E-04  9.090042828507459E-01  6.8790018E-05  1.489393763222264E-02  1.4737067E-04  8.663950428254260E-01  8.8767863E-05  1.745556634794445E-02  1.7345242E-04  2.670677880305139E-05          0
  10.0  9.728340946346112E-01  3.4585589E-05  8.163151525438303E-03  8.3575764E-05  9.081484341629084E-01  7.0135754E-05  1.486157687166974E-02  1.4756970E-04  8.178872903653982E-01  1.1005901E-04  1.935788721647098E-02  1.9573662E-04  7.128281862125250E-01  1.4962575E-04  2.134120411068468E-02  2.2940057E-04  6.025190082599088E-01  1.8514940E-04  2.088520593300758E-02  2.5111123E-04  2.453531657151415E-05          0
  15.0  9.432576921950462E-01  5.3831346E-05  1.175861311414419E-02  1.1797721E-04  8.166909755243169E-01  1.1117271E-04  1.932386693610321E-02  1.9590571E-04  6.567724990030707E-01  1.6861244E-04  2.134762826753944E-02  2.4162477E-04  4.938825546711098E-01  2.1469529E-04  1.853068189993742E-02  2.6410695E-04  3.488534950008416E-01  2.4562166E-04  1.295170355398224E-02  2.7353714E-04  2.325062632088970E-05          0
  20.0  9.054374294458238E-01  7.4080828E-05  1.482108218250035E-02  1.4826439E-04  7.102716523918421E-01  1.5124339E-04  2.122534700749578E-02  2.2961620E-04  4.927521102672576E-01  2.1507203E-04  1.852693400130381E-02  2.6414720E-04  3.059105945395638E-01  2.5292298E-04  1.079026815520789E-02  2.7517417E-04  1.714697419935594E-01  2.7011750E-04  2.927775483086694E-03  2.7819987E-04  2.231848909713183E-05          0
  25.0  8.609028111981273E-01  9.4981292E-05  1.732046794989936E-02  1.7448167E-04  5.986717728842741E-01  1.8689610E-04  2.077824368423059E-02  2.5131725E-04  3.470625997694383E-01  2.4600611E-04  1.282369257318114E-02  2.7358671E-04  1.710143154324792E-01  2.7017760E-04  2.830801828256230E-03  2.7819886E-04  7.274591720094431E-02  2.7720289E-04 -3.120929628369624E-03  2.7919862E-04  2.160455859875661E-05          0
  30.0  8.111938445543776E-01  1.1594649E-04  1.918408092694330E-02  1.9676008E-04  4.898131661581266E-01  2.1605181E-04  1.837828977782848E-02  2.6426373E-04  2.303567625303009E-01  2.6368977E-04  6.460475884752966E-03  2.7717070E-04  8.696787345949801E-02  2.7646943E-04 -2.320384193683848E-03  2.7910611E-04  2.718203931344777E-02  2.7889403E-04 -4.888427502999483E-03  2.7943020E-04  2.101040095743271E-05          0
  35.0  7.577041140942985E-01  1.3651817E-04  2.040054931253458E-02  2.1532163E-04  3.894827116779531E-01  2.3816573E-04  1.470484233975056E-02  2.7146322E-04  1.446223535187238E-01  2.7252443E-04  1.153537310377142E-03  2.7855825E-04  4.066592317677110E-02  2.7850751E-04 -4.401622233730433E-03  2.7936683E-04  9.217734680542917E-03  2.7914408E-04 -4.604083096396632E-03  2.7963247E-04  2.051119777212856E-05          0
  40.0  7.017756648065623E-01  1.5623953E-04  2.095627119999123E-02  2.3046847E-04  3.013650779583273E-01  2.5379079E-04  1.052110074102421E-02  2.7526975E-04  8.615401815958737E-02  2.7653607E-04 -2.297120673609688E-03  2.7910169E-04  1.768186708178863E-02  2.7904876E-04 -4.835221464984704E-03  2.7953509E-04  2.657954015742173E-03  2.7939345E-04 -3.460160656278975E-03  2.7951172E-04  2.008021793634056E-05          0
  45.0  6.446547243969828E-01  1.7469678E-04  2.095933436254025E-02  2.4258885E-04  2.270818314100960E-01  2.6416066E-04  6.384294597505370E-03  2.7722606E-04  4.889409756456806E-02  2.7824021E-04 -4.144481425581521E-03  2.7931424E-04  7.251754374589824E-03  2.7918529E-04 -4.504093280628261E-03  2.7963223E-04  5.153931616400815E-04  2.7974238E-04 -1.899802259742731E-03  2.7920567E-04  1.970071941871736E-05          0
  50.0  5.874510819535703E-01  1.9161413E-04  2.038083890254732E-02  2.5208821E-04  1.668086879202151E-01  2.7063467E-04  2.707119715100084E-03  2.7825672E-04  2.673228968784386E-02  2.7889710E-04 -4.844979613022086E-03  2.7944314E-04  2.683563881504429E-03  2.7937984E-04 -3.506178686340566E-03  2.7952732E-04 -8.526594932408175E-05  2.7979775E-04 -5.869152356157798E-04  2.7916654E-04  1.936110980011307E-05          0
  55.0  5.311181924586196E-01  2.0682302E-04  1.933629604127713E-02  2.5938197E-04  1.196099541301977E-01  2.7446396E-04 -2.095635335113148E-04  2.7883190E-04  1.415390059997176E-02  2.7911876E-04 -4.870723962005621E-03  2.7955345E-04  6.035746291394846E-04  2.7966114E-04 -2.274247672770162E-03  2.7928359E-04 -2.083076479083575E-04  2.7954317E-04  1.884664865809192E-04  2.7942954E-04  1.905627232008058E-05          0
  60.0  4.765326742332592E-01  2.2020604E-04  1.788728660800976E-02  2.6487726E-04  8.382607425616771E-02  2.7667385E-04 -2.242487963633037E-03  2.7913226E-04  7.193336142792150E-03  2.7919657E-04 -4.431586636920033E-03  2.7962570E-04 -1.746660645783009E-04  2.7980289E-04 -1.114407507102418E-03  2.7915787E-04 -4.088095030404949E-04  2.7943840E-04  6.296325397535863E-04  2.7954065E-04  1.877566256055571E-05          0
  65.0  4.243369995062319E-01  2.3176640E-04  1.613141964648850E-02  2.6895097E-04  5.746977753437608E-02  2.7795627E-04 -3.561467427555264E-03  2.7924731E-04  3.380593944527439E-03  2.7932702E-04 -3.760814889931740E-03  2.7956762E-04 -1.215471245427706E-04  2.7967240E-04 -7.008833690676756E-05  2.7929742E-04 -9.255913115945641E-04  2.7945743E-04  3.320279111415070E-04  2.7952724E-04  1.851760464543899E-05          0
  70.0  3.750667163803330E-01  2.4157363E-04  1.418018348746958E-02  2.7191964E-04  3.863998893540375E-02  2.7864752E-04 -4.308979914744940E-03  2.7932071E-04  1.375816409727609E-03  2.7952033E-04 -2.822064556455824E-03  2.7941170E-04 -9.650043001013364E-05  2.7948990E-04  5.033949680722806E-04  2.7948685E-04 -1.290118364489239E-03  2.7945704E-04 -2.628794924624231E-04  2.7953193E-04  1.827835905877311E-05          0
  75.0  3.291291701516270E-01  2.4974136E-04  1.210284724426843E-02  2.7405585E-04  2.553000035898758E-02  2.7899279E-04 -4.629308959685612E-03  2.7939418E-04  3.358338708221330E-04  2.7968229E-04 -1.876666732833537E-03  2.7926970E-04 -2.716369815416773E-04  2.7945842E-04  6.914594927230887E-04  2.7952296E-04 -1.194395178955728E-03  2.7941559E-04 -1.060573581361037E-03  2.7957745E-04  1.805750772732327E-05          0
  80.0  2.867521827893958E-01  2.5642826E-04  1.001012649911660E-02  2.7558288E-04  1.659825749260125E-02  2.7914385E-04 -4.691719086039326E-03  2.7947762E-04 -1.754449717108563E-04  2.7978875E-04 -9.507776501377913E-04  2.7917392E-04 -6.289761853718469E-04  2.7950020E-04  5.510272531657557E-04  2.7948441E-04 -4.657067336148555E-04  2.7945444E-04 -1.296610261139270E-03  2.7954247E-04  1.784985986949476E-05          0
  85.0  2.481000545415455E-01  2.6180174E-04  7.966496707658855E-03  2.7667640E-04  1.060192961763796E-02  2.7921428E-04 -4.591133434744384E-03  2.7954076E-04 -3.397240012330160E-04  2.7969520E-04 -2.003575305549606E-04  2.7927346E-04 -9.165507074712883E-04  2.7949980E-04  2.649652942954609E-05  2.7948740E-04  6.630128865777407E-04  2.7957222E-04 -8.380983661828448E-04  2.7942723E-04  1.765466342142620E-05          0
  90.0  2.131443314817267E-01  2.6606431E-04  5.987424747194747E-03  2.7745714E-04  6.657204553977359E-03  2.7925445E-04 -4.445833677696132E-03  2.7957939E-04 -3.567531313450476E-04  2.7957451E-04  3.787843579110482E-04  2.7939891E-04 -1.073374913600951E-03  2.7944848E-04 -6.423169851472130E-04  2.7954210E-04  1.624829704820079E-03  2.7960502E-04 -1.583973459819129E-04  2.7939444E-04  1.747169749449184E-05          0
  95.0  1.819025292939097E-01  2.6938129E-04  4.115050568881977E-03  2.7802115E-04  4.050593496252312E-03  2.7934040E-04 -4.045398527746501E-03  2.7954178E-04 -3.328731343760361E-04  2.7948369E-04  7.266178599743445E-04  2.7949396E-04 -7.155480584345700E-04  2.7940735E-04 -9.569232425739079E-04  2.7958640E-04  2.166403331495461E-03  2.7960199E-04  2.915438062389884E-04  2.7939868E-04  1.729826295038885E-05          0
 100.0  1.542086041093658E-01  2.7192512E-04  2.371443477215123E-03  2.7843733E-04  2.291795470552685E-03  2.7942859E-04 -3.551581367272664E-03  2.7948525E-04 -3.880289735143590E-04  2.7948788E-04  7.525775993303550E-04  2.7949286E-04 -2.375701386634776E-04  2.7947097E-04 -8.160936260531730E-04  2.7952638E-04  1.935629087557209E-03  2.7957994E-04  5.326649990040549E-04  2.7942443E-04  1.713392394466856E-05          0
 105.0  1.298834331062166E-01  2.7385759E-04  8.654549128388853E-04  2.7874076E-04  1.136215308587769E-03  2.7955434E-04 -2.965293858774372E-03  2.7937996E-04 -4.894883253566080E-04  2.7949701E-04  5.413156818767494E-04  2.7948674E-04  5.726898390389464E-04  2.7958902E-04 -4.914736551672695E-04  2.7941039E-04  8.769414923202437E-04  2.7958728E-04  4.553296802883752E-04  2.7942060E-04  1.697904298507224E-05          0
 110.0  1.087349322321619E-01  2.7531168E-04 -4.589715978695304E-04  2.7895962E-04  4.004675663285139E-04  2.7968923E-04 -2.329247013581603E-03  2.7925836E-04 -7.004503125881672E-04  2.7948524E-04  1.217680838123082E-04  2.7950049E-04  1.489723969444496E-03  2.7962390E-04 -9.144391962454427E-05  2.7937544E-04  1.311588477231485E-04  2.7956305E-04  8.262068123229951E-05  2.7944520E-04  1.683073540865592E-05          0
 115.0  9.048485740471110E-02  2.7639582E-04 -1.598714825010574E-03  2.7911674E-04 -6.376482451978947E-05  2.7977326E-04 -1.688160376949947E-03  2.7918302E-04 -9.638279341608843E-04  2.7943102E-04 -4.539568138615770E-04  2.7955625E-04  2.068624372807212E-03  2.7960907E-04  4.148544892031004E-04  2.7939102E-04 -2.220389065471939E-04  2.7946638E-04 -4.786010471449641E-04  2.7954101E-04  1.668863912204118E-05          0
 120.0  7.480086945223985E-02  2.7721460E-04 -2.548585428469125E-03  2.7921635E-04 -2.575692268447358E-04  2.7979714E-04 -1.074233770485887E-03  2.7916562E-04 -1.037959830203044E-03  2.7938121E-04 -8.859695650893960E-04  2.7960778E-04  2.229042536547651E-03  2.7957507E-04  9.280397476681329E-04  2.7942704E-04 -1.450779965415965E-04  2.7942113E-04 -8.795604768687825E-04  2.7958508E-04  1.655237949603025E-05          0
 125.0  6.148512986012613E-02  2.7783729E-04 -3.330131360995522E-03  2.7926553E-04 -2.069699440564938E-04  2.7974065E-04 -5.708816009943021E-04  2.7922780E-04 -9.268711065893538E-04  2.7932400E-04 -1.086629072873655E-03  2.7966707E-04  1.819039395538898E-03  2.7954550E-04  1.064402940647412E-03  2.7946035E-04  9.012518247598797E-05  2.7952876E-04 -1.051133450691190E-03  2.7947679E-04  1.642101222237058E-05          0
 130.0  5.023117726246932E-02  2.7831690E-04 -3.912689421109254E-03  2.7927749E-04  2.245510809306857E-05  2.7965595E-04 -1.533989821248527E-04  2.7931768E-04 -4.937348484544710E-04  2.7936440E-04 -1.023618567092150E-03  2.7962945E-04  1.206266963001782E-03  2.7957405E-04  8.959217416604251E-04  2.7943466E-04 -6.224815025155358E-05  2.7961173E-04 -1.031148345428023E-03  2.7939523E-04  1.629509131438169E-05          0
 135.0  4.082536644413796E-02  2.7866835E-04 -4.339609686206023E-03  2.7928407E-04  2.262176946061777E-04  2.7954943E-04  8.413218862041753E-05  2.7942908E-04  1.319901503740468E-04  2.7947624E-04 -7.947752595858483E-04  2.7951971E-04  4.351490735043070E-04  2.7954749E-04  5.595572061198619E-04  2.7946233E-04 -3.842870145829085E-04  2.7963662E-04 -7.979619523136011E-04  2.7937191E-04  1.617429185816584E-05          0
 140.0  3.297794135236255E-02  2.7892088E-04 -4.680901822316096E-03  2.7929344E-04  3.616098062939444E-04  2.7946062E-04  2.397993019066017E-04  2.7952205E-04  7.938237295296183E-04  2.7955809E-04 -4.835156507420016E-04  2.7943945E-04 -2.113363716657444E-04  2.7950126E-04  3.585273568155543E-04  2.7950813E-04 -8.387238809123124E-04  2.7955773E-04 -4.772783279518483E-04  2.7945169E-04  1.605765866262749E-05          0
 145.0  2.648546765757667E-02  2.7910335E-04 -4.921166884934859E-03  2.7930157E-04  4.617578789502956E-04  2.7942211E-04  2.971421051223002E-04  2.7956339E-04  1.393987494641899E-03  2.7958828E-04 -4.791711104423882E-06  2.7940948E-04 -4.949261022990271E-04  2.7950356E-04  3.487048742863365E-04  2.7950511E-04 -1.123921424726817E-03  2.7955104E-04 -5.048267792056605E-04  2.7945825E-04  1.594544740180389E-05          0
 150.0  2.118969249672435E-02  2.7921544E-04 -5.075854234760712E-03  2.7932781E-04  3.996254446585556E-04  2.7940586E-04  2.445864505682585E-04  2.7958098E-04  1.818210369831767E-03  2.7959727E-04  3.788869332968563E-04  2.7940062E-04 -6.162676086389571E-04  2.7951452E-04  1.354781387800900E-04  2.7949370E-04 -9.760732908721115E-04  2.7948860E-04 -7.514062631939349E-04  2.7952119E-04  1.583749284758085E-05          0
 155.0  1.682820031293512E-02  2.7928658E-04 -5.129578087843516E-03  2.7935787E-04  2.841138605565195E-04  2.7940607E-04  1.618181390773961E-04  2.7958147E-04  2.211885059063000E-03  2.7960184E-04  5.894193978629828E-04  2.7939673E-04 -6.182781179955081E-04  2.7958016E-04 -1.915240160987386E-04  2.7942765E-04 -5.769614644263307E-04  2.7956241E-04 -7.560030251222748E-04  2.7944869E-04  1.573274603914679E-05          0
 160.0  1.330751706227918E-02  2.7931979E-04 -5.134700471660111E-03  2.7939937E-04  7.033801484376888E-05  2.7942875E-04  1.469134430251261E-05  2.7955922E-04  2.231823129234640E-03  2.7958917E-04  7.205019877207815E-04  2.7941170E-04 -4.614690048005486E-04  2.7963327E-04 -4.088143447285387E-04  2.7937411E-04 -2.356733835482899E-04  2.7955985E-04 -5.702307277742791E-04  2.7945177E-04  1.563153422150128E-05          0
 165.0  1.045642451105030E-02  2.7933236E-04 -5.064283197566498E-03  2.7944228E-04 -1.658306799134344E-04  2.7945977E-04 -1.989762049075117E-04  2.7952851E-04  2.112797939233841E-03  2.7954043E-04  7.841033370721734E-04  2.7946350E-04 -2.476763915981468E-04  2.7961444E-04 -4.157434122898474E-04  2.7939276E-04  4.004513582202248E-05  2.7950471E-04 -6.178256238794625E-04  2.7950731E-04  1.553353918285478E-05          0
 170.0  8.194362747239212E-03  2.7932838E-04 -4.920256534072412E-03  2.7948790E-04 -4.316539760148683E-04  2.7948398E-04 -4.388755491608729E-04  2.7950443E-04  1.684366049015416E-03  2.7948894E-04  7.355135232357986E-04  2.7951755E-04 -8.260298964734260E-05  2.7960538E-04 -3.047589289431301E-04  2.7940081E-04  2.938401759299283E-04  2.7949348E-04 -6.564169212079396E-04  2.7951903E-04  1.543908895185038E-05          0
 175.0  6.371188441722995E-03  2.7932254E-04 -4.756053949242110E-03  2.7952482E-04 -6.469491707431609E-04  2.7947736E-04 -6.149946333715146E-04  2.7951111E-04  1.039255077135950E-03  2.7945020E-04  4.500787759558124E-04  2.7955807E-04 -1.372780024594386E-04  2.7959967E-04 -1.486295596180572E-04  2.7940718E-04  2.937595054705041E-04  2.7950715E-04 -5.872635659959178E-04  2.7950573E-04  1.534678602238795E-05          0
 180.0  4.880644320033992E-03  2.7932502E-04 -4.580073728438051E-03  2.7954555E-04 -7.550639239949104E-04  2.7947302E-04 -7.988635311076838E-04  2.7951562E-04  5.009592479806102E-04  2.7944099E-04  2.458718638775872E-04  2.7956740E-04 -1.745354873494600E-04  2.7952803E-04  5.383495548154973E-05  2.7947886E-04  1.774505619611738E-04  2.7951415E-04 -3.386952934929058E-04  2.7949912E-04  1.525709564718372E-05          0
 185.0  3.672809338578135E-03  2.7934481E-04 -4.401712255747525E-03  2.7954326E-04 -7.064835902579607E-04  2.7945711E-04 -9.427445605438367E-04  2.7953205E-04  7.671196168755899E-05  2.7942019E-04 -7.359627648314339E-06  2.7958754E-04 -2.933635244202305E-04  2.7949866E-04  4.821950400281244E-05  2.7950902E-04 -1.224994127253524E-04  2.7948888E-04 -3.175448278802144E-04  2.7952419E-04  1.517022909194941E-05          0
 190.0  2.701131613545533E-03  2.7938018E-04 -4.203678574525979E-03  2.7952172E-04 -5.247919020273981E-04  2.7945809E-04 -1.032285704492911E-03  2.7953199E-04 -3.267846781466559E-04  2.7944206E-04 -3.289200862392293E-04  2.7956514E-04 -2.896469441254693E-04  2.7952270E-04 -1.628465212358870E-04  2.7948672E-04 -4.061958899955686E-04  2.7948507E-04 -3.508655661701107E-04  2.7952759E-04  1.508562784016329E-05          0
 195.0  1.946301817154414E-03  2.7942414E-04 -3.930991475431751E-03  2.7948818E-04 -2.636027685295578E-04  2.7947038E-04 -1.028043892859125E-03  2.7952101E-04 -6.198437221971596E-04  2.7945060E-04 -4.261547557938930E-04  2.7955663E-04 -2.033582548624382E-04  2.7957614E-04 -3.352892728599013E-04  2.7943477E-04 -5.001466201513105E-04  2.7955953E-04 -4.553424133635002E-04  2.7945214E-04  1.500353224043231E-05          0
 200.0  1.343174801353578E-03  2.7946272E-04 -3.645742450624356E-03  2.7945776E-04 -2.778096265182450E-05  2.7949295E-04 -9.199596296500671E-04  2.7949959E-04 -7.855668646873210E-04  2.7947197E-04 -2.818605760296642E-04  2.7953545E-04 -4.075831502646624E-05  2.7959253E-04 -2.910015527364337E-04  2.7941906E-04 -3.431818290205214E-04  2.7955082E-04 -4.922384102779153E-04  2.7945990E-04  1.492310857126199E-05          0
 205.0  9.003151235943083E-04  2.7950890E-04 -3.359119904989622E-03  2.7941796E-04  2.726682376342593E-04  2.7953267E-04 -7.451998680953756E-04  2.7946088E-04 -8.768327113548841E-04  2.7952194E-04 -2.724767510101715E-04  2.7948548E-04  2.463956915092919E-04  2.7961151E-04 -2.095290474786461E-05  2.7940027E-04 -1.331712994035749E-04  2.7956603E-04 -4.565026731326683E-04  2.7944518E-04  1.484472675131842E-05          0
 210.0  5.405749590108111E-04  2.7955843E-04 -3.019103044705846E-03  2.7937396E-04  6.050403181250742E-04  2.7955521E-04 -4.889407733219267E-04  2.7943920E-04 -9.870436672373003E-04  2.7957614E-04 -2.906912456766843E-04  2.7943134E-04  4.114727975552657E-04  2.7959963E-04  1.757238731660234E-04  2.7941189E-04  2.235256382543584E-05  2.7961988E-04 -4.491241050981969E-04  2.7939228E-04  1.476783503382455E-05          0
 215.0  2.727550676993645E-04  2.7960084E-04 -2.689672289239059E-03  2.7933651E-04  8.905206671179581E-04  2.7956989E-04 -1.332995312281822E-04  2.7942524E-04 -1.049796364887843E-03  2.7958927E-04 -1.358911208041637E-04  2.7941886E-04  5.196726925198653E-04  2.7953347E-04  3.902466329607216E-04  2.7947728E-04 -1.247573946165995E-04  2.7955429E-04 -2.082392735614798E-04  2.7945808E-04  1.469343622769707E-05          0
 220.0  5.642649423339904E-05  2.7962910E-04 -2.368908983853601E-03  2.7931334E-04  1.076477446084337E-03  2.7959476E-04  1.881394482930443E-04  2.7940122E-04 -1.022009459506533E-03  2.7954801E-04  3.429667724150242E-05  2.7946076E-04  6.970573204558759E-04  2.7947107E-04  4.233819820351889E-04  2.7953907E-04 -3.552693933542128E-04  2.7948193E-04 -6.002276928571672E-05  2.7953020E-04  1.462108177277523E-05          0
 225.0 -1.173685277257837E-04  2.7965779E-04 -2.053372511573306E-03  2.7928899E-04  1.268555104505225E-03  2.7959664E-04  4.637579668332286E-04  2.7940092E-04 -9.578329433753458E-04  2.7943865E-04  1.922939166704504E-04  2.7957038E-04  7.037259916735753E-04  2.7949427E-04  4.040161408074330E-04  2.7951625E-04 -3.767464219490338E-04  2.7945290E-04  1.532097221236145E-04  2.7955904E-04  1.454945377914730E-05          0
 230.0 -2.152211235960193E-04  2.7965920E-04 -1.744940435891068E-03  2.7929196E-04  1.267150498724259E-03  2.7958431E-04  6.345189611234078E-04  2.7941515E-04 -8.440278623738527E-04  2.7935535E-04  4.214529944623484E-04  2.7965343E-04  6.051443641955820E-04  2.7951599E-04  1.633262470815041E-04  2.7949553E-04 -5.194840349635397E-04  2.7946678E-04  4.344550205003667E-04  2.7954532E-04  1.447958284348987E-05          0
 235.0 -3.329869307144639E-04  2.7964569E-04 -1.457053339277667E-03  2.7930961E-04  1.161772349414122E-03  2.7956109E-04  7.871993573888652E-04  2.7944007E-04 -6.544454243799178E-04  2.7938507E-04  4.324704670829570E-04  2.7962317E-04  4.294027647857355E-04  2.7949374E-04 -6.319657862818016E-05  2.7951867E-04 -4.666991986736193E-04  2.7953255E-04  6.124200716419793E-04  2.7948001E-04  1.441133761429078E-05          0
 240.0 -4.045109606513239E-04  2.7962326E-04 -1.149428546354220E-03  2.7933615E-04  9.911985000645471E-04  2.7954449E-04  8.616079258670659E-04  2.7945809E-04 -3.748987228630312E-04  2.7943150E-04  3.051449223882193E-04  2.7957616E-04  3.022745402281329E-04  2.7953227E-04 -2.056109488754193E-04  2.7948015E-04 -4.220156682573983E-04  2.7956784E-04  6.197701013379139E-04  2.7944459E-04  1.434493220614820E-05          0
 245.0 -4.244994563953092E-04  2.7957855E-04 -8.465493678343894E-04  2.7938472E-04  6.636899111081846E-04  2.7950888E-04  7.544111428011595E-04  2.7949499E-04 -1.731196440499853E-04  2.7946602E-04  2.078792854123348E-04  2.7954115E-04  4.079418429624602E-05  2.7949253E-04 -1.067529131763392E-04  2.7951882E-04 -2.044799954523080E-04  2.7952533E-04  4.110630124929564E-04  2.7948747E-04  1.427974051821960E-05          0
 250.0 -4.415758132229459E-04  2.7952886E-04 -5.801918656442575E-04  2.7943807E-04  3.014219508504889E-04  2.7948748E-04  5.700728202825136E-04  2.7951730E-04 -1.263138672977256E-05  2.7949897E-04 -5.310559243158036E-05  2.7950781E-04 -1.148974047617543E-04  2.7952690E-04 -8.721303987813166E-06  2.7948329E-04 -4.409340485523741E-05  2.7948454E-04  3.675811547417732E-04  2.7952874E-04  1.421597845604773E-05          0
 255.0 -4.759287503700423E-04  2.7947873E-04 -3.547279026149397E-04  2.7949112E-04 -6.308751177036776E-05  2.7948527E-04  3.141707962907299E-04  2.7952000E-04  1.703434884182824E-04  2.7950196E-04 -3.164584397039015E-04  2.7950496E-04 -1.289014249320930E-04  2.7956785E-04  5.694467882221245E-05  2.7944290E-04  2.782691585572743E-04  2.7946412E-04  1.808297523605650E-04  2.7954945E-04  1.415266859653913E-05          0
 260.0 -4.778815116523501E-04  2.7942290E-04 -1.542623858424410E-04  2.7954919E-04 -4.663599010928627E-04  2.7948771E-04  4.263571662405518E-05  2.7951776E-04  3.128007798416406E-04  2.7953706E-04 -5.403110969781925E-04  2.7947000E-04 -1.067189982336145E-04  2.7952553E-04  1.180916456183126E-04  2.7948582E-04  4.572292100812116E-04  2.7953449E-04  3.952780227058886E-05  2.7947969E-04  1.409110128262782E-05          0
 265.0 -4.413298841880764E-04  2.7936813E-04  4.363462258589113E-05  2.7960583E-04 -8.618975646274116E-04  2.7950892E-04 -1.473988067564747E-04  2.7949647E-04  4.323645271853881E-04  2.7955641E-04 -5.228165545366272E-04  2.7945099E-04  5.014344611258493E-05  2.7948910E-04  1.470409682101662E-04  2.7952219E-04  3.554567251711168E-04  2.7950587E-04  4.641182987934646E-05  2.7950889E-04  1.403056975595766E-05          0
 270.0 -4.134695692292280E-04  2.7932587E-04  2.138317614410602E-04  2.7964941E-04 -1.167105452800999E-03  2.7954253E-04 -3.166174918153997E-04  2.7946214E-04  6.262485311308457E-04  2.7955833E-04 -3.765241458342740E-04  2.7944978E-04  2.958439911216695E-04  2.7944658E-04  9.438215495128374E-05  2.7956462E-04  9.588766613084559E-05  2.7948071E-04  2.737574828821695E-04  2.7953419E-04  1.397119044977737E-05          0
 275.0 -3.604940712977056E-04  2.7928724E-04  3.764829181628965E-04  2.7968883E-04 -1.445624281298044E-03  2.7956978E-04 -5.039016355029167E-04  2.7943420E-04  7.300052648350785E-04  2.7953979E-04 -2.279568733689857E-05  2.7946937E-04  4.940887174999578E-04  2.7944154E-04 -5.432076879981924E-05  2.7957024E-04  1.324828262196100E-04  2.7955515E-04  2.972260535326365E-04  2.7945952E-04  1.391272673686221E-05          0
 280.0 -2.355586431843451E-04  2.7924949E-04  5.054012693745543E-04  2.7972697E-04 -1.716922712446424E-03  2.7956045E-04 -6.485823893061215E-04  2.7944307E-04  8.026732522168049E-04  2.7949594E-04  2.778605529046857E-04  2.7951354E-04  4.267637882034282E-04  2.7939220E-04 -2.730388196723216E-04  2.7962010E-04  3.340574336482819E-04  2.7961031E-04  3.266832889728770E-04  2.7940387E-04  1.385554755696652E-05          0
 285.0 -1.141895541488838E-04  2.7922947E-04  6.411331026550866E-04  2.7974723E-04 -1.860563249488557E-03  2.7952762E-04 -6.943825937828936E-04  2.7947563E-04  7.700175331140658E-04  2.7950893E-04  5.894673319447019E-04  2.7950038E-04  1.882638215600217E-04  2.7936552E-04 -4.738080031092377E-04  2.7964735E-04  3.009704331075822E-04  2.7950676E-04  3.233097481249130E-04  2.7950617E-04  1.379946973439000E-05          0
 290.0  3.976802530004356E-06  2.7922472E-04  7.536517605055446E-04  2.7975182E-04 -1.893743307823212E-03  2.7949573E-04 -6.010619577866483E-04  2.7950714E-04  6.996497759002099E-04  2.7953800E-04  8.724694408037465E-04  2.7947077E-04 -4.484384907882067E-05  2.7943040E-04 -3.884549206852184E-04  2.7958246E-04  1.734549011972098E-04  2.7943942E-04  2.105686416629342E-04  2.7957313E-04  1.374442041600609E-05          0
 295.0  1.452390273360283E-04  2.7922705E-04  8.974834110393767E-04  2.7974912E-04 -1.875731821628755E-03  2.7948823E-04 -4.801400393956776E-04  2.7951418E-04  5.348052760890847E-04  2.7954583E-04  9.800469202941146E-04  2.7946195E-04 -1.028888915002959E-04  2.7952727E-04 -1.307598008982010E-04  2.7948525E-04 -1.877274607783142E-05  2.7946340E-04 -8.356586359409568E-05  2.7954928E-04  1.369046367166341E-05          0
 300.0  2.528506672826586E-04  2.7925061E-04  9.765354920732691E-04  2.7972519E-04 -1.704788280113765E-03  2.7950583E-04 -3.311760755391208E-04  2.7949642E-04  5.088394790106196E-04  2.7953964E-04  9.917451424352763E-04  2.7946756E-04  1.923729686479272E-05  2.7955400E-04  2.420669095175988E-04  2.7945811E-04 -3.120691340089342E-04  2.7943977E-04 -3.371631937000541E-04  2.7957325E-04  1.363696937141583E-05          0
 305.0  3.516267631553784E-04  2.7927692E-04  1.023402768995893E-03  2.7969829E-04 -1.512667992539876E-03  2.7953286E-04 -2.166120011678219E-04  2.7946917E-04  5.489774432569616E-04  2.7951317E-04  1.028302005429854E-03  2.7949432E-04  2.122799858558029E-04  2.7957605E-04  6.617055565038693E-04  2.7943572E-04 -4.548173868539568E-04  2.7948801E-04 -4.363472213618470E-04  2.7952601E-04  1.358448387124269E-05          0
 310.0  4.695998090714861E-04  2.7930437E-04  1.005770917426597E-03  2.7967001E-04 -1.310281951206527E-03  2.7955633E-04 -4.779826870132454E-05  2.7944543E-04  5.596378890673114E-04  2.7948222E-04  1.064521973780431E-03  2.7952625E-04  3.843523659520065E-04  2.7958289E-04  7.546799587466616E-04  2.7942906E-04 -2.510607500883171E-04  2.7951202E-04 -4.230884402693922E-04  2.7950264E-04  1.353341959175425E-05          0
 315.0  5.858622286482578E-04  2.7932123E-04  9.547280970326844E-04  2.7965215E-04 -1.181912392785434E-03  2.7955227E-04  9.591892872400708E-05  2.7944933E-04  5.570748705819711E-04  2.7949666E-04  1.180280560903249E-03  2.7951257E-04  3.619569920186339E-04  2.7958661E-04  5.578468820470652E-04  2.7942616E-04 -3.664316224910658E-05  2.7947553E-04 -2.035589728888789E-04  2.7953920E-04  1.348284951494185E-05          0
 320.0  7.023278072268722E-04  2.7933397E-04  9.010496480792009E-04  2.7963845E-04 -1.083251759566410E-03  2.7954335E-04  1.818773435795551E-04  2.7945837E-04  5.878647842876222E-04  2.7952082E-04  1.276385637924804E-03  2.7948862E-04  3.038548793832335E-04  2.7954457E-04  2.690175687432402E-04  2.7946935E-04  1.687634591242421E-05  2.7944236E-04 -2.267856903131418E-04  2.7957190E-04  1.343337338144760E-05          0
 325.0  8.028326659978477E-04  2.7933499E-04  7.946421316326797E-04  2.7963683E-04 -1.068874349537715E-03  2.7953567E-04  3.011950732137127E-04  2.7946610E-04  4.829452457316464E-04  2.7956764E-04  1.358563132304594E-03  2.7944164E-04  2.539464150509178E-04  2.7951367E-04  1.871588743700854E-05  2.7950124E-04  2.968356928045357E-04  2.7947423E-04  3.841262096335354E-05  2.7954021E-04  1.338456489099933E-05          0
 330.0  8.840685336814375E-04  2.7932940E-04  7.091642020730222E-04  2.7964216E-04 -1.102647846196140E-03  2.7952837E-04  3.517486051361784E-04  2.7947358E-04  3.402621410338123E-04  2.7956974E-04  1.348655476116783E-03  2.7943917E-04  2.049621600276442E-04  2.7954448E-04  1.900794980030729E-05  2.7947045E-04  5.178365509117275E-04  2.7951812E-04  2.912645090923378E-05  2.7949654E-04  1.333644509783925E-05          0
 335.0  9.895755544242352E-04  2.7932654E-04  6.096300357782692E-04  2.7964509E-04 -1.119367270728374E-03  2.7951853E-04  4.672570136893963E-04  2.7948369E-04  1.871116440672638E-04  2.7955723E-04  1.265330169134109E-03  2.7945156E-04  1.362350162480703E-04  2.7957638E-04 -7.549819808013215E-06  2.7943811E-04  4.427289925314698E-04  2.7947419E-04 -1.535229043281064E-04  2.7954053E-04  1.328917367296509E-05          0
 340.0  1.113212758439657E-03  2.7932011E-04  4.816098153937644E-04  2.7965177E-04 -1.162181864607927E-03  2.7951314E-04  5.884749907435788E-04  2.7948922E-04  2.072966818297490E-05  2.7951077E-04  1.124898493929363E-03  2.7949811E-04  9.816467022368874E-05  2.7952697E-04 -1.164572601985748E-04  2.7948727E-04  9.400106698847665E-05  2.7946568E-04 -1.199898688888307E-04  2.7954925E-04  1.324249240314285E-05          0
 345.0  1.219572588979784E-03  2.7931442E-04  3.704264839191333E-04  2.7965779E-04 -1.201198505069476E-03  2.7951865E-04  6.357720780597425E-04  2.7948399E-04 -1.921747252300499E-04  2.7948791E-04  8.771455843889606E-04  2.7952153E-04  1.360910143750813E-04  2.7946140E-04 -1.695649712463771E-04  2.7955218E-04 -1.401241461156827E-04  2.7950026E-04  3.490332387518630E-05  2.7951474E-04  1.319642040303028E-05          0
 350.0  1.300782511254162E-03  2.7931742E-04  2.765962957295207E-04  2.7965532E-04 -1.180251465241061E-03  2.7951766E-04  6.838435175133800E-04  2.7948518E-04 -3.367855059958059E-04  2.7951109E-04  6.423521892696829E-04  2.7949898E-04  1.276005824261969E-04  2.7950414E-04 -1.879228731136880E-04  2.7950898E-04 -1.307424124581375E-04  2.7952915E-04  6.999757447990598E-05  2.7948579E-04  1.315069492746534E-05          0
 355.0  1.412029049180679E-03  2.7933355E-04  2.175579041652010E-04  2.7963990E-04 -1.066534872833866E-03  2.7953227E-04  6.730188450578616E-04  2.7947066E-04 -5.412615313481791E-04  2.7953987E-04  4.982003785122103E-04  2.7947086E-04  2.310207913678351E-04  2.7959109E-04 -1.521405337554448E-04  2.7942189E-04  5.105725181953137E-06  2.7948858E-04  1.091763952388613E-04  2.7952649E-04  1.310622372687342E-05          0
 360.0  1.498388257971697E-03  2.7936183E-04  1.892217002228587E-04  2.7961211E-04 -8.644023659594593E-04  2.7954365E-04  6.452398958996058E-04  2.7945919E-04 -7.167611618620120E-04  2.7954268E-04  3.890679977967601E-04  2.7946831E-04  3.112984614626387E-04  2.7964404E-04  1.250473256358727E-04  2.7936898E-04  2.470093439511636E-04  2.7950530E-04 -1.670770873685155E-04  2.7951001E-04  1.306211522296896E-05          0
 365.0  1.590779393116961E-03  2.7940605E-04  1.948914053795366E-04  2.7956840E-04 -5.485357382269109E-04  2.7954052E-04  5.411677682535764E-04  2.7946218E-04 -7.570401732565027E-04  2.7947476E-04  1.420853178826483E-04  2.7953685E-04  2.872447539992419E-04  2.7967508E-04  2.113028458172673E-04  2.7933858E-04  5.008414614619699E-04  2.7954748E-04 -2.737660259060742E-04  2.7946766E-04  1.301868753710045E-05          0
 370.0  1.680931285660108E-03  2.7944779E-04  1.795983522532228E-04  2.7952721E-04 -2.511653635008035E-04  2.7952931E-04  4.153017607930870E-04  2.7947334E-04 -7.624729590430480E-04  2.7938758E-04 -1.560326969568626E-04  2.7962404E-04  2.034213425765061E-04  2.7962007E-04  1.590770815694628E-04  2.7939420E-04  6.599026116312659E-04  2.7961050E-04 -6.754483541892046E-05  2.7940488E-04  1.297556117387177E-05          0
 375.0  1.754969424529644E-03  2.7949088E-04  2.240416308242253E-04  2.7948440E-04  5.670118009987678E-05  2.7954084E-04  3.223016057172616E-04  2.7946173E-04 -7.805460249214423E-04  2.7937554E-04 -4.187363071080982E-04  2.7963589E-04  2.821164655582528E-04  2.7956969E-04  4.787290576834706E-05  2.7944483E-04  7.474060115087895E-04  2.7957919E-04  1.725044966604995E-04  2.7943591E-04  1.293311243482947E-05          0
 380.0  1.801985695564025E-03  2.7952756E-04  2.931983411870610E-04  2.7944777E-04  3.178811041700092E-04  2.7955258E-04  2.695301339365226E-04  2.7945004E-04 -7.052578938591702E-04  2.7939510E-04 -6.650275715608369E-04  2.7961600E-04  3.609455042833916E-04  2.7950452E-04 -5.251300422398827E-05  2.7951041E-04  8.667221771901668E-04  2.7952078E-04  5.377993791101241E-05  2.7949356E-04  1.289138646066949E-05          0
 385.0  1.822747549509685E-03  2.7955168E-04  3.628130480025935E-04  2.7942323E-04  4.914845820840490E-04  2.7954187E-04  2.430582595445133E-04  2.7946127E-04 -6.370773088585195E-04  2.7943596E-04 -7.688137718347479E-04  2.7957473E-04  2.779378062314310E-04  2.7953495E-04 -2.620000388616458E-04  2.7948004E-04  9.555220527714892E-04  2.7952481E-04 -1.698362471293756E-05  2.7948850E-04  1.285037831556123E-05          0
 390.0  1.846929259985896E-03  2.7956722E-04  4.729033253615912E-04  2.7940652E-04  6.065825343996517E-04  2.7953187E-04  1.689159930384925E-04  2.7947191E-04 -3.751027723147231E-04  2.7947988E-04 -7.728751364519662E-04  2.7953085E-04  2.020728222436650E-04  2.7949014E-04 -5.375250909551879E-04  2.7952417E-04  9.058929265154239E-04  2.7949286E-04 -5.761638534915480E-05  2.7952037E-04  1.280975747889182E-05          0
 395.0  1.871847688324562E-03  2.7956613E-04  5.726207714836435E-04  2.7940623E-04  6.036195680045714E-04  2.7952422E-04 -1.170019052977792E-05  2.7948054E-04 -1.696565584772184E-04  2.7952948E-04 -6.481923739597696E-04  2.7948159E-04  1.430852678280632E-04  2.7948220E-04 -6.663166602321610E-04  2.7953133E-04  8.643632774233218E-04  2.7945341E-04 -4.992705072176975E-05  2.7955994E-04  1.276946042515385E-05          0
 400.0  1.886396681830481E-03  2.7955597E-04  6.905958450646902E-04  2.7941463E-04  5.375333626586764E-04  2.7953394E-04 -1.048191611900028E-04  2.7947174E-04 -2.106939218872508E-04  2.7957563E-04 -5.402480545490692E-04  2.7943548E-04  2.110809737078623E-04  2.7948621E-04 -8.988756140064320E-04  2.7952689E-04  6.660985741658776E-04  2.7944488E-04  2.378621084475660E-04  2.7956869E-04  1.272992021370598E-05          0
 405.0  1.831756078721417E-03  2.7954249E-04  8.373340695029347E-04  2.7942616E-04  4.477996152920633E-04  2.7952144E-04 -1.099443066026888E-04  2.7948480E-04 -2.682366132685490E-04  2.7955280E-04 -3.415673520873346E-04  2.7945850E-04  1.217533365149921E-04  2.7953684E-04 -1.138496565917697E-03  2.7947655E-04  3.165057013819957E-04  2.7946199E-04  5.038182324928089E-04  2.7955167E-04  1.269064988587436E-05          0
 410.0  1.758112497882756E-03  2.7952421E-04  1.017026247079058E-03  2.7944214E-04  3.249310782518855E-04  2.7949626E-04 -2.434390121908387E-04  2.7951013E-04 -4.473333410397541E-04  2.7952105E-04 -1.950951144021892E-04  2.7948989E-04 -5.499701712700414E-05  2.7958862E-04 -1.094111334421682E-03  2.7942505E-04  1.706791292021730E-04  2.7952083E-04  7.118075018134894E-04  2.7949284E-04  1.265176456712769E-05          0
 415.0  1.707195263385311E-03  2.7949703E-04  1.190523111913722E-03  2.7946700E-04  1.377613738865003E-04  2.7949985E-04 -3.480418104259532E-04  2.7950617E-04 -6.923611098205468E-04  2.7947741E-04 -1.463215622613159E-04  2.7953274E-04 -2.400506181356124E-05  2.7963884E-04 -9.756552540724409E-04  2.7937450E-04  6.441251472155874E-05  2.7952257E-04  1.050611229082292E-03  2.7949175E-04  1.261314231467559E-05          0
 420.0  1.607289856736323E-03  2.7948381E-04  1.354677006459067E-03  2.7947796E-04  5.115168576108049E-05  2.7953762E-04 -3.869872639473023E-04  2.7946780E-04 -9.807977731536497E-04  2.7943320E-04 -1.724523563151862E-04  2.7957624E-04  2.520917782132515E-04  2.7959162E-04 -9.419631028527404E-04  2.7942152E-04  3.402345705569609E-04  2.7949212E-04  1.105105260374636E-03  2.7952293E-04  1.257546659563375E-05          0
 425.0  1.519747664952423E-03  2.7948001E-04  1.514767717075471E-03  2.7947971E-04  3.151362145110972E-05  2.7960396E-04 -3.817474130201839E-04  2.7940060E-04 -1.063311676948085E-03  2.7944345E-04 -1.885927576069221E-04  2.7956642E-04  7.329456755834084E-04  2.7949422E-04 -8.091401062191138E-04  2.7951898E-04  5.409721846901410E-04  2.7946406E-04  8.034769580268371E-04  2.7955122E-04  1.253840772115265E-05          0
 430.0  1.409354845722378E-03  2.7948405E-04  1.690006858845105E-03  2.7947410E-04  6.541445730303305E-05  2.7965822E-04 -3.782251119527889E-04  2.7934553E-04 -1.107272123013697E-03  2.7948567E-04 -2.745836538061512E-04  2.7952507E-04  1.125208485600667E-03  2.7950326E-04 -6.843789666304710E-04  2.7950937E-04  5.053621775473807E-04  2.7944640E-04  4.885046022401464E-04  2.7956864E-04  1.250171200707417E-05          0
 435.0  1.298710992153040E-03  2.7949720E-04  1.844397966253737E-03  2.7945959E-04  1.636904305722235E-04  2.7969526E-04 -4.026800723935682E-04  2.7930761E-04 -1.052422441945752E-03  2.7951322E-04 -3.917886057417955E-04  2.7949818E-04  1.393407829799352E-03  2.7958575E-04 -5.323334739146062E-04  2.7942655E-04  9.458557718434635E-05  2.7950500E-04  1.737642495192803E-04  2.7950979E-04  1.246566796516542E-05          0
 440.0  1.218096840724290E-03  2.7951500E-04  1.984995771933290E-03  2.7944132E-04  2.926478800280400E-04  2.7969595E-04 -3.882623255387599E-04  2.7930634E-04 -8.797623321973930E-04  2.7950818E-04 -4.521884571958619E-04  2.7950335E-04  1.399142502334602E-03  2.7961683E-04 -3.711493365705012E-04  2.7939574E-04 -3.352430003749354E-04  2.7954209E-04 -8.829036244188705E-05  2.7947231E-04  1.243013118518473E-05          0
 445.0  1.098052693805785E-03  2.7952751E-04  2.099488673366461E-03  2.7942896E-04  3.817010911233557E-04  2.7967623E-04 -3.021697166073113E-04  2.7932588E-04 -8.150610358126816E-04  2.7949425E-04 -3.681264904353602E-04  2.7951690E-04  1.255285507703126E-03  2.7957067E-04 -9.226194538061939E-05  2.7944254E-04 -3.407214074608204E-04  2.7948527E-04 -3.419534813147433E-04  2.7952864E-04  1.239486639268969E-05          0
 450.0  1.042228339838706E-03  2.7953480E-04  2.158202131150507E-03  2.7942240E-04  4.316136810505031E-04  2.7965168E-04 -1.950660431238328E-04  2.7935049E-04 -7.030533122992816E-04  2.7950212E-04 -2.821147428207011E-04  2.7950870E-04  1.073887539013775E-03  2.7950162E-04  1.151056124820216E-04  2.7951198E-04 -2.070201130762830E-04  2.7943547E-04 -3.174082260410211E-04  2.7957833E-04  1.235998229288578E-05          0
 455.0  9.670900872530684E-04  2.7952970E-04  2.201518588653105E-03  2.7942883E-04  3.895632813281531E-04  2.7963663E-04 -1.095728113162752E-04  2.7936568E-04 -4.044480805491531E-04  2.7950783E-04 -2.882011475113714E-04  2.7950351E-04  9.614350968277410E-04  2.7949336E-04  1.014220716933584E-04  2.7952027E-04  3.688524453872009E-04  2.7946064E-04  9.967780696135554E-08  2.7955306E-04  1.232529557934362E-05          0
 460.0  9.134983309063515E-04  2.7952770E-04  2.157316993885627E-03  2.7943274E-04  3.684553440648306E-04  2.7960612E-04 -7.593312554453978E-05  2.7939646E-04 -1.023256138361961E-04  2.7950873E-04 -1.136322009506758E-04  2.7950310E-04  7.390337307275631E-04  2.7949010E-04  3.163777073710692E-05  2.7952365E-04  7.850370502536795E-04  2.7953031E-04  3.158101413553197E-04  2.7948301E-04  1.229118614138415E-05          0
 465.0  8.591932670065545E-04  2.7952738E-04  2.109291850622419E-03  2.7943552E-04  3.573491705547987E-04  2.7959613E-04 -1.684341358572815E-04  2.7940656E-04  1.110173388193189E-04  2.7950803E-04  3.954237184495807E-05  2.7950409E-04  6.649504931662520E-04  2.7945702E-04  3.698519146205742E-05  2.7955661E-04  7.057841415040662E-04  2.7956665E-04  2.113872796956197E-04  2.7944649E-04  1.225726389928873E-05          0
 470.0  8.840567668815053E-04  2.7952736E-04  2.004288862121673E-03  2.7943834E-04  3.470732683742388E-04  2.7957790E-04 -1.536357961698976E-04  2.7942507E-04  2.132977809079608E-04  2.7952559E-04  1.620040664061497E-04  2.7948629E-04  5.326711801864687E-04  2.7950073E-04  1.398108416502980E-04  2.7951259E-04  4.154888489970955E-04  2.7958102E-04 -1.291992707176709E-04  2.7943262E-04  1.222384392564079E-05          0
 475.0  9.074509368618894E-04  2.7951861E-04  1.888368234811209E-03  2.7944944E-04  2.764464560304278E-04  2.7956330E-04 -2.522936634189146E-04  2.7943996E-04  2.773992996789073E-04  2.7956901E-04  2.260521115106360E-04  2.7944250E-04  4.289036177698836E-04  2.7953483E-04  2.976070151936310E-04  2.7947825E-04 -5.399396800557653E-05  2.7953814E-04 -4.378427903638754E-04  2.7947560E-04  1.219043021988645E-05          0
 480.0  9.483397460627080E-04  2.7950912E-04  1.718445937811367E-03  2.7946106E-04  2.000589155589528E-04  2.7957144E-04 -3.460730987710881E-04  2.7943202E-04  2.958424388999985E-04  2.7963619E-04  1.663448085263910E-04  2.7937483E-04  4.894983757419923E-04  2.7954836E-04  3.919032249477087E-04  2.7946450E-04 -5.941762831499493E-04  2.7951135E-04 -3.338109427145554E-04  2.7950236E-04  1.215763627877491E-05          0
 485.0  9.683800562013439E-04  2.7949975E-04  1.529786347701904E-03  2.7947250E-04  1.245276391162971E-04  2.7960994E-04 -3.665612884631909E-04  2.7939368E-04  3.610112785715939E-04  2.7964725E-04  1.433065231078189E-04  2.7936337E-04  7.671490187699797E-04  2.7953051E-04  4.293639871392160E-04  2.7948172E-04 -1.040447068537111E-03  2.7954104E-04 -1.214741986665670E-04  2.7947205E-04  1.212478487044642E-05          0
 490.0  9.803363144117046E-04  2.7949082E-04  1.294818925285657E-03  2.7948324E-04  5.288282770688005E-05  2.7961290E-04 -4.010735188324164E-04  2.7939073E-04  3.052417163880909E-04  2.7963272E-04  1.611965352934132E-04  2.7937766E-04  7.900778827733579E-04  2.7952042E-04  5.616993058225946E-04  2.7949157E-04 -1.166750632229103E-03  2.7955014E-04 -4.451111058320493E-05  2.7946235E-04  1.209264725355660E-05          0
 495.0  1.018102759080771E-03  2.7950010E-04  1.050333232817219E-03  2.7947554E-04  1.138688289543436E-04  2.7958448E-04 -4.078495844418065E-04  2.7941897E-04  1.925519370815670E-04  2.7959833E-04  2.341264116241563E-04  2.7941184E-04  5.882356216736447E-04  2.7945818E-04  5.698557210356835E-04  2.7955388E-04 -1.015509176706445E-03  2.7953109E-04  6.003082729958891E-05  2.7948182E-04  1.206025571407824E-05          0
 500.0  1.059201741202120E-03  2.7950807E-04  8.033899211658602E-04  2.7946853E-04  1.674014072582228E-04  2.7955076E-04 -4.096804446658783E-04  2.7945259E-04  6.506860579228159E-05  2.7958596E-04  3.168256322270787E-04  2.7942447E-04  3.482519722763491E-04  2.7944854E-04  4.540995290034579E-04  2.7956412E-04 -8.380832346736805E-04  2.7956969E-04  2.316097370562454E-04  2.7944385E-04  1.202808618071972E-05          0
 505.0  1.057614592164894E-03  2.7952110E-04  5.239791270268361E-04  2.7945585E-04  2.597028819223551E-04  2.7953029E-04 -5.853894027299015E-04  2.7947285E-04 -3.799744761498591E-05  2.7956724E-04  3.337758023089634E-04  2.7944346E-04  2.043363369037955E-04  2.7948869E-04  3.031006403554176E-04  2.7952436E-04 -6.365614516338149E-04  2.7954104E-04  3.032224671656825E-04  2.7947300E-04  1.199680445867606E-05          0
 510.0  1.060670182894971E-03  2.7954474E-04  2.429246556453780E-04  2.7943204E-04  4.297467062269392E-04  2.7947475E-04 -7.382929399602351E-04  2.7952780E-04 -4.462953288569523E-05  2.7953617E-04  3.955720866032929E-04  2.7947479E-04 -1.887931301776709E-04  2.7953455E-04 -3.828932943856884E-05  2.7947848E-04 -3.931282375796409E-04  2.7948298E-04  3.635407176370757E-04  2.7953118E-04  1.196585038461113E-05          0
 515.0  1.013899299059507E-03  2.7956093E-04 -4.984123123250972E-05  2.7941516E-04  5.479390590363935E-04  2.7944153E-04 -9.025290301576847E-04  2.7956064E-04 -6.317023796391106E-05  2.7952903E-04  5.406801422385917E-04  2.7948225E-04 -4.242931716533711E-04  2.7955486E-04 -3.694721463675338E-04  2.7945833E-04 -2.509668011877855E-04  2.7944322E-04  4.437656926690554E-04  2.7957071E-04  1.193517352995466E-05          0
 520.0  9.552034536648535E-04  2.7958244E-04 -3.513545062975587E-04  2.7939261E-04  7.051768856372576E-04  2.7940505E-04 -1.088287149918832E-03  2.7959686E-04 -6.616695697052324E-05  2.7951811E-04  4.930209059519077E-04  2.7949322E-04 -6.834620705706982E-04  2.7949303E-04 -8.027705323266006E-04  2.7951968E-04 -2.582059214540835E-04  2.7951064E-04  5.017877781537403E-04  2.7950273E-04  1.190467306079442E-05          0
 525.0  8.825414121519839E-04  2.7960366E-04 -6.911024018681163E-04  2.7936985E-04  8.624377686108871E-04  2.7939856E-04 -1.236531719669426E-03  2.7960348E-04 -6.499261600992920E-05  2.7950052E-04  5.220291811233682E-04  2.7951080E-04 -7.300107323908889E-04  2.7944455E-04 -1.026895268360202E-03  2.7956818E-04 -3.831893311166547E-04  2.7958133E-04  4.844735984946766E-04  2.7943122E-04  1.187462988034121E-05          0
 530.0  7.901986943345265E-04  2.7961285E-04 -1.023627806575703E-03  2.7935868E-04  9.350704274872736E-04  2.7942194E-04 -1.352815029718771E-03  2.7958055E-04 -1.182092735212918E-05  2.7950692E-04  4.722882051342240E-04  2.7950409E-04 -5.645887390430963E-04  2.7947268E-04 -1.037700029039793E-03  2.7954078E-04 -2.399504399297012E-04  2.7955555E-04  3.578046405615609E-04  2.7945717E-04  1.184441379847045E-05          0
 535.0  6.752709449776766E-04  2.7961960E-04 -1.299586814527232E-03  2.7934985E-04  9.896530142434049E-04  2.7946051E-04 -1.423539836999741E-03  2.7954258E-04  5.273523321082556E-05  2.7948898E-04  4.810347372890811E-04  2.7952153E-04 -2.922190380888315E-04  2.7952864E-04 -8.632640133587645E-04  2.7948553E-04  1.062782459121498E-04  2.7947918E-04  5.427750033426066E-04  2.7953393E-04  1.181492260672352E-05          0
 540.0  5.504777656541443E-04  2.7960668E-04 -1.542370469039053E-03  2.7936093E-04  9.031503487492260E-04  2.7949591E-04 -1.372637035700397E-03  2.7950770E-04  7.782956363308838E-05  2.7946085E-04  4.135630179198155E-04  2.7954917E-04 -4.159981088050892E-05  2.7955522E-04 -3.802691310272228E-04  2.7945906E-04  8.515129316072344E-05  2.7948433E-04  8.701342172225369E-04  2.7952961E-04  1.178567914581085E-05          0
 545.0  4.222302061672048E-04  2.7958795E-04 -1.739840792264691E-03  2.7937764E-04  7.764451354392019E-04  2.7951980E-04 -1.265760040661420E-03  2.7948418E-04  6.161445214166863E-05  2.7944849E-04  4.382768187413767E-04  2.7956072E-04  1.274657816677740E-04  2.7957811E-04  5.190285061230055E-05  2.7943594E-04  8.701600975248458E-05  2.7953512E-04  1.079180740426261E-03  2.7947924E-04  1.175672600153132E-05          0
 550.0  2.960637073147343E-04  2.7958280E-04 -1.907753866679146E-03  2.7938049E-04  7.479560687788686E-04  2.7955444E-04 -1.171124420011316E-03  2.7944951E-04  1.727244409086918E-05  2.7948514E-04  3.398365489111132E-04  2.7952359E-04  3.748213345117566E-04  2.7959490E-04  4.432529151366980E-04  2.7941877E-04  8.825501264879911E-05  2.7956850E-04  8.107104731603925E-04  2.7944588E-04  1.172803185807151E-05          0
 555.0  1.524422481774449E-04  2.7957939E-04 -2.016739613785720E-03  2.7938195E-04  7.317533642548824E-04  2.7955861E-04 -1.004562503617010E-03  2.7944484E-04 -7.881877386469542E-05  2.7951278E-04  2.630102176880545E-04  2.7949545E-04  4.057530150672815E-04  2.7958470E-04  7.802269367187647E-04  2.7942896E-04  4.636091859808751E-05  2.7954479E-04  4.870619112073122E-04  2.7946925E-04  1.169943596130903E-05          0
 560.0 -1.243633425211763E-05  2.7957944E-04 -2.052443410085300E-03  2.7938057E-04  7.377689443038436E-04  2.7956221E-04 -8.091849046895716E-04  2.7944071E-04 -9.461441838204301E-05  2.7949922E-04  3.021637251675809E-04  2.7950864E-04  4.330350577950989E-04  2.7954287E-04  9.321934037197458E-04  2.7947087E-04 -6.210251170529747E-05  2.7952912E-04  2.785345894242927E-04  2.7948546E-04  1.167138366014903E-05          0
 565.0 -1.706426630053288E-04  2.7958330E-04 -2.048877073543754E-03  2.7937558E-04  7.714218478287639E-04  2.7957321E-04 -6.725232929602053E-04  2.7942942E-04  4.275513114575628E-05  2.7946757E-04  2.912658057467716E-04  2.7954016E-04  5.110543521538146E-04  2.7952709E-04  1.135570558999539E-03  2.7948666E-04  6.221739713617025E-05  2.7950823E-04 -1.177457998218301E-05  2.7950671E-04  1.164340029889527E-05          0
 570.0 -3.307231726199581E-04  2.7959024E-04 -2.010420747968345E-03  2.7936771E-04  8.281964657391354E-04  2.7958853E-04 -6.190042930483291E-04  2.7941377E-04  9.325806537630033E-05  2.7947670E-04  1.062728547204116E-04  2.7953124E-04  6.210319494509332E-04  2.7953142E-04  1.328068586772918E-03  2.7948224E-04  2.813101892727638E-04  2.7948546E-04 -3.470242075327692E-04  2.7952960E-04  1.161575453365856E-05          0
 575.0 -5.049634889306483E-04  2.7959021E-04 -1.987645425893076E-03  2.7936700E-04  8.347061588991658E-04  2.7959220E-04 -5.484781557475314E-04  2.7941032E-04  1.667181487662084E-04  2.7951140E-04 -9.335638227782520E-05  2.7949648E-04  6.454522335539951E-04  2.7945964E-04  1.517446499310344E-03  2.7955387E-04  4.926121866594428E-04  2.7951598E-04 -6.234542139541252E-04  2.7949889E-04  1.158825401110608E-05          0
 580.0 -6.788474238994165E-04  2.7960419E-04 -1.942515460066074E-03  2.7935279E-04  9.412611800014104E-04  2.7959042E-04 -4.803618826869456E-04  2.7941243E-04  5.195418933259405E-05  2.7954097E-04 -1.486742212241156E-04  2.7946691E-04  6.326951140824495E-04  2.7941024E-04  1.701475972523145E-03  2.7960330E-04  4.568310011178245E-04  2.7952279E-04 -6.708529159039715E-04  2.7949186E-04  1.156116448427455E-05          0
 585.0 -8.403308692732182E-04  2.7961476E-04 -1.908853586589741E-03  2.7934237E-04  1.023090346954306E-03  2.7957441E-04 -4.490643270502709E-04  2.7942895E-04 -1.403578150407447E-04  2.7955380E-04 -2.493715316320531E-04  2.7945458E-04  5.181315987901896E-04  2.7947557E-04  1.745983971127541E-03  2.7953818E-04  3.908601007679198E-04  2.7951488E-04 -5.718726616296901E-04  2.7949951E-04  1.153421756285355E-05          0
 590.0 -9.905369864764190E-04  2.7963016E-04 -1.866975083340171E-03  2.7932767E-04  1.138088059674571E-03  2.7955593E-04 -4.316468155558455E-04  2.7944786E-04 -3.502362810958664E-04  2.7952935E-04 -3.532079873280339E-04  2.7948011E-04  3.869828309875803E-04  2.7952738E-04  1.661156549353734E-03  2.7948647E-04  3.417268294901189E-04  2.7947842E-04 -3.497086151025410E-04  2.7953615E-04  1.150733675878277E-05          0
 595.0 -1.145025717195350E-03  2.7963432E-04 -1.805691736305974E-03  2.7932462E-04  1.170689217732452E-03  2.7954264E-04 -3.863742472477280E-04  2.7946156E-04 -4.621430821853616E-04  2.7950315E-04 -3.472566409028985E-04  2.7950773E-04  2.934000398359842E-04  2.7955992E-04  1.468788704590813E-03  2.7945408E-04  1.753947832402450E-04  2.7948207E-04 -1.588858107359170E-05  2.7953168E-04  1.148089480959057E-05          0
 600.0 -1.290010053802497E-03  2.7963271E-04 -1.764167726917502E-03  2.7932755E-04  1.158919875066964E-03  2.7951456E-04 -3.282684571281749E-04  2.7948984E-04 -5.170693385832482E-04  2.7949104E-04 -3.441359879540350E-04  2.7952109E-04  9.516598391636269E-05  2.7953473E-04  1.201175775062224E-03  2.7947968E-04  4.326301993668778E-05  2.7953126E-04  1.569496072549861E-04  2.7948145E-04  1.145442946491296E-05          0
 605.0 -1.414634802925129E-03  2.7963787E-04 -1.700633558807087E-03  2.7932381E-04  1.194705988740297E-03  2.7945764E-04 -3.359342004490702E-04  2.7954640E-04 -3.885229427699907E-04  2.7945220E-04 -2.608047538305122E-04  2.7956098E-04 -3.075114242552983E-04  2.7949946E-04  9.322000484191532E-04  2.7951523E-04 -4.648806883810493E-04  2.7956873E-04  4.179175849651085E-04  2.7944385E-04  1.142835126774089E-05          0
 610.0 -1.560727004826646E-03  2.7963577E-04 -1.669461957667046E-03  2.7932728E-04  1.177316439688426E-03  2.7940771E-04 -4.331660727132642E-04  2.7959613E-04 -1.228602626582138E-04  2.7942535E-04 -2.387999593982233E-04  2.7958831E-04 -6.623208647422794E-04  2.7951925E-04  6.933330622733841E-04  2.7949554E-04 -9.294457776448516E-04  2.7949947E-04  5.327100063805906E-04  2.7951371E-04  1.140258892986560E-05          0
 615.0 -1.688719633726355E-03  2.7963770E-04 -1.671051420985516E-03  2.7932653E-04  1.187101848910267E-03  2.7938895E-04 -5.059430572605110E-04  2.7961472E-04  1.665863564381043E-04  2.7941565E-04 -1.884685672859437E-04  2.7959799E-04 -7.954719136021194E-04  2.7954032E-04  5.783230621914129E-04  2.7947411E-04 -1.042423128630454E-03  2.7949547E-04  6.199822456899129E-04  2.7951885E-04  1.137700425242786E-05          0
 620.0 -1.804057468327270E-03  2.7964066E-04 -1.668276675851873E-03  2.7932495E-04  1.201346882495493E-03  2.7939843E-04 -6.187487156313501E-04  2.7960540E-04  4.969332533025010E-04  2.7944891E-04 -2.226705983755199E-04  2.7956437E-04 -7.287049843877640E-04  2.7953872E-04  4.611242149019729E-04  2.7947523E-04 -9.859422171681748E-04  2.7952895E-04  5.721740411261740E-04  2.7948575E-04  1.135133253896289E-05          0
 625.0 -1.931692001124171E-03  2.7964228E-04 -1.673883991258074E-03  2.7932460E-04  1.204787620937991E-03  2.7942071E-04 -6.520399678345694E-04  2.7958359E-04  4.863957398115964E-04  2.7947126E-04 -2.662675972712181E-04  2.7954159E-04 -5.722719379422691E-04  2.7949679E-04  4.058035524708233E-04  2.7951687E-04 -8.758144472089545E-04  2.7956662E-04  5.139084875746177E-04  2.7944762E-04  1.132583707338369E-05          0
 630.0 -2.050751713123810E-03  2.7965553E-04 -1.732310604139852E-03  2.7931230E-04  1.291681086790637E-03  2.7945432E-04 -5.422575866870667E-04  2.7955070E-04  2.614120355505043E-04  2.7947117E-04 -2.466313291553183E-04  2.7954158E-04 -3.363276392314493E-04  2.7946552E-04  3.613250380123958E-04  2.7954791E-04 -8.923462964188952E-04  2.7958419E-04  5.476058879573094E-04  2.7943008E-04  1.130037848410351E-05          0
 635.0 -2.157610775824735E-03  2.7966933E-04 -1.795815851339438E-03  2.7929909E-04  1.382799074094967E-03  2.7945972E-04 -4.009183531286966E-04  2.7954585E-04 -5.711895862326798E-05  2.7947565E-04 -2.434937083769953E-04  2.7953656E-04 -3.008341442083861E-04  2.7953521E-04  2.607308685485546E-04  2.7947816E-04 -8.086564487525504E-04  2.7956113E-04  1.131409350416870E-04  2.7945320E-04  1.127522545971023E-05          0
