   1.0.0 # v: lpa-xrd version
2.00e+14 # d: dislocation density [m^-2]
 1  1  0 # z: direction of 'l' (line vector) [uvw]
 1  1  0 # b: Burgers vector direction [uvw]
 2  0  0 # g: diffraction vector direction (hkl)
0.250000 # C: contrast coefficient [1]
0.404940 # a: cell parameter [nm]
    6400 # s: side of the region of interest [nm] PBC1
0.345000 # nu: Poisson's number [1]
    8192 # nd: number of dislocations in the input file
  200000 # np: number of random points
#    L                   cos1       err_cos1                   sin1       err_sin1                   cos2       err_cos2                   sin2       err_sin2                   cos3       err_cos3                   sin3       err_sin3                   cos4       err_cos4                   sin4       err_sin4                   cos5       err_cos5                   sin5       err_sin5                   eps2       nrpo
   5.0  9.700441526807109E-01  3.5226733E-05  3.552356183525996E-03  8.8115173E-05  8.979092588760516E-01  7.3116315E-05  6.219750927377155E-03  1.5546025E-04  7.973808811472916E-01  1.1667756E-04  7.599322052056899E-03  2.0465200E-04  6.817814028334210E-01  1.5924698E-04  7.469336459310449E-03  2.3734613E-04  5.627588542343467E-01  1.9614134E-04  6.050665935064405E-03  2.5714187E-04  1.076785697604575E-04          0
  10.0  8.951856223979531E-01  7.6975030E-05  6.227133215755992E-03  1.5607758E-04  6.793935993562255E-01  1.6059312E-04  7.450077569622926E-03  2.3753626E-04  4.476810430356377E-01  2.2564229E-04  3.794513201718277E-03  2.6820770E-04  2.602412411797198E-01  2.6018273E-04 -1.705694114563713E-03  2.7670921E-04  1.353043578933613E-01  2.7395130E-04 -5.707124305426281E-03  2.7864831E-04  9.869002408481958E-05          0
  15.0  7.908458432469007E-01  1.2215288E-04  7.579034705822533E-03  2.0550353E-04  4.451132796503999E-01  2.2639098E-04  3.784918198653242E-03  2.6828809E-04  1.890519175340899E-01  2.6896909E-04 -3.959921550207116E-03  2.7805845E-04  6.307140177710979E-02  2.7825802E-04 -6.964809372241544E-03  2.7913865E-04  1.683697269847447E-02  2.7942119E-04 -5.639706209932529E-03  2.7939542E-04  9.349301869465517E-05          0
  20.0  6.712590701651315E-01  1.6509869E-04  7.523993786744244E-03  2.3819652E-04  2.566922096808070E-01  2.6075474E-04 -1.658218344365442E-03  2.7676178E-04  6.260757401714336E-02  2.7829985E-04 -6.958833842854924E-03  2.7912266E-04  1.023630238684234E-02  2.7948014E-04 -4.821055194870497E-03  2.7943154E-04  1.540873587462853E-03  2.7951981E-04 -2.072388202215612E-03  2.7947391E-04  8.977681857267018E-05          0
  25.0  5.488009989763677E-01  2.0164402E-04  6.137247264056234E-03  2.5785167E-04  1.320399259418819E-01  2.7423261E-04 -5.546036185657870E-03  2.7867640E-04  1.671588599059820E-02  2.7941164E-04 -5.593590159772263E-03  2.7941059E-04  1.511513998509625E-03  2.7951019E-04 -2.107831838965974E-03  2.7948410E-04  6.243122992675742E-04  2.7963974E-04 -1.895053594845058E-04  2.7936324E-04  8.688336959029378E-05          0
  30.0  4.330954052035708E-01  2.2981452E-04  3.785781078874558E-03  2.6868141E-04  6.120604092450575E-02  2.7833650E-04 -6.905267754169653E-03  2.7915453E-04  3.686719783234994E-03  2.7948615E-04 -3.470438268360132E-03  2.7949153E-04  6.482317518055039E-04  2.7961790E-04 -4.909086350755642E-04  2.7938414E-04  3.887929623792787E-05  2.7947829E-04 -3.751870633034622E-05  2.7953061E-04  8.452865362631146E-05          0
  35.0  3.305951630084011E-01  2.4969499E-04  1.014130226333663E-03  2.7422689E-04  2.579574817661135E-02  2.7923066E-04 -6.111440883432557E-03  2.7942326E-04  1.005695567311777E-03  2.7952253E-04 -1.620821204782162E-03  2.7947461E-04 -1.400440857421164E-04  2.7956025E-04  1.765548947152519E-06  2.7944670E-04 -9.685273065622778E-05  2.7951971E-04 -9.145012040249733E-04  2.7949037E-04  8.254976392409096E-05          0
  40.0  2.445108836093249E-01  2.6266251E-04 -1.567068046543031E-03  2.7691600E-04  9.980089053395196E-03  2.7944190E-04 -4.457800765137725E-03  2.7948003E-04  5.283219808452999E-04  2.7960437E-04 -5.105780751854391E-04  2.7939738E-04 -9.117247100129206E-05  2.7947653E-04 -4.124791375895486E-04  2.7953361E-04  1.516617519737269E-04  2.7948299E-04 -1.473157273530888E-03  2.7952775E-04  8.084649233033967E-05          0
  45.0  1.754999683688816E-01  2.7055190E-04 -3.731593384425438E-03  2.7816339E-04  3.775980651138813E-03  2.7949348E-04 -2.960378176535835E-03  2.7948902E-04  6.622080095290127E-05  2.7961781E-04 -8.599525338259745E-05  2.7938762E-04  6.145217270816298E-06  2.7950170E-04 -1.398501237956004E-03  2.7950881E-04  8.324995178937431E-04  2.7951729E-04 -1.080701084166347E-03  2.7949461E-04  7.933466625841173E-05          0
  50.0  1.224071311242272E-01  2.7502919E-04 -5.161150213786015E-03  2.7874833E-04  1.603795339330148E-03  2.7954538E-04 -1.725215494869333E-03  2.7945168E-04 -1.450000535707046E-04  2.7952875E-04 -5.361861827889027E-04  2.7948090E-04  3.317041278216016E-04  2.7948274E-04 -1.529172093299370E-03  2.7952764E-04  1.438471468193835E-03  2.7955018E-04 -8.932856559619726E-04  2.7946220E-04  7.798738522772638E-05          0
  55.0  8.311293895217602E-02  2.7741488E-04 -5.933540197430846E-03  2.7902819E-04  9.931104383504141E-04  2.7960167E-04 -9.004368538108676E-04  2.7939893E-04 -3.442322551378855E-04  2.7951444E-04 -1.344885335910389E-03  2.7949652E-04  7.314877400830196E-04  2.7955826E-04 -1.077950536769636E-03  2.7945367E-04  1.109431914408867E-03  2.7956179E-04 -3.136914394302869E-04  2.7945110E-04  7.676119091313166E-05          0
  60.0  5.493851839116926E-02  2.7857856E-04 -6.101456266848651E-03  2.7920738E-04  6.243737946762120E-04  2.7968214E-04 -5.634047996790296E-04  2.7932006E-04 -2.673419434923139E-04  2.7950532E-04 -1.748396332125663E-03  2.7950566E-04  1.303829028458473E-03  2.7955847E-04 -1.089041243855636E-03  2.7945394E-04  1.979913429782967E-04  2.7947718E-04 -4.942436445597657E-04  2.7953798E-04  7.564571075298681E-05          0
  65.0  3.543605040671544E-02  2.7908751E-04 -5.840740401065344E-03  2.7934918E-04  2.000434016216448E-04  2.7970473E-04 -5.157536546221190E-04  2.7929920E-04 -4.233898675310792E-05  2.7954014E-04 -1.647582277687439E-03  2.7947132E-04  1.457356492397349E-03  2.7955648E-04 -8.902310672493466E-04  2.7945605E-04  4.039722486743211E-05  2.7949471E-04 -1.440606444127486E-04  2.7952083E-04  7.461575586966761E-05          0
  70.0  2.234519341432530E-02  2.7928128E-04 -5.334559384584544E-03  2.7946110E-04 -2.318557309954841E-04  2.7965409E-04 -7.791456860918458E-04  2.7935223E-04  4.154925625740307E-04  2.7955999E-04 -1.291072755448375E-03  2.7945107E-04  1.079963906716074E-03  2.7955118E-04 -4.518805763121341E-04  2.7946332E-04  2.640101832505320E-04  2.7952737E-04 -1.522766693555187E-04  2.7948775E-04  7.366227892819972E-05          0
  75.0  1.390175364452263E-02  2.7937807E-04 -4.647313509549293E-03  2.7950458E-04 -3.194855187754896E-04  2.7953654E-04 -1.107787783827185E-03  2.7947186E-04  7.764979548744226E-04  2.7955467E-04 -1.025547579354375E-03  2.7945744E-04  2.268323813391654E-04  2.7951593E-04 -3.356694643570737E-04  2.7949944E-04  2.905905123205427E-04  2.7951998E-04 -4.541462133607624E-04  2.7949535E-04  7.277284360510109E-05          0
  80.0  8.576864296973000E-03  2.7941693E-04 -3.971545684006061E-03  2.7952970E-04 -3.715235922578375E-04  2.7952321E-04 -1.442482870682323E-03  2.7948547E-04  1.113134035799588E-03  2.7955602E-04 -8.588206293655338E-04  2.7945714E-04  1.296906718759066E-04  2.7951506E-04  3.378968241010623E-04  2.7950028E-04  1.972984610446744E-04  2.7946895E-04 -4.716046560192943E-04  2.7954646E-04  7.193485448166944E-05          0
  85.0  5.389111513211483E-03  2.7944245E-04 -3.257453154286858E-03  2.7953290E-04 -3.237585095287882E-04  2.7958387E-04 -1.721066554016354E-03  2.7942482E-04  1.530399904652023E-03  2.7951034E-04 -7.267931608935017E-04  2.7950295E-04  5.648769297401274E-04  2.7952122E-04  4.504036713739520E-04  2.7949390E-04 -4.011898026914063E-05  2.7943529E-04 -1.846952742367637E-05  2.7958020E-04  7.114656589433774E-05          0
  90.0  3.522709538939335E-03  2.7947111E-04 -2.601313238676328E-03  2.7951750E-04 -1.748950870723120E-04  2.7960745E-04 -1.815567421007590E-03  2.7940199E-04  1.385496027943899E-03  2.7945223E-04 -6.132694046382885E-04  2.7956204E-04  7.295854941340845E-04  2.7951406E-04  2.377329158131945E-04  2.7950066E-04 -5.035324225964823E-05  2.7944822E-04 -2.130199791783026E-04  2.7956690E-04  7.040519506687430E-05          0
  95.0  2.404118652193467E-03  2.7950794E-04 -2.053716418421978E-03  2.7948664E-04  6.712388612508681E-05  2.7957006E-04 -1.675862875286060E-03  2.7944050E-04  9.973179077285429E-04  2.7944165E-04 -7.059114903967028E-04  2.7957252E-04  4.582219102106274E-04  2.7949246E-04 -1.184691137315495E-04  2.7952341E-04  2.295429961664763E-04  2.7954387E-04 -3.272204747970573E-04  2.7947180E-04  6.970573477979247E-05          0
 100.0  1.751546883227298E-03  2.7954886E-04 -1.653288899191724E-03  2.7944769E-04  3.571054670978552E-04  2.7952044E-04 -1.292269522665632E-03  2.7949004E-04  4.141882901038656E-04  2.7943534E-04 -8.158182887865330E-04  2.7957870E-04  1.043626798886867E-04  2.7949298E-04 -3.591396340208170E-04  2.7952324E-04 -9.000921126430995E-05  2.7944804E-04  7.126587456075360E-05  2.7956782E-04  6.904287190931833E-05          0
 105.0  1.327501054108983E-03  2.7956392E-04 -1.295564552732710E-03  2.7943311E-04  4.692792059334965E-04  2.7954113E-04 -9.743531482370698E-04  2.7946913E-04 -1.404269462337821E-04  2.7945190E-04 -3.683459146838596E-04  2.7956287E-04  2.517761506600256E-04  2.7950516E-04 -4.749406027912030E-04  2.7951048E-04 -1.152419737533527E-04  2.7948025E-04  1.371359953258685E-04  2.7953582E-04  6.841162362763984E-05          0
 110.0  1.004519305008732E-03  2.7955662E-04 -1.096166888981497E-03  2.7944047E-04  4.219174530615736E-04  2.7952592E-04 -8.165881130305911E-04  2.7948561E-04 -4.663724968037530E-04  2.7949257E-04  1.438994095264309E-05  2.7952216E-04  1.386276127855055E-04  2.7945135E-04 -3.936124423562857E-04  2.7956424E-04 -2.492229572837316E-04  2.7950122E-04 -2.622810001356743E-04  2.7951521E-04  6.781029986707178E-05          0
 115.0  6.838843474367456E-04  2.7955022E-04 -9.817207314000839E-04  2.7944665E-04  3.798230306225702E-04  2.7950352E-04 -9.685000361390266E-04  2.7950898E-04 -9.974581793213904E-05  2.7953163E-04 -1.256659097398518E-04  2.7948288E-04 -2.289023480818285E-05  2.7945980E-04 -4.088480637614587E-04  2.7955605E-04 -3.671609057931496E-04  2.7951120E-04 -1.641082960057884E-05  2.7950530E-04  6.723294534159855E-05          0
 120.0  3.415561637247896E-04  2.7956911E-04 -9.508198528167951E-04  2.7942802E-04  5.146795699551422E-04  2.7951287E-04 -1.172287042764962E-03  2.7949990E-04  5.841099974603203E-04  2.7946675E-04 -1.991343502712601E-04  2.7954764E-04  4.506482345489357E-05  2.7950885E-04  4.150612577571310E-04  2.7950689E-04 -6.636701745596365E-04  2.7948797E-04  2.771475453740713E-04  2.7952804E-04  6.668294012021475E-05          0
 125.0  3.794630291263274E-05  2.7959527E-04 -9.862473207871991E-04  2.7940205E-04  7.008482550972042E-04  2.7949330E-04 -1.065931748932935E-03  2.7951962E-04  8.734011260157741E-04  2.7944337E-04  3.244949817260459E-05  2.7957129E-04 -9.283064265220493E-05  2.7948724E-04  1.021207726862418E-03  2.7952815E-04 -6.458849374182078E-04  2.7957796E-04  2.376884519430771E-04  2.7943773E-04  6.615694009869356E-05          0
 130.0 -1.703809402230732E-04  2.7960517E-04 -9.524472710957579E-04  2.7939268E-04  7.683458909062801E-04  2.7944605E-04 -8.510734586505052E-04  2.7956766E-04  7.490028716863244E-04  2.7948185E-04  3.841553489806100E-04  2.7953324E-04 -4.319961392609113E-04  2.7949569E-04  1.072776879376983E-03  2.7952030E-04 -2.804103690180197E-04  2.7950680E-04  4.511838316022517E-04  2.7950919E-04  6.565234724335960E-05          0
 135.0 -3.349721697715440E-04  2.7958380E-04 -9.641604534706178E-04  2.7941486E-04  6.092348722297469E-04  2.7945165E-04 -4.810564648843008E-04  2.7956222E-04  1.067261981855340E-04  2.7946514E-04  5.559838597836321E-04  2.7955072E-04 -3.923570182909382E-04  2.7949015E-04  7.929893901456859E-04  2.7952569E-04 -1.983204334439419E-04  2.7947865E-04  2.184225886043463E-04  2.7953737E-04  6.516698406298784E-05          0
 140.0 -3.150937508836356E-04  2.7955256E-04 -9.894104922884945E-04  2.7944733E-04  3.773978701821273E-04  2.7953501E-04 -3.044237440939449E-04  2.7947922E-04 -2.980845893315817E-04  2.7944018E-04  2.498211120353586E-04  2.7957582E-04  2.024673582829291E-04  2.7953324E-04  5.188871101248371E-04  2.7948232E-04 -1.242717253571066E-04  2.7945249E-04 -1.056090689406231E-04  2.7956313E-04  6.469757235247785E-05          0
 145.0 -2.827067893180014E-04  2.7949712E-04 -1.004579699438392E-03  2.7950406E-04 -2.775245622977808E-05  2.7960417E-04 -3.708091775168998E-04  2.7941039E-04 -7.163989351551561E-04  2.7943500E-04 -2.650073066001774E-04  2.7958075E-04  6.965768391770540E-04  2.7953504E-04  3.059804601493776E-04  2.7948120E-04 -2.276300077759529E-04  2.7943196E-04  4.328903296706882E-05  2.7958404E-04  6.424691197168328E-05          0
 150.0 -2.202684397042615E-04  2.7944707E-04 -1.105704576448678E-03  2.7955489E-04 -3.925247456980711E-04  2.7960233E-04 -5.078784528758309E-04  2.7941229E-04 -7.536400026942147E-04  2.7945407E-04 -3.249582186162033E-04  2.7956128E-04  6.830763365688017E-04  2.7955719E-04  1.800539442108268E-04  2.7945907E-04 -9.029866728326640E-05  2.7949572E-04  5.663887613742427E-04  2.7952099E-04  6.381252586540770E-05          0
 155.0 -7.591845148293097E-05  2.7941784E-04 -1.320377078459990E-03  2.7958407E-04 -6.059519842655737E-04  2.7955746E-04 -3.662013452142155E-04  2.7945595E-04 -3.002613457519330E-04  2.7941461E-04 -1.562904539371012E-04  2.7960049E-04  3.667544516606532E-04  2.7950517E-04 -5.310809159303533E-05  2.7951093E-04  6.100251636030936E-04  2.7949247E-04  6.575828508293145E-04  2.7952338E-04  6.339230210268956E-05          0
 160.0 -2.485895203231813E-05  2.7942142E-04 -1.515982306432151E-03  2.7958023E-04 -5.827754242609871E-04  2.7954172E-04 -2.562414708105033E-04  2.7947034E-04  8.059161826514298E-06  2.7944638E-04  7.879026760922580E-05  2.7956824E-04  2.584671766789548E-04  2.7945235E-04 -1.088999740909264E-04  2.7956314E-04  4.270752620957118E-04  2.7941589E-04  4.821246680934780E-04  2.7959946E-04  6.298405008884969E-05          0
 165.0 -8.434609342380206E-05  2.7943721E-04 -1.693836505416354E-03  2.7956440E-04 -4.723955207349205E-04  2.7952181E-04 -2.161639576339712E-04  2.7948982E-04 -6.400168987338051E-05  2.7947302E-04  4.471298166194656E-04  2.7954168E-04  1.159551893959200E-04  2.7948625E-04  1.014090073112613E-04  2.7952963E-04 -1.818102213493730E-04  2.7955099E-04  8.560559727515564E-05  2.7946447E-04  6.258826953462658E-05          0
 170.0 -1.336482951791390E-04  2.7947444E-04 -1.718298467713276E-03  2.7952741E-04 -2.080544024001739E-04  2.7948274E-04 -2.704365711910987E-04  2.7952912E-04 -2.877834646640134E-04  2.7950070E-04  4.632265879998176E-04  2.7951464E-04 -1.655240330386639E-04  2.7955136E-04  3.370875789730994E-04  2.7946455E-04 -3.234395337573834E-04  2.7947977E-04 -1.445143722324530E-04  2.7953572E-04  6.220393335544980E-05          0
 175.0 -2.122111724669151E-04  2.7949862E-04 -1.670816252901149E-03  2.7950385E-04 -3.737362696007901E-05  2.7946912E-04 -2.608544354344214E-04  2.7954356E-04 -2.141223691172949E-04  2.7954510E-04  4.145272044737990E-04  2.7947023E-04 -2.662875589425692E-04  2.7963253E-04  5.372309917911525E-04  2.7938317E-04 -3.686376982917746E-04  2.7951821E-04 -1.296995363900375E-04  2.7949792E-04  6.183254872698787E-05          0
 180.0 -3.399134006647909E-04  2.7953359E-04 -1.465594044154488E-03  2.7946990E-04  2.116732153438198E-04  2.7949561E-04 -2.399727158853434E-04  2.7951809E-04 -8.636055511876762E-05  2.7947932E-04  3.880524841879155E-04  2.7953605E-04 -8.020043281421681E-05  2.7952931E-04  4.791007027640654E-04  2.7948657E-04 -6.066695933559362E-04  2.7948747E-04  1.798160647802954E-04  2.7952836E-04  6.147325818911135E-05          0
 185.0 -3.648591772811975E-04  2.7956140E-04 -1.246279275455150E-03  2.7944333E-04  4.093115402658413E-04  2.7952344E-04 -3.448521152263184E-04  2.7949072E-04 -1.055761703762861E-04  2.7947046E-04  7.135490344810514E-04  2.7954526E-04  1.173712560324689E-04  2.7945628E-04  2.027793656755700E-04  2.7955961E-04 -1.851674479963977E-04  2.7948654E-04  6.723722849129253E-05  2.7952970E-04  6.112243862469977E-05          0
 190.0 -3.831127900092476E-04  2.7961398E-04 -9.884241718470411E-04  2.7939192E-04  7.845988457481507E-04  2.7952480E-04 -5.019430142382657E-04  2.7948939E-04 -3.924641256058804E-05  2.7953216E-04  1.029818654198824E-03  2.7948385E-04  1.256442553011471E-04  2.7953814E-04  3.151044546253877E-04  2.7947774E-04 -9.085449653588764E-05  2.7947344E-04 -2.329679905867370E-04  2.7954315E-04  6.077947510910106E-05          0
 195.0 -4.709041311091178E-04  2.7966798E-04 -6.713762119584204E-04  2.7933870E-04  1.170542343949203E-03  2.7945744E-04 -5.362811742480044E-04  2.7955667E-04  1.913105879247156E-06  2.7956698E-04  7.353271641736826E-04  2.7944886E-04 -3.567853632257522E-04  2.7961671E-04  5.085434963701197E-04  2.7939918E-04  8.032762675463009E-05  2.7953253E-04 -1.358632376556540E-04  2.7948405E-04  6.044663251103631E-05          0
 200.0 -4.302047527092928E-04  2.7973280E-04 -3.482622045820440E-04  2.7927392E-04  1.635469534751110E-03  2.7944311E-04 -5.433186102510066E-04  2.7957052E-04 -4.752583407726654E-06  2.7953627E-04  4.072355474450801E-04  2.7947903E-04 -4.564601540907567E-04  2.7956101E-04  2.348329023888396E-04  2.7945504E-04 -2.092887560051531E-05  2.7952147E-04  1.105715666245907E-04  2.7949469E-04  6.012194765969989E-05          0
 205.0 -4.047082145011546E-04  2.7975734E-04 -7.509742378696037E-05  2.7924893E-04  1.812945419690094E-03  2.7948867E-04 -5.505548597952972E-04  2.7952503E-04  3.447777648755503E-04  2.7952127E-04  2.692859315050575E-04  2.7949385E-04 -1.298363057020824E-04  2.7955169E-04 -2.414494656053334E-04  2.7946436E-04  1.540135275192115E-04  2.7959703E-04 -2.317299201712990E-06  2.7941956E-04  5.980540987512378E-05          0
 210.0 -3.378355864477628E-04  2.7971450E-04  1.066202746690520E-04  2.7929125E-04  1.508283264204325E-03  2.7954442E-04 -5.384527949552337E-04  2.7947019E-04  4.569824839289317E-04  2.7954666E-04  1.151567106484836E-04  2.7946898E-04  2.668188141398790E-04  2.7952363E-04 -3.115253181429589E-04  2.7949258E-04  2.847790094899840E-04  2.7958449E-04  1.441391178641611E-04  2.7943225E-04  5.949653854231679E-05          0
 215.0 -1.705859525674274E-04  2.7964461E-04  2.315964300611547E-04  2.7936062E-04  1.010392312765304E-03  2.7945730E-04 -4.540506533607862E-04  2.7955767E-04  3.785267394837204E-04  2.7951362E-04  1.227566578597218E-04  2.7950169E-04 -3.577877546975444E-04  2.7948317E-04 -4.716268568647299E-04  2.7953294E-04  5.177735695076208E-05  2.7950245E-04  3.169109499343063E-04  2.7951403E-04  5.919441493832672E-05          0
 220.0 -3.764382371412324E-05  2.7958165E-04  3.396077070951254E-04  2.7942336E-04  5.617123162546966E-04  2.7944480E-04 -2.814579817874896E-04  2.7957014E-04  5.859864635037090E-04  2.7950515E-04  8.801193318594438E-05  2.7950967E-04 -4.476792154132487E-04  2.7955993E-04 -5.549514016023035E-04  2.7945593E-04  5.169419980478758E-04  2.7956587E-04  8.931910833379894E-04  2.7945025E-04  5.890066259052755E-05          0
 225.0  6.914570346573903E-05  2.7955669E-04  4.068856515061546E-04  2.7944803E-04  3.858960401366404E-04  2.7950061E-04 -1.303190078036584E-04  2.7951417E-04  7.906378061224701E-04  2.7953036E-04  1.302471329352947E-04  2.7948387E-04 -4.772321255085959E-05  2.7961840E-04 -6.192864610406455E-04  2.7939747E-04  4.749914580742795E-04  2.7947219E-04  4.390286840812741E-04  2.7954416E-04  5.861306596366946E-05          0
 230.0  1.036378838263849E-04  2.7955486E-04  4.317832378520032E-04  2.7944954E-04  3.766504284651525E-04  2.7958586E-04 -1.898401497978852E-04  2.7942792E-04  5.523352241926104E-04  2.7954840E-04  5.760837385944712E-05  2.7946571E-04  5.672623922469347E-04  2.7953903E-04 -3.964332114184100E-04  2.7947756E-04  4.238410436154303E-05  2.7947278E-04  4.202317190478350E-05  2.7954381E-04  5.833154658218276E-05          0
 235.0  1.303594015838404E-04  2.7958429E-04  3.611936405099962E-04  2.7942019E-04  5.899973789500615E-04  2.7953454E-04 -3.029426922196303E-04  2.7947838E-04  3.756420433381929E-04  2.7944716E-04 -4.466827596441600E-05  2.7956659E-04  2.026994131691219E-04  2.7947740E-04 -5.396594944453403E-04  2.7953947E-04 -1.658062421535610E-04  2.7947824E-04 -2.144476210494624E-04  2.7953793E-04  5.805460186180501E-05          0
 240.0  1.242080324745287E-04  2.7960631E-04  3.137029753375201E-04  2.7939856E-04  7.488772976367022E-04  2.7944110E-04 -3.949008020852088E-04  2.7957119E-04  2.393859971624466E-04  2.7940872E-04 -2.253240526506396E-04  2.7960588E-04 -4.633139606200353E-04  2.7946604E-04 -8.555739332840808E-04  2.7955055E-04 -2.834328030266836E-04  2.7949122E-04  2.581753334755696E-05  2.7952545E-04  5.778296107922072E-05          0
 245.0  3.606128105594022E-06  2.7958734E-04  2.775055287977046E-04  2.7941795E-04  6.130209552531472E-04  2.7945746E-04 -2.433088080074583E-04  2.7955513E-04 -6.725564758802633E-05  2.7946456E-04 -5.494530901639301E-04  2.7955092E-04 -3.458153568838028E-04  2.7953817E-04 -7.417261136129791E-04  2.7947789E-04  1.022787471107116E-04  2.7947915E-04 -4.641571952608444E-04  2.7953749E-04  5.751789310691573E-05          0
 250.0 -1.299066358818618E-04  2.7954604E-04  2.780158418457860E-04  2.7945996E-04  3.153791823768593E-04  2.7946836E-04 -2.352790105272198E-04  2.7954481E-04 -3.463331905243891E-04  2.7955459E-04 -7.986800481654974E-04  2.7946069E-04 -2.719625201662572E-04  2.7953117E-04 -6.327942413944316E-05  2.7948459E-04  4.495040801351541E-04  2.7946984E-04 -4.401247528058323E-04  2.7954678E-04  5.725843410605088E-05          0
 255.0 -2.632374386355790E-04  2.7950939E-04  2.081350563165324E-04  2.7949757E-04  4.840636782740124E-05  2.7951717E-04 -2.047685111561403E-04  2.7949656E-04 -5.430939282621777E-04  2.7951393E-04 -6.616448721452402E-04  2.7950154E-04  7.444170198386523E-05  2.7946136E-04  2.167941770759346E-04  2.7955450E-04  4.818411029000249E-05  2.7951902E-04 -2.829072099300626E-04  2.7949768E-04  5.700454226842690E-05          0
 260.0 -4.227584419595481E-04  2.7948971E-04  1.398269249578164E-04  2.7951791E-04 -9.520456334905797E-05  2.7957328E-04 -1.606220023024450E-04  2.7944074E-04 -5.718228699510291E-04  2.7944108E-04 -2.975134380071120E-04  2.7957469E-04  4.747500480324897E-04  2.7950171E-04  2.291889979822157E-04  2.7951405E-04  1.901170571183246E-04  2.7949161E-04 -6.435084855443647E-04  2.7952483E-04  5.675292814514816E-05          0
 265.0 -5.693553069577185E-04  2.7948245E-04  8.894487103992164E-05  2.7952563E-04 -1.498720644560705E-04  2.7956454E-04 -4.048886593304274E-05  2.7944908E-04 -4.572563150534707E-04  2.7942890E-04  1.357804469568189E-04  2.7958642E-04  4.122474788281643E-04  2.7956418E-04  2.020619677019049E-04  2.7945102E-04  1.124083302541455E-04  2.7952915E-04 -4.044672128677285E-04  2.7948731E-04  5.650754817562315E-05          0
 270.0 -6.216869906998375E-04  2.7949655E-04  1.108444901411999E-04  2.7951137E-04 -4.898459673875626E-05  2.7954325E-04  3.287534975430256E-04  2.7946981E-04 -3.241422083818634E-04  2.7949333E-04  2.856814195908740E-04  2.7952171E-04  2.599348307513356E-04  2.7956610E-04 -1.838248657257999E-05  2.7944934E-04  2.110018056553185E-04  2.7949071E-04 -4.896954960544357E-05  2.7952548E-04  5.626763755309859E-05          0
 275.0 -6.643698482017985E-04  2.7954332E-04  1.470707119886538E-04  2.7946412E-04  2.874799751375957E-04  2.7951535E-04  6.200469605051297E-04  2.7949794E-04  5.910578926917009E-05  2.7943048E-04  2.107858454649347E-04  2.7958543E-04  5.959563719072628E-05  2.7954575E-04  1.002494573468046E-04  2.7946988E-04  1.089687588746574E-04  2.7952373E-04 -6.142360265453550E-05  2.7949252E-04  5.603071067173241E-05          0
 280.0 -7.324968281785182E-04  2.7960974E-04  2.062960314455375E-04  2.7939718E-04  7.646214510530431E-04  2.7954674E-04  8.160076469239192E-04  2.7946683E-04  7.338069982985166E-04  2.7947875E-04 -2.792254983295085E-04  2.7953762E-04  2.845899355441236E-04  2.7953938E-04  3.169357293192275E-04  2.7947649E-04  3.323554247548864E-04  2.7950501E-04  1.163870871751896E-04  2.7951145E-04  5.580163636443849E-05          0
 285.0 -8.032033873406854E-04  2.7964949E-04  1.927608891869509E-04  2.7935695E-04  1.050300298978314E-03  2.7958760E-04  1.052944526468916E-03  2.7942628E-04  1.103530140393061E-03  2.7951292E-04 -7.766465925846771E-04  2.7950271E-04  5.767801736627782E-04  2.7956398E-04  2.360992286984012E-04  2.7945191E-04  4.780263978766149E-04  2.7950477E-04 -7.467745192045716E-05  2.7951124E-04  5.557497357030942E-05          0
 290.0 -9.349049614108774E-04  2.7964310E-04  1.728877383563025E-04  2.7936285E-04  1.005785009171001E-03  2.7956930E-04  1.000520962879112E-03  2.7944486E-04  8.473716327832509E-04  2.7955526E-04 -7.309789562591181E-04  2.7945993E-04  4.445813935929855E-04  2.7950248E-04  1.135412812799354E-04  2.7951332E-04  2.185683222330865E-04  2.7946749E-04 -6.605341403175544E-05  2.7954873E-04  5.535260659528842E-05          0
 295.0 -1.039638637925004E-03  2.7963034E-04  2.045669532951720E-04  2.7937515E-04  9.151348090781385E-04  2.7957265E-04  7.649314658236298E-04  2.7944185E-04  3.276971294441287E-04  2.7956380E-04 -3.120305124277331E-04  2.7945152E-04  4.671669050746716E-04  2.7946391E-04  7.032463026666733E-05  2.7955245E-04 -9.731438811945011E-05  2.7947947E-04 -2.667882936580083E-05  2.7953673E-04  5.513418799248909E-05          0
 300.0 -1.146333342395636E-03  2.7962383E-04  2.319171416306065E-04  2.7938135E-04  8.676673353774342E-04  2.7954045E-04  5.308929984666863E-04  2.7947397E-04 -1.154351862227703E-05  2.7955450E-04 -2.185828126947558E-04  2.7946158E-04  2.376023535522228E-04  2.7946979E-04  4.097224495402467E-05  2.7954640E-04 -4.852423807644190E-04  2.7941555E-04 -3.657463248577522E-04  2.7960058E-04  5.491931702743945E-05          0
 305.0 -1.248001516282402E-03  2.7960105E-04  2.165981512792882E-04  2.7940389E-04  7.031877541722817E-04  2.7960614E-04  4.575581073859870E-04  2.7940781E-04  2.054477934188031E-04  2.7952244E-04 -2.480406171437102E-04  2.7949392E-04  7.069592766593174E-04  2.7945145E-04  1.360379305520883E-04  2.7956475E-04 -5.477949757854482E-04  2.7955274E-04 -3.296912729894032E-04  2.7946325E-04  5.470767429337374E-05          0
 310.0 -1.350719274745809E-03  2.7957385E-04  1.041409238335665E-04  2.7943104E-04  5.060240729586663E-04  2.7960896E-04  4.989623817936909E-04  2.7940460E-04  5.379085452439999E-04  2.7943084E-04 -1.823814882668764E-04  2.7958490E-04  7.264670873507216E-04  2.7948313E-04 -3.745840499260333E-05  2.7953305E-04 -3.642910750409031E-04  2.7944914E-04 -3.483537300935363E-04  2.7956711E-04  5.450021094181355E-05          0
 315.0 -1.418221907152694E-03  2.7952470E-04 -1.203618819679582E-04  2.7948009E-04  1.522645393789506E-04  2.7954397E-04  4.430505658348843E-04  2.7946972E-04  8.041928746143874E-04  2.7949020E-04 -4.569923811430289E-05  2.7952514E-04  2.608263353902266E-04  2.7953623E-04  1.163077907922489E-04  2.7948019E-04 -5.475171484514044E-04  2.7950733E-04  1.511409687070610E-05  2.7950879E-04  5.429631682304597E-05          0
