   1.0.0 # v: lpa-xrd version
5.00e+13 # d: dislocation density [m^-2]
 1  1  0 # z: direction of 'l' (line vector) [uvw]
 1  1  0 # b: Burgers vector direction [uvw]
 2  0  0 # g: diffraction vector direction (hkl)
0.250000 # C: contrast coefficient [1]
0.404940 # a: cell parameter [nm]
    6400 # s: side of the region of interest [nm] PBC1
0.345000 # nu: Poisson's number [1]
    2048 # nd: number of dislocations in the input file
  200000 # np: number of random points
#    L                   cos1       err_cos1                   sin1       err_sin1                   cos2       err_cos2                   sin2       err_sin2                   cos3       err_cos3                   sin3       err_sin3                   cos4       err_cos4                   sin4       err_sin4                   cos5       err_cos5                   sin5       err_sin5                   eps2       nrpo
   5.0  9.925908563651561E-01  1.6717014E-05  9.439766163182411E-04  4.4418033E-05  9.740541957562165E-01  3.2272159E-05  1.861676581823242E-03  8.2168327E-05  9.463187976787022E-01  4.9655185E-05  2.699610558814097E-03  1.1580946E-04  9.109180995407354E-01  6.8492138E-05  3.441099423100516E-03  1.4548543E-04  8.692643584140179E-01  8.8281293E-05  4.082683943257826E-03  1.7125481E-04  2.633810115081082E-05          0
  10.0  9.733298479581802E-01  3.4619841E-05  1.856303781850744E-03  8.2554345E-05  9.101041165541256E-01  6.9804218E-05  3.445178933853388E-03  1.4566092E-04  8.219633211813356E-01  1.0912539E-04  4.671769215187293E-03  1.9337379E-04  7.192539464945229E-01  1.4818613E-04  5.368453598904787E-03  2.2700707E-04  6.111083318002153E-01  1.8335959E-04  5.541769640761137E-03  2.4906812E-04  2.413505987415326E-05          0
  15.0  9.443955939024611E-01  5.3660267E-05  2.704543227245916E-03  1.1648398E-04  8.207163829772909E-01  1.1031604E-04  4.651600495321827E-03  1.9354108E-04  6.643181540409728E-01  1.6698533E-04  5.512834574502598E-03  2.3937477E-04  5.041987891651135E-01  2.1277474E-04  5.164436525352839E-03  2.6261527E-04  3.604865194244248E-01  2.4399091E-04  3.959279941188734E-03  2.7282160E-04  2.282272992002439E-05          0
  20.0  9.073906679349756E-01  7.3746198E-05  3.466161700762941E-03  1.4638236E-04  7.166103843087654E-01  1.4989244E-04  5.361417938296515E-03  2.2722658E-04  5.031545515709203E-01  2.1311338E-04  5.146467814310484E-03  2.6267468E-04  3.176295248436991E-01  2.5150695E-04  3.406899361998726E-03  2.7462888E-04  1.815272047664266E-01  2.6958287E-04  1.304150836286019E-03  2.7804001E-04  2.188707954921197E-05          0
  25.0  8.638531790074024E-01  9.4421102E-05  4.114587122330109E-03  1.7230140E-04  6.072453114185149E-01  1.8508518E-04  5.458853931046261E-03  2.4932545E-04  3.588565237099540E-01  2.4435698E-04  3.941726762026258E-03  2.7287365E-04  1.809236144121868E-01  2.6963802E-04  1.242192686248317E-03  2.7805912E-04  7.866590796119172E-02  2.7723139E-04 -5.945121601139949E-04  2.7914153E-04  2.116286809001343E-05          0
  30.0  8.152151009936147E-01  1.1519189E-04  4.629419980127775E-03  1.9438985E-04  5.001991743798422E-01  2.1407497E-04  5.127264405679381E-03  2.6282943E-04  2.415120277215313E-01  2.6272328E-04  2.335843797087052E-03  2.7690281E-04  9.355509300320876E-02  2.7643096E-04 -4.281919081216671E-04  2.7905834E-04  2.946168918939572E-02  2.7909737E-04 -1.100574947258534E-03  2.7928569E-04  2.058082134804999E-05          0
  35.0  7.628838717254102E-01  1.3548406E-04  5.036665394242367E-03  2.1290207E-04  4.008765983529941E-01  2.3638618E-04  4.392466593353675E-03  2.7054535E-04  1.537582255932975E-01  2.7217114E-04  7.179463271139511E-04  2.7844339E-04  4.409648601046297E-02  2.7865950E-04 -1.141377376688118E-03  2.7927463E-04  9.326201998364288E-03  2.7948428E-04 -7.616235224539256E-04  2.7931370E-04  2.008392444131449E-05          0
  40.0  7.081122942578241E-01  1.5493861E-04  5.301885741912888E-03  2.2811746E-04  3.129313957699196E-01  2.5241648E-04  3.334936076345630E-03  2.7473564E-04  9.275559137295908E-02  2.7648273E-04 -4.901334962652572E-04  2.7906727E-04  1.892452654013565E-02  2.7938800E-04 -1.042136439759455E-03  2.7924466E-04  2.220065708467431E-03  2.7950533E-04 -5.455960581238874E-04  2.7938746E-04  1.965275467196273E-05          0
  45.0  6.520742039947500E-01  1.7321927E-04  5.393746146797617E-03  2.4038035E-04  2.382049756921308E-01  2.6320806E-04  2.192488880050953E-03  2.7695878E-04  5.303131832774081E-02  2.7837175E-04 -1.019612404955686E-03  2.7923049E-04  7.214155228983776E-03  2.7952886E-04 -6.717079701987820E-04  2.7930286E-04 -3.766077363928763E-05  2.7957807E-04 -9.118280521733694E-04  2.7934835E-04  1.927577710544892E-05          0
  50.0  5.958451239163507E-01  1.9001901E-04  5.345700870210728E-03  2.5009654E-04  1.768734048953672E-01  2.7008388E-04  1.113738263369605E-03  2.7812405E-04  2.864861597728840E-02  2.7918048E-04 -1.118282457751891E-03  2.7922746E-04  2.265165203337018E-03  2.7952835E-04 -6.452930101052537E-04  2.7936717E-04 -4.372214850023829E-04  2.7955012E-04 -1.389161771271467E-03  2.7940170E-04  1.893954402938361E-05          0
  55.0  5.404016983697721E-01  2.0515001E-04  5.174049320470111E-03  2.5764943E-04  1.282166208817887E-01  2.7422106E-04  1.997100940229473E-04  2.7875213E-04  1.467482935443332E-02  2.7947748E-04 -9.098073862237115E-04  2.7923561E-04  2.803741648124016E-04  2.7957380E-04 -8.671807468632268E-04  2.7934798E-04 -1.548505790577512E-05  2.7944241E-04 -1.713443039468401E-03  2.7952937E-04  1.863551336716369E-05          0
  60.0  4.865619246204279E-01  2.1850760E-04  4.888655664016599E-03  2.6343208E-04  9.071368009156303E-02  2.7662787E-04 -4.319804814366711E-04  2.7907212E-04  7.014186166164577E-03  2.7952256E-04 -6.194509709048058E-04  2.7931116E-04 -2.594681636172369E-04  2.7962036E-04 -1.233469097241417E-03  2.7932108E-04  5.571689593664577E-04  2.7936911E-04 -1.794297718211487E-03  2.7961191E-04  1.835681848693747E-05          0
  65.0  4.349330906531355E-01  2.3012428E-04  4.544291378176467E-03  2.6777642E-04  6.272460808793913E-02  2.7797760E-04 -7.970982909844618E-04  2.7922774E-04  3.085504662145900E-03  2.7947988E-04 -4.870204959287360E-04  2.7940520E-04 -2.274193870799910E-04  2.7954274E-04 -1.588380001313958E-03  2.7941654E-04  8.258982618562557E-04  2.7933809E-04 -1.320887802144191E-03  2.7964432E-04  1.810051632874023E-05          0
  70.0  3.861039330210069E-01  2.4002090E-04  4.151854085469795E-03  2.7099796E-04  4.236400360267437E-02  2.7872346E-04 -9.571040362578052E-04  2.7929204E-04  1.119893632578603E-03  2.7953820E-04 -5.531936060118399E-04  2.7937311E-04  3.241074339199462E-05  2.7940175E-04 -1.894211546370437E-03  2.7957062E-04  6.775014319363813E-04  2.7943763E-04 -4.572927643630443E-04  2.7954806E-04  1.786194774965926E-05          0
  75.0  3.403954966437576E-01  2.4832553E-04  3.682798101374332E-03  2.7336148E-04  2.792395227411180E-02  2.7914711E-04 -1.021464634489120E-03  2.7929586E-04  1.634154026940473E-04  2.7961056E-04 -8.746457599937489E-04  2.7931834E-04  4.378551020771084E-04  2.7931019E-04 -1.924143564067043E-03  2.7966877E-04  4.961177707433543E-04  2.7947732E-04  6.793152346423607E-04  2.7951438E-04  1.763990525242941E-05          0
  80.0  2.980547677306313E-01  2.5518944E-04  3.169590876200812E-03  2.7506910E-04  1.799145889571869E-02  2.7938768E-04 -9.461698417483508E-04  2.7927920E-04 -2.951947401391297E-04  2.7960801E-04 -1.228126752532149E-03  2.7933582E-04  8.126214860973396E-04  2.7925005E-04 -1.550356731061926E-03  2.7973155E-04  5.511290095282001E-04  2.7941688E-04  1.431999839069569E-03  2.7958036E-04  1.743205557340939E-05          0
  85.0  2.592427821564133E-01  2.6076518E-04  2.668393961375733E-03  2.7630053E-04  1.129848468230963E-02  2.7950530E-04 -8.912107748780150E-04  2.7927879E-04 -3.627432510580571E-04  2.7953198E-04 -1.609256724689952E-03  2.7942535E-04  9.689828602880622E-04  2.7930718E-04 -8.601587585062960E-04  2.7967737E-04  5.857982967303320E-04  2.7942957E-04  1.689899739941516E-03  2.7956962E-04  1.723698976902450E-05          0
  90.0  2.239862290711953E-01  2.6522264E-04  2.156099445453306E-03  2.7718830E-04  6.873703780818106E-03  2.7955326E-04 -8.557215265054403E-04  2.7929426E-04 -3.143494692649928E-04  2.7943039E-04 -1.975891306334345E-03  2.7953787E-04  9.537864203171520E-04  2.7946131E-04 -2.591672019953735E-05  2.7952787E-04  6.808119946096093E-04  2.7940574E-04  1.703218756821110E-03  2.7959338E-04  1.705357737877166E-05          0
  95.0  1.922844938617783E-01  2.6872634E-04  1.688907196441623E-03  2.7783002E-04  3.988251975047452E-03  2.7956574E-04 -9.185031230631240E-04  2.7931780E-04 -1.172703840732175E-04  2.7931454E-04 -2.225425621573567E-03  2.7966041E-04  8.497383433402545E-04  2.7947764E-04  8.468063081474063E-04  2.7951612E-04  6.823497026520474E-04  2.7940158E-04  1.553383063373693E-03  2.7959709E-04  1.688049057847931E-05          0
 100.0  1.639870309563616E-01  2.7144670E-04  1.266167352427004E-03  2.7829457E-04  2.145432309084984E-03  2.7957249E-04 -1.003368336395697E-03  2.7933260E-04  1.739130975867961E-04  2.7927044E-04 -2.432770705705918E-03  2.7970827E-04  7.872540263773439E-04  2.7939466E-04  1.597261609694071E-03  2.7960191E-04  4.049784584618279E-04  2.7949729E-04  1.290358716974709E-03  2.7950261E-04  1.671590607729588E-05          0
 105.0  1.389778013010274E-01  2.7353133E-04  8.817459355925456E-04  2.7862839E-04  1.017599322404061E-03  2.7956700E-04 -1.138002013836752E-03  2.7935303E-04  5.433835077950016E-04  2.7925921E-04 -2.360865743262666E-03  2.7972140E-04  6.807629598007644E-04  2.7937078E-04  1.983631570748995E-03  2.7962678E-04  7.947887989220189E-05  2.7956122E-04  1.045196365698715E-03  2.7944241E-04  1.655868924469389E-05          0
 110.0  1.170478021274286E-01  2.7510064E-04  5.760200874644106E-04  2.7887615E-04  2.867630119714927E-04  2.7955290E-04 -1.307115214186583E-03  2.7937885E-04  9.054554784717428E-04  2.7929574E-04 -1.906616807723293E-03  2.7968690E-04  5.338268065640249E-04  2.7937426E-04  1.987369383447677E-03  2.7962419E-04 -3.808291997929793E-04  2.7958577E-04  8.572692356910779E-04  2.7942045E-04  1.640928924535556E-05          0
 115.0  9.796281268375924E-02  2.7627012E-04  3.813175212901468E-04  2.7905982E-04 -1.765190102265350E-04  2.7956971E-04 -1.552805761375985E-03  2.7937133E-04  1.113790217017176E-03  2.7938722E-04 -1.223078932085439E-03  2.7959905E-04  6.249159177321150E-04  2.7938513E-04  1.892733748875852E-03  2.7961449E-04 -7.757004159654938E-04  2.7953219E-04  9.499054438958759E-04  2.7947608E-04  1.626680383820300E-05          0
 120.0  8.147442179094649E-02  2.7713862E-04  2.468997548552646E-04  2.7918956E-04 -4.242009387309400E-04  2.7959423E-04 -1.795736003321535E-03  2.7935446E-04  1.178465155365403E-03  2.7945277E-04 -5.370518496704109E-04  2.7953668E-04  7.770888224368346E-04  2.7941549E-04  1.721224218984431E-03  2.7958463E-04 -1.112466512216528E-03  2.7947339E-04  9.847321293568780E-04  2.7953627E-04  1.613080691358917E-05          0
 125.0  6.735893411578807E-02  2.7777266E-04  1.547008852575363E-04  2.7928519E-04 -5.668181196126626E-04  2.7957545E-04 -2.006196414965697E-03  2.7938071E-04  1.173865717409104E-03  2.7945783E-04  1.826985543705605E-04  2.7953580E-04  6.201276698168932E-04  2.7948084E-04  1.557046152561204E-03  2.7951923E-04 -1.342693182370186E-03  2.7951048E-04  7.004376356519202E-04  2.7949950E-04  1.600001270999923E-05          0
 130.0  5.541808575700392E-02  2.7823057E-04  9.904538889272637E-05  2.7935433E-04 -6.388878872245820E-04  2.7952847E-04 -2.245549458733240E-03  2.7943477E-04  9.581165840396525E-04  2.7941214E-04  8.869171914695575E-04  2.7958555E-04  2.646280985413863E-04  2.7953302E-04  1.311456211871000E-03  2.7946846E-04 -1.315140663868787E-03  2.7950648E-04  3.280977951501280E-04  2.7950332E-04  1.587414471621677E-05          0
 135.0  4.536193021316794E-02  2.7856992E-04  8.060914014559970E-05  2.7939469E-04 -6.020256442565669E-04  2.7944821E-04 -2.372299870114996E-03  2.7952147E-04  7.435419248099299E-04  2.7933752E-04  1.551954763110294E-03  2.7966158E-04 -3.260623757665626E-04  2.7952901E-04  1.261148484310368E-03  2.7947447E-04 -1.011844144927936E-03  2.7953181E-04  2.148181651126756E-04  2.7947729E-04  1.575346425091624E-05          0
 140.0  3.697683627209530E-02  2.7882766E-04  7.372542586860282E-05  2.7940815E-04 -4.516795742543874E-04  2.7938134E-04 -2.454176010010787E-03  2.7959325E-04  6.657976059644713E-04  2.7931369E-04  2.061143373710302E-03  2.7968512E-04 -8.148602240490881E-04  2.7950572E-04  1.125966663638158E-03  2.7950030E-04 -6.691732604440027E-04  2.7941139E-04  1.215256774408427E-04  2.7959704E-04  1.563667457570125E-05          0
 145.0  3.001053628402807E-02  2.7902536E-04  1.256243666642147E-04  2.7940337E-04 -2.312372663276805E-04  2.7933392E-04 -2.526687412536031E-03  2.7964371E-04  7.605550422455699E-04  2.7934744E-04  2.283214876558961E-03  2.7965069E-04 -1.158768921956005E-03  2.7948120E-04  1.015831309733564E-03  2.7952604E-04 -3.463576468607860E-04  2.7935457E-04 -2.588702037582889E-05  2.7965544E-04  1.552424868120031E-05          0
 150.0  2.424885056332232E-02  2.7917722E-04  1.934267089848710E-04  2.7938945E-04  7.701818273530307E-06  2.7928148E-04 -2.458856926639181E-03  2.7969801E-04  9.334060054504371E-04  2.7937392E-04  2.243203036432315E-03  2.7962350E-04 -1.534867850252499E-03  2.7953166E-04  8.879110210708130E-04  2.7947612E-04 -2.911704625502255E-04  2.7950010E-04 -3.534228112591810E-04  2.7951145E-04  1.541502219837492E-05          0
 155.0  1.949940876833254E-02  2.7928563E-04  2.631924082881587E-04  2.7937989E-04  1.824885411412417E-04  2.7925996E-04 -2.338273879164042E-03  2.7972078E-04  1.097357003052723E-03  2.7936150E-04  2.068223813932144E-03  2.7963551E-04 -1.686929471238871E-03  2.7951769E-04  4.893520091189757E-04  2.7949045E-04 -6.922338979951971E-04  2.7961134E-04 -7.447842823943201E-04  2.7940062E-04  1.530965764354911E-05          0
 160.0  1.562211366985540E-02  2.7937793E-04  3.232476397953536E-04  2.7935827E-04  4.175314745530984E-04  2.7926084E-04 -2.187546242851602E-03  2.7972058E-04  1.224550955998846E-03  2.7932758E-04  1.867866813903206E-03  2.7966949E-04 -1.676435383431648E-03  2.7948449E-04  1.029277172465812E-06  2.7952418E-04 -1.084632895881795E-03  2.7955276E-04 -9.906739272860581E-04  2.7945837E-04  1.520764427021880E-05          0
 165.0  1.247326522082959E-02  2.7945594E-04  3.606748954646188E-04  2.7933134E-04  6.714010145535604E-04  2.7928982E-04 -1.952358501477641E-03  2.7969281E-04  1.198119640162030E-03  2.7939553E-04  1.767588234118084E-03  2.7960248E-04 -1.468063739021268E-03  2.7951470E-04 -1.724674589815602E-04  2.7949394E-04 -1.190993094714512E-03  2.7951036E-04 -9.513748834043502E-04  2.7949918E-04  1.510885803766028E-05          0
 170.0  9.902621485628236E-03  2.7951194E-04  3.378852762698316E-04  2.7931250E-04  8.529071753716617E-04  2.7933690E-04 -1.662171262421077E-03  2.7964685E-04  7.607650208253880E-04  2.7947412E-04  1.738942521185781E-03  2.7952554E-04 -1.132180640823965E-03  2.7955021E-04 -2.101528817717073E-04  2.7945765E-04 -1.099988643998040E-03  2.7950422E-04 -7.618078435206876E-04  2.7950462E-04  1.501383691407742E-05          0
 175.0  7.824259054010159E-03  2.7955144E-04  2.792286094064059E-04  2.7930038E-04  9.764520535647573E-04  2.7938995E-04 -1.280095092959341E-03  2.7959503E-04  2.746285820829709E-04  2.7951187E-04  1.768638654316983E-03  2.7948953E-04 -7.572181002691783E-04  2.7954122E-04 -2.390881492374796E-04  2.7946522E-04 -9.586090784476767E-04  2.7950041E-04 -5.791563668159282E-04  2.7950964E-04  1.492116476224708E-05          0
 180.0  6.160674823903816E-03  2.7956713E-04  2.543667237783590E-04  2.7930460E-04  9.735911979537918E-04  2.7941944E-04 -8.070651375441107E-04  2.7956759E-04 -2.023725862673248E-04  2.7951551E-04  1.692031397130087E-03  2.7948792E-04 -5.541945103809135E-04  2.7950003E-04 -4.343596190700512E-04  2.7950615E-04 -9.799732966513672E-04  2.7945399E-04 -2.308097420643412E-04  2.7955741E-04  1.483120300415295E-05          0
 185.0  4.838531490229522E-03  2.7956652E-04  1.995066264442831E-04  2.7932023E-04  8.844194641569261E-04  2.7945822E-04 -3.344520944226988E-04  2.7953149E-04 -5.599325648640948E-04  2.7951992E-04  1.508489463290240E-03  2.7948543E-04 -2.861551787322808E-04  2.7954259E-04 -6.370652819267570E-04  2.7946467E-04 -1.115292288699912E-03  2.7948679E-04 -1.221163542444571E-04  2.7952559E-04  1.474352758630223E-05          0
 190.0  3.748396753205307E-03  2.7954475E-04  9.828227725358293E-05  2.7935299E-04  6.673488431181934E-04  2.7947580E-04  9.021060610179632E-05  2.7951613E-04 -8.036450542354415E-04  2.7954984E-04  1.154009687627809E-03  2.7945713E-04 -1.672837231749696E-04  2.7962769E-04 -9.341441514468504E-04  2.7938108E-04 -1.157815520537968E-03  2.7952400E-04 -1.908127444527793E-04  2.7948819E-04  1.465822969940999E-05          0
 195.0  2.898722467282343E-03  2.7952506E-04 -5.380256238024864E-06  2.7938117E-04  4.810177910206810E-04  2.7946464E-04  4.854432847346886E-04  2.7952899E-04 -8.443339603186563E-04  2.7958355E-04  6.876135174507473E-04  2.7942433E-04 -2.500712231460175E-04  2.7967062E-04 -1.149749152062049E-03  2.7933900E-04 -8.058086652694431E-04  2.7953391E-04 -2.692870489860216E-04  2.7947762E-04  1.457489945323954E-05          0
 200.0  2.235940373413550E-03  2.7951099E-04 -1.575989099290782E-04  2.7940203E-04  3.462460985124419E-04  2.7943335E-04  7.230513843611839E-04  2.7956156E-04 -9.255289681719861E-04  2.7959137E-04  3.187757849930127E-04  2.7941698E-04 -4.749144936749622E-04  2.7965548E-04 -1.225782451170693E-03  2.7935401E-04 -1.889343138725643E-04  2.7956050E-04 -3.408079798182195E-04  2.7945123E-04  1.449430410883967E-05          0
 205.0  1.659562576187360E-03  2.7949502E-04 -3.058951554696226E-04  2.7942328E-04  2.067050260120868E-04  2.7940510E-04  9.393834479238485E-04  2.7959080E-04 -8.987562837195685E-04  2.7954713E-04  8.564512135527405E-05  2.7946128E-04 -6.753973007079882E-04  2.7956910E-04 -1.130979365777073E-03  2.7943993E-04  1.119638003659923E-04  2.7956996E-04 -1.539092806117109E-04  2.7944196E-04  1.441562504551488E-05          0
 210.0  1.216527348736709E-03  2.7950121E-04 -4.961177922661388E-04  2.7942149E-04  2.297561845291037E-04  2.7940168E-04  1.098413364377894E-03  2.7959479E-04 -8.825741575059222E-04  2.7949048E-04 -7.024063928703537E-05  2.7951812E-04 -6.965507266939351E-04  2.7953766E-04 -9.501603458695646E-04  2.7947077E-04  2.556160633758589E-04  2.7941239E-04  2.059943780851434E-04  2.7959941E-04  1.433862402161635E-05          0
 215.0  8.454498517661412E-04  2.7951656E-04 -7.004304593361717E-04  2.7941012E-04  3.219840215260618E-04  2.7937573E-04  1.141802961933004E-03  2.7962113E-04 -8.441954402349652E-04  2.7947253E-04 -1.319255395226670E-04  2.7953658E-04 -8.788745826970720E-04  2.7952323E-04 -7.054339142441044E-04  2.7948539E-04  3.740624843853360E-04  2.7940937E-04  4.133620148538875E-04  2.7960193E-04  1.426315280677247E-05          0
 220.0  5.113817889370895E-04  2.7954611E-04 -8.976758182296488E-04  2.7938419E-04  5.186742554074257E-04  2.7937038E-04  1.250349384439247E-03  2.7962644E-04 -7.940619394133294E-04  2.7948521E-04 -1.503833494013401E-04  2.7952425E-04 -9.157603550394371E-04  2.7953840E-04 -4.087764439377386E-04  2.7947088E-04  6.758229809886034E-04  2.7953060E-04  6.272851529352764E-04  2.7948097E-04  1.418977743597791E-05          0
 225.0  2.422313136269008E-04  2.7958412E-04 -1.095882892668952E-03  2.7934949E-04  7.783027499259563E-04  2.7935681E-04  1.269594639623423E-03  2.7963984E-04 -6.666283592891708E-04  2.7951654E-04 -7.648009907259038E-05  2.7949250E-04 -1.011041854932775E-03  2.7954844E-04 -1.067100813819486E-04  2.7946124E-04  9.090485677944819E-04  2.7955076E-04  8.006717761098298E-04  2.7946192E-04  1.411814500801884E-05          0
 230.0  3.806014106714855E-05  2.7962537E-04 -1.277051269911393E-03  2.7931118E-04  1.063698374734955E-03  2.7936710E-04  1.325645893132881E-03  2.7962899E-04 -4.951400021280912E-04  2.7952623E-04  6.046868579645991E-05  2.7948233E-04 -9.333551525530767E-04  2.7955612E-04  2.432701198652051E-04  2.7945334E-04  9.541665124020737E-04  2.7958774E-04  6.804724466799272E-04  2.7942572E-04  1.404785664882984E-05          0
 235.0 -1.328580667850965E-04  2.7965462E-04 -1.470378397427481E-03  2.7928472E-04  1.265338447536368E-03  2.7939065E-04  1.498075956786444E-03  2.7960493E-04 -1.701397277248753E-04  2.7948337E-04  8.700743914891279E-05  2.7952507E-04 -7.624080923349283E-04  2.7955490E-04  3.380431413002948E-04  2.7945406E-04  8.384391024020548E-04  2.7956656E-04  5.748692642515518E-04  2.7944689E-04  1.397882507781448E-05          0
 240.0 -2.524005891393351E-04  2.7967568E-04 -1.670029351747570E-03  2.7926582E-04  1.410293188196815E-03  2.7944167E-04  1.615880501798839E-03  2.7955320E-04  1.749957952678388E-04  2.7944702E-04  8.600063954200540E-05  2.7956150E-04 -3.946390280157829E-04  2.7954629E-04  2.390957048352052E-04  2.7946264E-04  5.745840481576850E-04  2.7952956E-04  4.843708582107426E-04  2.7948347E-04  1.391134554522006E-05          0
 245.0 -3.456151313315254E-04  2.7967386E-04 -1.850630105171598E-03  2.7926921E-04  1.393169112537109E-03  2.7948600E-04  1.690099269602895E-03  2.7950865E-04  4.440468391655488E-04  2.7941661E-04 -9.819861986402523E-05  2.7959219E-04 -7.554151366854027E-05  2.7952121E-04  1.256788856326562E-04  2.7948780E-04  1.603620566662203E-04  2.7948169E-04  4.351350124754379E-04  2.7953144E-04  1.384491683251637E-05          0
 250.0 -4.297797642601769E-04  2.7965051E-04 -2.033072982476762E-03  2.7929391E-04  1.223650016743409E-03  2.7949969E-04  1.787460362674490E-03  2.7949497E-04  4.910395165784655E-04  2.7945613E-04 -3.740909525762993E-04  2.7955329E-04  2.074825212092990E-05  2.7950056E-04  4.090497424864125E-05  2.7950848E-04 -1.073943864390493E-04  2.7940967E-04  2.944951651546561E-04  2.7960366E-04  1.378020464987518E-05          0
 255.0 -5.094001476137211E-04  2.7962262E-04 -2.189007429197261E-03  2.7932294E-04  1.021686270538682E-03  2.7948960E-04  1.843257816947967E-03  2.7950565E-04  3.141285953128331E-04  2.7949622E-04 -5.347255201181583E-04  2.7951401E-04 -5.530499320390267E-05  2.7948000E-04  1.222451013638547E-04  2.7952992E-04 -3.424081117411385E-04  2.7944373E-04  8.767559672099917E-06  2.7956962E-04  1.371717970491356E-05          0
 260.0 -5.703172944598767E-04  2.7958236E-04 -2.326532939289150E-03  2.7936352E-04  7.331887068464632E-04  2.7945121E-04  1.824642347670021E-03  2.7954512E-04  1.614626865054116E-04  2.7953387E-04 -6.816809447960890E-04  2.7947688E-04 -3.358086905990538E-04  2.7939931E-04  1.739870457442304E-04  2.7961151E-04 -7.703223284714657E-04  2.7951170E-04 -1.763144082162113E-04  2.7950174E-04  1.365525980277313E-05          0
 265.0 -6.135314167366251E-04  2.7953860E-04 -2.473944832487873E-03  2.7940712E-04  4.195395801823988E-04  2.7942236E-04  1.750527936376055E-03  2.7957550E-04  1.760273974341982E-04  2.7956244E-04 -7.844157239253034E-04  2.7944840E-04 -5.487524707076168E-04  2.7935646E-04  1.521172746321830E-04  2.7965462E-04 -9.487424085245930E-04  2.7953645E-04 -2.985638189313490E-04  2.7947703E-04  1.359406935953598E-05          0
 270.0 -6.804684608684157E-04  2.7950017E-04 -2.570359825912946E-03  2.7944491E-04  1.472395517115691E-04  2.7940782E-04  1.603873910675724E-03  2.7959162E-04  1.684347405534820E-04  2.7964425E-04 -8.390613669561463E-04  2.7936614E-04 -6.581972487789532E-04  2.7943197E-04  7.081019925288640E-05  2.7957943E-04 -1.004837446088714E-03  2.7958276E-04 -3.994507881471924E-04  2.7943059E-04  1.353429555355739E-05          0
 275.0 -6.956309608793614E-04  2.7945059E-04 -2.675364362783781E-03  2.7949353E-04 -2.048075095883758E-04  2.7941394E-04  1.436659907173716E-03  2.7958688E-04  1.274797769846942E-04  2.7971781E-04 -8.334242997784288E-04  2.7929186E-04 -6.176990577874881E-04  2.7947782E-04 -8.470767375295732E-06  2.7953374E-04 -9.101585247803164E-04  2.7959159E-04 -4.613868820477689E-04  2.7942210E-04  1.347579059643752E-05          0
 280.0 -6.859596668014144E-04  2.7940944E-04 -2.706951003601762E-03  2.7953427E-04 -4.961655807998370E-04  2.7944721E-04  1.294012147279270E-03  2.7955479E-04  9.500297437615785E-05  2.7972777E-04 -8.113007699374040E-04  2.7928125E-04 -3.814862342493627E-04  2.7953475E-04  9.192996490593171E-05  2.7947742E-04 -6.299470695235464E-04  2.7961916E-04 -4.804529330219923E-04  2.7939504E-04  1.341802430114871E-05          0
 285.0 -6.574139117870390E-04  2.7938238E-04 -2.744131963654808E-03  2.7956122E-04 -6.875303393915570E-04  2.7949316E-04  1.109713245887131E-03  2.7950974E-04  1.495252376591487E-04  2.7968700E-04 -8.504525382699413E-04  2.7932173E-04 -5.381894077468604E-05  2.7954340E-04  3.656799941771824E-04  2.7946954E-04 -3.448542903498936E-04  2.7953128E-04 -7.436089753741926E-04  2.7948305E-04  1.336142952445970E-05          0
 290.0 -5.817134170289320E-04  2.7936973E-04 -2.779395590143689E-03  2.7957421E-04 -7.767864055467494E-04  2.7954465E-04  8.462322860035307E-04  2.7945889E-04  8.475615811205916E-05  2.7961765E-04 -8.046567177113376E-04  2.7939175E-04  3.139987605262084E-04  2.7952710E-04  4.777663145641146E-04  2.7948660E-04 -4.057978844589347E-05  2.7947806E-04 -8.854422489596517E-04  2.7953679E-04  1.330577526022369E-05          0
 295.0 -4.805479668809858E-04  2.7936370E-04 -2.764321048307718E-03  2.7958036E-04 -8.173828460059230E-04  2.7958222E-04  6.035873186181879E-04  2.7942131E-04  2.461360710149999E-05  2.7958593E-04 -6.323720260630560E-04  2.7942453E-04  5.842021706908652E-04  2.7951862E-04  4.858925609780684E-04  2.7949554E-04  5.624329756772225E-05  2.7951304E-04 -7.847118998317584E-04  2.7950194E-04  1.325114932750083E-05          0
 300.0 -3.232249178325003E-04  2.7937358E-04 -2.739917547251205E-03  2.7957095E-04 -7.457136701897510E-04  2.7959929E-04  3.126977327626989E-04  2.7940418E-04 -2.668376361207812E-04  2.7956555E-04 -4.168489716986341E-04  2.7944550E-04  7.067992603789734E-04  2.7951797E-04  3.531191871883801E-04  2.7949596E-04 -1.747098270559440E-04  2.7944729E-04 -6.681756197355752E-04  2.7956738E-04  1.319713233522515E-05          0
 305.0 -1.766293755824441E-04  2.7939333E-04 -2.700923039634241E-03  2.7955209E-04 -6.039047555933454E-04  2.7962441E-04  2.005086064388886E-05  2.7937869E-04 -5.441707479942632E-04  2.7953436E-04 -3.104410769588122E-04  2.7947681E-04  8.879281225714501E-04  2.7951921E-04  2.578815761531319E-04  2.7949401E-04 -4.189930639880940E-04  2.7943901E-04 -4.771520396364729E-04  2.7957531E-04  1.314393986294655E-05          0
 310.0 -2.191783056917175E-05  2.7942158E-04 -2.621619022109264E-03  2.7952526E-04 -4.027104305146015E-04  2.7963875E-04 -2.335530810319331E-04  2.7936410E-04 -6.442982595781753E-04  2.7952514E-04 -3.382373359599691E-04  2.7948596E-04  9.903950655995477E-04  2.7950523E-04  2.674251418256744E-04  2.7950740E-04 -3.685638594141642E-04  2.7944368E-04 -2.529682098341626E-04  2.7957114E-04  1.309213710618339E-05          0
 315.0  1.023496447296965E-04  2.7945385E-04 -2.538800923681070E-03  2.7949405E-04 -1.721457179706204E-04  2.7963221E-04 -4.476383318011736E-04  2.7937048E-04 -7.714558845896419E-04  2.7949887E-04 -2.957650320404566E-04  2.7951186E-04  9.438834446005269E-04  2.7952337E-04  1.452628908984977E-04  2.7948894E-04 -2.824035482332552E-04  2.7946185E-04 -1.129148299932985E-06  2.7955338E-04  1.304099624481686E-05          0
 320.0  2.403061665594382E-04  2.7949029E-04 -2.357636159551216E-03  2.7945915E-04  8.588594363947706E-05  2.7960200E-04 -5.567849192819217E-04  2.7940066E-04 -8.651978219276644E-04  2.7948029E-04 -3.061830660833413E-04  2.7953011E-04  7.283762786034118E-04  2.7949739E-04  1.108160464117029E-04  2.7951489E-04 -2.465473942791473E-04  2.7950590E-04  9.003818516861869E-06  2.7950951E-04  1.299095780160196E-05          0
 325.0  3.553988496521490E-04  2.7951436E-04 -2.154732642162289E-03  2.7943664E-04  2.552455523443005E-04  2.7953173E-04 -5.634972128002130E-04  2.7947066E-04 -8.745785662483597E-04  2.7946241E-04 -3.339628565021095E-04  2.7954785E-04  2.279146069374288E-04  2.7947174E-04  3.191257204249795E-05  2.7954051E-04 -3.125515810194862E-04  2.7950928E-04 -1.294245961672472E-04  2.7950638E-04  1.294105588055865E-05          0
 330.0  4.303092599837004E-04  2.7952965E-04 -1.960451307364188E-03  2.7942320E-04  3.597961476442675E-04  2.7949061E-04 -4.868779115045446E-04  2.7951145E-04 -7.776802145134826E-04  2.7945264E-04 -3.512843096323298E-04  2.7955802E-04 -6.440738920775100E-05  2.7945952E-04  2.605416015444525E-06  2.7955274E-04 -2.810070584229118E-04  2.7953666E-04 -2.148098917656782E-04  2.7947889E-04  1.289186040638075E-05          0
 335.0  4.946585220948485E-04  2.7954547E-04 -1.772198380603548E-03  2.7940904E-04  4.680407137679925E-04  2.7944722E-04 -2.540521770139176E-04  2.7955415E-04 -5.889568944558992E-04  2.7947115E-04 -2.532684378305257E-04  2.7953960E-04 -3.717134771136665E-04  2.7941709E-04 -3.250942420762729E-05  2.7959515E-04 -1.015752334026460E-04  2.7949070E-04 -2.847135625397475E-04  2.7952417E-04  1.284392932905103E-05          0
 340.0  5.610474602098460E-04  2.7955969E-04 -1.544436182078882E-03  2.7939605E-04  5.648992420060918E-04  2.7941604E-04  1.142426240903636E-04  2.7958479E-04 -4.180297517027688E-04  2.7948138E-04 -2.380658176246835E-04  2.7952949E-04 -5.923566012020815E-04  2.7940553E-04 -2.889276308602764E-04  2.7960655E-04  1.528704548245682E-04  2.7945758E-04 -1.363345661498126E-04  2.7955675E-04  1.279674330357302E-05          0
 345.0  6.008701563023969E-04  2.7956183E-04 -1.336544729512870E-03  2.7939546E-04  5.740731742225091E-04  2.7940082E-04  3.906340767880641E-04  2.7959955E-04 -2.635184769673067E-04  2.7948150E-04 -2.707293651044775E-04  2.7952940E-04 -6.998909067246793E-04  2.7946738E-04 -6.160845187194193E-04  2.7954468E-04  3.054616293326796E-04  2.7946098E-04  2.622963314598086E-04  2.7955328E-04  1.274977469420367E-05          0
 350.0  5.936560654257398E-04  2.7955809E-04 -1.101230853999302E-03  2.7940045E-04  5.404121689674018E-04  2.7938336E-04  6.557408378279307E-04  2.7961620E-04 -8.569533712019886E-05  2.7947758E-04 -3.176212639141951E-04  2.7953341E-04 -8.211853958477083E-04  2.7949486E-04 -7.915912821725429E-04  2.7951742E-04  4.006712639848546E-04  2.7951078E-04  4.497222477737575E-04  2.7950300E-04  1.270393860025706E-05          0
 355.0  5.357728702168014E-04  2.7953568E-04 -8.430788620549861E-04  2.7942395E-04  3.730230913040852E-04  2.7937196E-04  8.527882598684234E-04  2.7962710E-04  4.256466994920181E-05  2.7944413E-04 -2.000121564320375E-04  2.7956681E-04 -9.021509528040140E-04  2.7949646E-04 -7.801616777650066E-04  2.7951571E-04  4.461684736859190E-04  2.7956228E-04  4.672486494760522E-04  2.7945160E-04  1.265854989197626E-05          0
 360.0  4.869397611036400E-04  2.7950819E-04 -5.976307469394246E-04  2.7945240E-04  1.684565412901198E-04  2.7936123E-04  9.309669366214089E-04  2.7963781E-04  1.043439617283724E-04  2.7942372E-04 -4.937132041308613E-05  2.7958726E-04 -9.810910413607943E-04  2.7952090E-04 -5.637930527518682E-04  2.7949125E-04  5.374107917707092E-04  2.7952644E-04  2.192250431525890E-04  2.7948821E-04  1.261384015075941E-05          0
 365.0  4.580015716810508E-04  2.7947571E-04 -3.509780206812082E-04  2.7948587E-04 -7.233125515029012E-05  2.7935202E-04  8.745147239894045E-04  2.7964770E-04 -4.072520682857025E-05  2.7942514E-04  1.583817603408225E-04  2.7958588E-04 -1.051767048617459E-03  2.7951251E-04 -3.061193652806727E-04  2.7949986E-04  3.510624240002102E-04  2.7947571E-04  2.833100484414617E-06  2.7953879E-04  1.257004012774042E-05          0
 370.0  3.752554599248381E-04  2.7943695E-04 -1.312340995145461E-04  2.7952531E-04 -3.569099694818801E-04  2.7936826E-04  6.751333496135958E-04  2.7963195E-04  5.721380178289700E-05  2.7945707E-04  2.785790644292778E-04  2.7955392E-04 -9.385421555698888E-04  2.7947842E-04 -1.846142163959609E-04  2.7953412E-04  2.999428771905286E-04  2.7943726E-04 -1.034830039304897E-04  2.7957679E-04  1.252656522469040E-05          0
 375.0  2.509397473137864E-04  2.7939491E-04  3.433263038680410E-05  2.7956794E-04 -6.635106042630061E-04  2.7938894E-04  3.839607524657238E-04  2.7961138E-04  1.295505208897014E-04  2.7953196E-04  4.081078804507716E-04  2.7947836E-04 -7.925470249812017E-04  2.7950971E-04  1.870759820444245E-05  2.7950351E-04  2.720023796111333E-04  2.7947122E-04  1.168634311836942E-05  2.7954280E-04  1.248363500633704E-05          0
 380.0  8.255477064936207E-05  2.7936917E-04  2.312861357970127E-04  2.7959376E-04 -8.523182281530136E-04  2.7941017E-04  5.784195858517444E-06  2.7959031E-04  1.981833998944743E-04  2.7961171E-04  5.506164096837230E-04  2.7939824E-04 -6.424653688011975E-04  2.7955667E-04  2.138007260649937E-04  2.7945693E-04  2.717629025032935E-04  2.7948065E-04  2.257865721069504E-04  2.7953341E-04  1.244112904807840E-05          0
 385.0 -9.207366651349768E-05  2.7934998E-04  4.352430642351518E-04  2.7961305E-04 -9.923869243087362E-04  2.7944015E-04 -4.125920982931165E-04  2.7956037E-04  2.886539329934202E-04  2.7968676E-04  5.567474314117004E-04  2.7932290E-04 -4.306256095230233E-04  2.7955055E-04  2.551084593691428E-04  2.7946339E-04  2.321932772494114E-04  2.7949477E-04  3.761074179725297E-04  2.7951901E-04  1.239929777560265E-05          0
 390.0 -3.015909275069837E-04  2.7933592E-04  5.694413192872270E-04  2.7962694E-04 -1.094001972476294E-03  2.7945768E-04 -8.657655691189146E-04  2.7954218E-04  3.585737019041201E-04  2.7970395E-04  5.053935859722145E-04  2.7930583E-04 -3.058440689849228E-04  2.7952526E-04  1.480668233622813E-04  2.7948888E-04  1.973167697325958E-04  2.7945926E-04  3.652537336788247E-04  2.7955446E-04  1.235793899903671E-05          0
 395.0 -5.400677456146063E-04  2.7933754E-04  7.061963569251641E-04  2.7962537E-04 -1.083367683776101E-03  2.7947730E-04 -1.310298297269944E-03  2.7952199E-04  4.199238256055132E-04  2.7967146E-04  4.272496064785367E-04  2.7933875E-04 -1.681507283398884E-04  2.7953935E-04  1.622380376379242E-04  2.7947457E-04  1.182115743354341E-04  2.7950484E-04  3.827133828872055E-04  2.7950925E-04  1.231706830058001E-05          0
 400.0 -7.654064146961441E-04  2.7933771E-04  8.284874187792545E-04  2.7962546E-04 -1.083177497970148E-03  2.7950580E-04 -1.585683553701080E-03  2.7949267E-04  4.557478213438082E-04  2.7960183E-04  3.230830170681111E-04  2.7940864E-04  3.280475350040487E-05  2.7957166E-04  9.526686186863338E-05  2.7944159E-04  1.842504273864962E-04  2.7953688E-04  3.884462477871585E-04  2.7947764E-04  1.227714744758485E-05          0
 405.0 -9.924872775801366E-04  2.7933757E-04  9.113097306634393E-04  2.7962599E-04 -1.084373353638680E-03  2.7952187E-04 -1.821652626283790E-03  2.7947592E-04  4.151128738123855E-04  2.7954682E-04  2.198036474391616E-04  2.7946330E-04  1.454206904375671E-04  2.7956644E-04  1.842273801356974E-04  2.7944681E-04  1.527122364857709E-04  2.7954141E-04  3.816280559633248E-04  2.7947330E-04  1.223784780990362E-05          0
 410.0 -1.265739800809885E-03  2.7933902E-04  9.861831793264724E-04  2.7962507E-04 -1.073827793255791E-03  2.7954316E-04 -1.914665344142557E-03  2.7945432E-04  2.700179553563516E-04  2.7955539E-04  2.767155653996235E-04  2.7945384E-04  2.975809815846973E-04  2.7951271E-04  7.666264660133570E-05  2.7950049E-04  1.445231306224227E-04  2.7951072E-04  4.046742340129188E-05  2.7950386E-04  1.219874341177480E-05          0
 415.0 -1.541376784804993E-03  2.7935265E-04  1.036843952934568E-03  2.7961224E-04 -9.758764593984901E-04  2.7955422E-04 -1.919834906510802E-03  2.7944312E-04  1.724541460714544E-04  2.7960339E-04  4.596984516400878E-04  2.7940463E-04  3.797447896345539E-04  2.7951670E-04  4.379514064535856E-05  2.7949670E-04  1.787052785698163E-04  2.7953719E-04 -1.710236818127050E-04  2.7947765E-04  1.216000891388368E-05          0
 420.0 -1.817968149868365E-03  2.7935485E-04  1.045775983451550E-03  2.7961060E-04 -9.568524402825342E-04  2.7955793E-04 -1.852630826815772E-03  2.7943915E-04 -1.260012559981530E-05  2.7959669E-04  5.494412273709500E-04  2.7941091E-04  4.137207330960607E-04  2.7957820E-04  1.924688112584313E-04  2.7943576E-04  3.766016987973993E-04  2.7951073E-04 -1.707696719019369E-04  2.7950439E-04  1.212146651278006E-05          0
 425.0 -2.092381935842083E-03  2.7935649E-04  1.046181335801234E-03  2.7960960E-04 -9.430247153933173E-04  2.7956214E-04 -1.692216894395042E-03  2.7943462E-04 -8.914863031014969E-05  2.7957396E-04  6.320163078469078E-04  2.7943343E-04  4.542409719657329E-04  2.7955881E-04  5.976215272548955E-04  2.7945544E-04  5.949435031736049E-04  2.7951145E-04 -2.282390563427518E-04  2.7950325E-04  1.208366499315346E-05          0
 430.0 -2.334627825738944E-03  2.7934535E-04  1.062315081152947E-03  2.7962136E-04 -1.020165848868004E-03  2.7953040E-04 -1.418136458876039E-03  2.7946632E-04 -1.596426497808204E-04  2.7953140E-04  7.118669379801779E-04  2.7947630E-04  2.374191279721345E-04  2.7950414E-04  1.190960836159549E-03  2.7950980E-04  6.433504222058614E-04  2.7952346E-04 -4.860044075773949E-04  2.7949093E-04  1.204651768580117E-05          0
 435.0 -2.545900266609321E-03  2.7932390E-04  1.047679696515869E-03  2.7964308E-04 -1.170677646993321E-03  2.7948240E-04 -9.871734399298712E-04  2.7951431E-04 -2.866011446302874E-04  2.7948190E-04  8.179152211700972E-04  2.7952647E-04 -9.720228742709318E-05  2.7956228E-04  1.506114340094690E-03  2.7945137E-04  2.969055651020058E-04  2.7948077E-04 -3.176364371239560E-04  2.7953384E-04  1.200974226277601E-05          0
 440.0 -2.750596927274470E-03  2.7930503E-04  1.005847416984129E-03  2.7966219E-04 -1.303341377786698E-03  2.7945262E-04 -5.668870021593273E-04  2.7954452E-04 -4.448693302066398E-04  2.7946004E-04  8.798981242434596E-04  2.7954833E-04 -3.074285917741245E-04  2.7957878E-04  1.682118887465779E-03  2.7943479E-04 -7.976542779798671E-05  2.7949635E-04  9.675416423149540E-05  2.7951797E-04  1.197300941109527E-05          0
 445.0 -2.978644502923383E-03  2.7929103E-04  9.591708371517725E-04  2.7967606E-04 -1.399059622399677E-03  2.7943943E-04 -1.666531603044764E-04  2.7955810E-04 -7.027321478290808E-04  2.7946421E-04  8.446112720989695E-04  2.7954443E-04 -4.029632569825839E-04  2.7952624E-04  1.604864230097387E-03  2.7948763E-04 -1.725993848036386E-04  2.7951583E-04  3.864608004091474E-04  2.7949853E-04  1.193690026701377E-05          0
 450.0 -3.152749900266585E-03  2.7927788E-04  9.195144758591894E-04  2.7968922E-04 -1.489942266507205E-03  2.7943691E-04  3.002617365423459E-04  2.7956124E-04 -1.044001810114218E-03  2.7950673E-04  7.617495115359705E-04  2.7950253E-04 -4.268244074573946E-04  2.7947355E-04  1.279675638682361E-03  2.7954041E-04 -2.176964945265058E-04  2.7953938E-04  4.176787684830772E-04  2.7947512E-04  1.190092298270334E-05          0
 455.0 -3.271602475826933E-03  2.7926947E-04  8.742533967221302E-04  2.7969744E-04 -1.545940777987106E-03  2.7944184E-04  6.244992368809126E-04  2.7955683E-04 -1.262968113179000E-03  2.7952189E-04  7.489733969726984E-04  2.7948807E-04 -3.991955054459354E-04  2.7947502E-04  8.370941917148926E-04  2.7953902E-04 -7.225172252977200E-05  2.7949034E-04  3.730335875601631E-04  2.7952420E-04  1.186521440292598E-05          0
 460.0 -3.369516281652248E-03  2.7925451E-04  8.322804307278158E-04  2.7971192E-04 -1.647835162742724E-03  2.7947547E-04  9.340566197643393E-04  2.7952381E-04 -1.430765997069137E-03  2.7951377E-04  7.713485120614405E-04  2.7949664E-04 -1.658232932191415E-04  2.7946613E-04  3.155184942824245E-04  2.7954799E-04 -2.186340863644427E-04  2.7947122E-04  5.808125770593957E-04  2.7954374E-04  1.183023723965830E-05          0
 465.0 -3.425364576819005E-03  2.7924908E-04  7.461176437700281E-04  2.7971700E-04 -1.682443727812176E-03  2.7953482E-04  1.156433810242472E-03  2.7946536E-04 -1.467334060741149E-03  2.7951272E-04  7.069045004492080E-04  2.7949790E-04  2.527566525209920E-04  2.7944070E-04 -1.048559733135057E-04  2.7957336E-04 -2.427178718966692E-04  2.7946829E-04  6.868013413058354E-04  2.7954664E-04  1.179533528939276E-05          0
 470.0 -3.429919772117577E-03  2.7923764E-04  6.878993789927164E-04  2.7972763E-04 -1.759070674472345E-03  2.7958820E-04  1.294699368389871E-03  2.7941270E-04 -1.373868225629214E-03  2.7951072E-04  5.521316983917176E-04  2.7949999E-04  6.315041518300975E-04  2.7948254E-04 -1.969646605892875E-04  2.7953122E-04 -1.735594700344935E-04  2.7947363E-04  5.087308292041374E-04  2.7954161E-04  1.176084769707591E-05          0
 475.0 -3.392583741293232E-03  2.7922834E-04  6.275496674146572E-04  2.7973627E-04 -1.820313547110401E-03  2.7961056E-04  1.331104148530495E-03  2.7939131E-04 -1.253438694626527E-03  2.7948220E-04  5.340401242650881E-04  2.7952852E-04  7.898898250601949E-04  2.7949881E-04 -1.526247302783635E-04  2.7951487E-04  1.496773776875229E-06  2.7948595E-04 -1.061199942589758E-04  2.7952977E-04  1.172658350411498E-05          0
 480.0 -3.303615997698074E-03  2.7922452E-04  6.211370273832873E-04  2.7973969E-04 -1.842326953320916E-03  2.7960665E-04  1.347103470584626E-03  2.7939595E-04 -1.182696992638677E-03  2.7948721E-04  5.378421032380431E-04  2.7952332E-04  7.617395498075490E-04  2.7944679E-04 -7.762046657516206E-05  2.7956685E-04 -6.271342203263794E-06  2.7945912E-04 -7.297766349721783E-04  2.7955654E-04  1.169252755768393E-05          0
 485.0 -3.155469747868490E-03  2.7922283E-04  5.809998069731252E-04  2.7974122E-04 -1.850683858691742E-03  2.7958725E-04  1.225948068068704E-03  2.7941599E-04 -1.099793335923097E-03  2.7948702E-04  5.251239170868226E-04  2.7952300E-04  6.236852134530029E-04  2.7939508E-04  1.256905673759730E-04  2.7961844E-04 -9.533592420460580E-06  2.7946878E-04 -1.024905371481949E-03  2.7954672E-04  1.165866721570383E-05          0
 490.0 -3.000405201260623E-03  2.7922992E-04  5.709010771799023E-04  2.7973414E-04 -1.796524881502333E-03  2.7953738E-04  1.033126109280106E-03  2.7946642E-04 -9.953196525492340E-04  2.7950269E-04  4.772317625022395E-04  2.7950684E-04  2.664021504916490E-04  2.7943419E-04  3.150944857755422E-04  2.7957956E-04 -9.177559146076258E-05  2.7950230E-04 -1.005009697755715E-03  2.7951292E-04  1.162518603349724E-05          0
 495.0 -2.828779072557163E-03  2.7924323E-04  5.565099767130856E-04  2.7972067E-04 -1.696218411205453E-03  2.7946852E-04  8.304802967292338E-04  2.7953544E-04 -8.799576581090672E-04  2.7952111E-04  4.209986645622550E-04  2.7948777E-04 -2.266410296142157E-04  2.7945746E-04  4.998348206358029E-04  2.7955576E-04 -3.387852828997391E-04  2.7950423E-04 -6.064620476949505E-04  2.7951114E-04  1.159228523035914E-05          0
 500.0 -2.645742533456215E-03  2.7925888E-04  5.682297173798692E-04  2.7970488E-04 -1.578868664681648E-03  2.7941783E-04  6.622381042387849E-04  2.7958613E-04 -6.664717827139270E-04  2.7955409E-04  2.319040961641823E-04  2.7945414E-04 -5.915763411708329E-04  2.7943806E-04  4.862656170718585E-04  2.7957439E-04 -6.381259589848377E-04  2.7951446E-04 -2.218387726777485E-04  2.7950120E-04  1.155965578027654E-05          0
 505.0 -2.431874131507715E-03  2.7927276E-04  5.780495468115716E-04  2.7969112E-04 -1.475263591374175E-03  2.7940476E-04  4.446056920189470E-04  2.7959930E-04 -4.711404322411220E-04  2.7957849E-04  4.270837906513965E-05  2.7942921E-04 -6.889987598870603E-04  2.7946570E-04  5.749274994175959E-04  2.7954644E-04 -6.969933970158274E-04  2.7949325E-04  1.578686658787375E-04  2.7952244E-04  1.152718800533260E-05          0
 510.0 -2.209670353189941E-03  2.7928226E-04  5.662121263365718E-04  2.7968188E-04 -1.403994724228952E-03  2.7941863E-04  3.045481128912262E-04  2.7958512E-04 -3.111742730111353E-04  2.7957524E-04 -6.796612084367889E-05  2.7943192E-04 -5.921162365992718E-04  2.7946420E-04  6.572807603505625E-04  2.7954771E-04 -4.982265643592791E-04  2.7947124E-04 -8.333387338434723E-06  2.7954435E-04  1.149487893228106E-05          0
 515.0 -1.993144768027260E-03  2.7930117E-04  6.053391956903343E-04  2.7966372E-04 -1.267606321432167E-03  2.7944145E-04  1.620748720986542E-04  2.7956249E-04 -1.114022649582153E-04  2.7955250E-04 -8.100410882651613E-05  2.7945451E-04 -4.318159566389872E-04  2.7943945E-04  6.856927486973850E-04  2.7957277E-04 -3.193226836159543E-04  2.7946237E-04 -1.732685140699713E-04  2.7955293E-04  1.146302888515516E-05          0
 520.0 -1.788445314506004E-03  2.7932004E-04  6.204685460497356E-04  2.7964533E-04 -1.130680765306982E-03  2.7944891E-04  3.371499175352913E-05  2.7955555E-04 -1.192451267132986E-04  2.7959095E-04  9.491299031782715E-06  2.7941631E-04 -3.812923316540647E-04  2.7942415E-04  5.115817617320048E-04  2.7958844E-04 -3.961561304146241E-04  2.7945902E-04 -1.284622245442133E-04  2.7955620E-04  1.143177410177818E-05          0
 525.0 -1.568198958598606E-03  2.7934062E-04  6.301255842194990E-04  2.7962538E-04 -9.826680212052783E-04  2.7945537E-04 -5.133632486884257E-05  2.7954953E-04 -1.734936117536618E-04  2.7959984E-04  1.093058772345345E-04  2.7940775E-04 -3.377268459625741E-04  2.7947748E-04  4.071840670925479E-04  2.7953545E-04 -5.817542012417173E-04  2.7948283E-04  9.740747634747295E-06  2.7953239E-04  1.140070673733791E-05          0
 530.0 -1.390705557661159E-03  2.7936914E-04  5.869452260963602E-04  2.7959757E-04 -7.782342084062578E-04  2.7944646E-04 -1.580579321090847E-04  2.7955888E-04 -1.072492388701916E-04  2.7959941E-04  2.559173571392043E-04  2.7940878E-04 -4.030789912713817E-04  2.7953568E-04  3.317922497924498E-04  2.7947774E-04 -6.726682216277727E-04  2.7946081E-04  2.030637167148036E-04  2.7955405E-04  1.136985846423777E-05          0
 535.0 -1.241389220005511E-03  2.7939647E-04  5.401202510958823E-04  2.7957058E-04 -5.807993071204239E-04  2.7945733E-04 -2.244027022080406E-04  2.7954799E-04 -9.569670164162001E-05  2.7959444E-04  3.420048494572631E-04  2.7941466E-04 -3.256487660004219E-04  2.7955446E-04  1.469509912616168E-04  2.7945925E-04 -6.080912299812485E-04  2.7948633E-04  2.057360149865508E-04  2.7952844E-04  1.133943371826713E-05          0
 540.0 -1.130717048433206E-03  2.7943160E-04  4.826146067248272E-04  2.7953555E-04 -3.267740405909102E-04  2.7944686E-04 -2.572842798153777E-04  2.7955833E-04 -7.382990450393010E-05  2.7956986E-04  3.313095066990135E-04  2.7944002E-04 -4.006579785770395E-04  2.7958570E-04 -1.108325995088153E-04  2.7942739E-04 -6.179433854659666E-04  2.7947537E-04  2.956577233232869E-04  2.7953965E-04  1.130906327012383E-05          0
 545.0 -1.045878835190220E-03  2.7945878E-04  3.892074260801698E-04  2.7950805E-04 -1.283422735266086E-04  2.7944486E-04 -3.029703984793026E-04  2.7955991E-04 -2.714563889740937E-04  2.7952834E-04  2.891967326065852E-04  2.7948233E-04 -4.127207598214502E-04  2.7955453E-04 -2.174686682600279E-04  2.7945821E-04 -4.919893545142204E-04  2.7941576E-04  2.856116041438130E-04  2.7959975E-04  1.127934302984858E-05          0
 550.0 -9.482166535164545E-04  2.7947635E-04  2.731377926266746E-04  2.7948988E-04  2.151263047470714E-06  2.7945835E-04 -3.590048534237554E-04  2.7954590E-04 -5.407550066741945E-04  2.7949695E-04  2.024300731010289E-04  2.7951446E-04 -3.128339812973082E-04  2.7951434E-04 -1.561990313328151E-04  2.7949839E-04 -5.014300092075401E-04  2.7943676E-04  1.289705449518569E-04  2.7957933E-04  1.124945210030953E-05          0
 555.0 -8.527460167120299E-04  2.7948697E-04  1.669415820768621E-04  2.7947908E-04  7.958322488095117E-05  2.7947631E-04 -4.452053561230040E-04  2.7952761E-04 -7.100911750506868E-04  2.7948844E-04  2.252485649516227E-05  2.7952396E-04 -1.814172008368771E-04  2.7951393E-04 -8.820999708456514E-05  2.7949957E-04 -4.838424744405478E-04  2.7947460E-04 -8.100988808473461E-05  2.7954146E-04  1.122002803365144E-05          0
 560.0 -7.582177464383193E-04  2.7949158E-04  4.313200656372166E-05  2.7947438E-04  1.133665645056120E-04  2.7949855E-04 -5.363182205036789E-04  2.7950501E-04 -8.909866340084667E-04  2.7951568E-04 -6.212449171566634E-05  2.7949754E-04 -1.902506898025849E-05  2.7954935E-04 -2.180737468816051E-05  2.7946485E-04 -4.374537492267360E-04  2.7944478E-04 -2.082828362635225E-04  2.7957090E-04  1.119109061727855E-05          0
 565.0 -6.883973990752547E-04  2.7949079E-04 -7.693099008251035E-05  2.7947503E-04  1.070514284331730E-04  2.7953595E-04 -5.727890821331914E-04  2.7946695E-04 -1.011054066115790E-03  2.7951268E-04 -1.169339572035260E-04  2.7950090E-04  2.532981913323533E-04  2.7952717E-04  9.462685630966591E-05  2.7948778E-04 -3.229445463714472E-04  2.7948841E-04 -4.582678525115824E-04  2.7952662E-04  1.116228388618691E-05          0
 570.0 -6.691848004233952E-04  2.7949036E-04 -1.803430590788475E-04  2.7947542E-04  1.028726087217513E-04  2.7957140E-04 -5.134362899641093E-04  2.7943106E-04 -1.104358980537935E-03  2.7945481E-04 -1.763299984282196E-04  2.7955856E-04  5.099075031943741E-04  2.7952042E-04  1.445768000997003E-04  2.7949451E-04 -3.697353832439631E-04  2.7952623E-04 -7.421557739901094E-04  2.7948854E-04  1.113381696920718E-05          0
 575.0 -6.497227086164652E-04  2.7948353E-04 -3.032729058364937E-04  2.7948233E-04  5.140339469148180E-05  2.7958836E-04 -4.462123385643011E-04  2.7941394E-04 -1.124863196249101E-03  2.7944053E-04 -2.420083016948344E-04  2.7957201E-04  6.327766780296890E-04  2.7952263E-04  9.950921828960032E-05  2.7949189E-04 -4.111775711709248E-04  2.7953205E-04 -1.042916518281055E-03  2.7948257E-04  1.110552524062649E-05          0
 580.0 -6.375022332566341E-04  2.7947970E-04 -4.358659764313881E-04  2.7948669E-04  2.016481590303588E-05  2.7956279E-04 -3.765139002532431E-04  2.7943955E-04 -1.041295993974403E-03  2.7944484E-04 -2.812572342359072E-04  2.7956707E-04  4.500362460838044E-04  2.7952936E-04  9.990286054551741E-05  2.7948507E-04 -3.708852622264292E-04  2.7947159E-04 -1.054903973856485E-03  2.7954316E-04  1.107740273222760E-05          0
 585.0 -5.858298352791394E-04  2.7947377E-04 -5.440426971584348E-04  2.7949383E-04 -2.949656623027528E-05  2.7954209E-04 -2.775570134725448E-04  2.7946064E-04 -7.880634112118828E-04  2.7944624E-04 -3.746205143048328E-04  2.7956529E-04  2.990282276965291E-04  2.7950488E-04  2.154152597634934E-04  2.7950927E-04 -4.179827837446258E-04  2.7949453E-04 -9.102444068671885E-04  2.7952040E-04  1.104948992350190E-05          0
 590.0 -5.555466936947566E-04  2.7946934E-04 -6.663339001300084E-04  2.7949965E-04 -6.814589478889243E-05  2.7950166E-04 -1.037419220012210E-04  2.7950183E-04 -4.415560877577086E-04  2.7946519E-04 -3.328578438706577E-04  2.7954616E-04  5.350554960748767E-06  2.7952137E-04  2.575049610251497E-04  2.7949282E-04 -3.231605100159929E-04  2.7948576E-04 -7.100238835045111E-04  2.7952936E-04  1.102182131966950E-05          0
 595.0 -5.158481903106218E-04  2.7948171E-04 -7.613392884014443E-04  2.7948871E-04  1.331488545495450E-05  2.7947957E-04  1.602495185606148E-04  2.7952509E-04 -1.411398381866772E-05  2.7946658E-04 -1.738200379625795E-04  2.7954482E-04 -1.598456205191432E-04  2.7952879E-04  2.747649941036190E-04  2.7948569E-04 -7.722917716492267E-05  2.7949923E-04 -6.296431497216004E-04  2.7951533E-04  1.099432246836080E-05          0
 600.0 -4.907919168031431E-04  2.7949148E-04 -8.611611096730145E-04  2.7948046E-04  7.491307820605175E-05  2.7949347E-04  3.494037381137099E-04  2.7951241E-04  3.671503837045074E-04  2.7944627E-04 -1.867116968409162E-06  2.7956505E-04 -6.847638461130311E-05  2.7951982E-04  2.093496788567465E-04  2.7949499E-04 -1.028262239842997E-05  2.7952353E-04 -6.242798453765153E-04  2.7949043E-04  1.096701918358541E-05          0
 605.0 -4.907639849339797E-04  2.7950086E-04 -9.177016111695269E-04  2.7947250E-04  1.350577331066633E-04  2.7951418E-04  4.679484231678304E-04  2.7949268E-04  6.506398411973477E-04  2.7944576E-04  1.975202971631811E-04  2.7956552E-04  7.332985902611526E-05  2.7953548E-04  8.815663688717532E-05  2.7947957E-04 -2.308809855416359E-04  2.7951904E-04 -7.530779620389628E-04  2.7949477E-04  1.094003123170060E-05          0
 610.0 -4.893910633137270E-04  2.7950082E-04 -9.764970968328109E-04  2.7947392E-04  1.287593553422353E-04  2.7952305E-04  5.643351613232290E-04  2.7948442E-04  9.458305601388629E-04  2.7946468E-04  2.204947760530211E-04  2.7954635E-04  1.324108914796406E-04  2.7951901E-04 -2.666901480720957E-05  2.7949627E-04 -1.922583274840553E-04  2.7952213E-04 -5.450503878692224E-04  2.7949259E-04  1.091328555709911E-05          0
 615.0 -4.807891958074147E-04  2.7948598E-04 -1.034517088015456E-03  2.7949020E-04  1.640982152612322E-05  2.7953743E-04  5.525278059998807E-04  2.7947045E-04  1.132982130248054E-03  2.7947861E-04  1.758561062988158E-04  2.7953255E-04  2.322303950278925E-04  2.7946081E-04 -1.188401717748537E-04  2.7955458E-04 -1.702304988076799E-05  2.7949118E-04 -2.560634424647623E-04  2.7952384E-04  1.088659967160627E-05          0
 620.0 -4.247044207014948E-04  2.7946472E-04 -1.121059131189130E-03  2.7951272E-04 -1.406355491572986E-04  2.7952203E-04  5.225843055879894E-04  2.7948581E-04  1.264696206180095E-03  2.7947894E-04  1.844142597858959E-05  2.7953285E-04  1.206422305218052E-04  2.7949538E-04 -1.835838028527137E-04  2.7951948E-04  2.208439982691358E-05  2.7945901E-04 -2.015205870628843E-04  2.7955609E-04  1.086021811822401E-05          0
 625.0 -3.543194477676540E-04  2.7944357E-04 -1.162284563880816E-03  2.7953524E-04 -2.966868762846880E-04  2.7948918E-04  5.462313687914389E-04  2.7951817E-04  1.257706457495068E-03  2.7948645E-04 -1.740301693559037E-04  2.7952630E-04 -1.141053098141282E-04  2.7954870E-04 -2.379110661746034E-04  2.7946534E-04 -3.968155974205838E-05  2.7945529E-04 -1.193197110681378E-04  2.7955975E-04  1.083401229672296E-05          0
 630.0 -2.695134905898831E-04  2.7942552E-04 -1.217008665744439E-03  2.7955466E-04 -4.309017205729695E-04  2.7945573E-04  5.926900859797986E-04  2.7955107E-04  1.130814368654960E-03  2.7949502E-04 -3.287371114863980E-04  2.7951852E-04 -3.529100598634356E-04  2.7958111E-04 -4.275633143853569E-04  2.7943210E-04 -1.397475124080146E-04  2.7947629E-04 -1.625539612902741E-04  2.7953838E-04  1.080802503627689E-05          0
 635.0 -1.683277342875347E-04  2.7940243E-04 -1.271014465875521E-03  2.7957907E-04 -5.999654992348495E-04  2.7944361E-04  5.767291716812454E-04  2.7956275E-04  9.752863154763305E-04  2.7951226E-04 -4.622833197878086E-04  2.7950183E-04 -4.388562414610502E-04  2.7955509E-04 -5.337663196769212E-04  2.7945790E-04 -9.023053717709703E-05  2.7946816E-04 -2.635999355795916E-04  2.7954616E-04  1.078216342198959E-05          0
