   1.0.0 # v: lpa-xrd version
5.00e+13 # d: dislocation density [m^-2]
 1  1  0 # z: direction of 'l' (line vector) [uvw]
 1  1  0 # b: Burgers vector direction [uvw]
 2  0  0 # g: diffraction vector direction (hkl)
0.250000 # C: contrast coefficient [1]
0.404940 # a: cell parameter [nm]
    6400 # s: side of the region of interest [nm] PBC1
0.345000 # nu: Poisson's number [1]
    2048 # nd: number of dislocations in the input file
  200000 # np: number of random points
#    L                   cos1       err_cos1                   sin1       err_sin1                   cos2       err_cos2                   sin2       err_sin2                   cos3       err_cos3                   sin3       err_sin3                   cos4       err_cos4                   sin4       err_sin4                   cos5       err_cos5                   sin5       err_sin5                   eps2       nrpo
   5.0  9.924289760321303E-01  1.6747128E-05  6.274082541814094E-03  4.4981415E-05  9.734270350910640E-01  3.1991599E-05  1.232796997292666E-02  8.3451784E-05  9.448533030492670E-01  4.9148292E-05  1.792848159421970E-02  1.1790619E-04  9.082502134462069E-01  6.7956751E-05  2.294243608543486E-02  1.4834695E-04  8.650108258499671E-01  8.7870655E-05  2.725443800331373E-02  1.7482768E-04  2.691386090601749E-05          0
  10.0  9.726732534409811E-01  3.4493936E-05  1.230029499535936E-02  8.3829225E-05  9.074461037312462E-01  6.9178745E-05  2.294487523379292E-02  1.4855757E-04  8.158382373435160E-01  1.0899919E-04  3.080812970504360E-02  1.9749374E-04  7.086040824847400E-01  1.4918896E-04  3.555331271102298E-02  2.3156913E-04  5.956395752350844E-01  1.8559253E-04  3.723802985912403E-02  2.5325925E-04  2.467996320456325E-05          0
  15.0  9.428656118433018E-01  5.3380568E-05  1.785109972032656E-02  1.1856297E-04  8.145955721734138E-01  1.1011686E-04  3.080114012603847E-02  1.9768716E-04  6.512021534822667E-01  1.6859863E-04  3.673307690821598E-02  2.4385915E-04  4.842057532275526E-01  2.1598330E-04  3.629641914895886E-02  2.6589761E-04  3.359606296799957E-01  2.4754325E-04  3.164224609222134E-02  2.7461802E-04  2.335075344278851E-05          0
  20.0  9.046210143193323E-01  7.3366831E-05  2.282128191252013E-02  1.4926086E-04  7.059799691174582E-01  1.5075087E-04  3.547176335043201E-02  2.3184170E-04  4.830062289654179E-01  2.1636893E-04  3.623752259431100E-02  2.6594899E-04  2.920622108472192E-01  2.5494145E-04  2.956197305742621E-02  2.7603146E-04  1.568308016747269E-01  2.7162869E-04  2.092538368063464E-02  2.7861573E-04  2.240964519769184E-05          0
  25.0  8.594391633249457E-01  9.4108392E-05  2.706829590163044E-02  1.7592585E-04  5.915657115647179E-01  1.8735462E-04  3.705165843262807E-02  2.5351847E-04  3.338017526783886E-01  2.4799862E-04  3.154383522274561E-02  2.7465806E-04  1.562658455547896E-01  2.7169391E-04  2.080965889098167E-02  2.7861858E-04  6.110378723171225E-02  2.7794754E-04  1.194431868368089E-02  2.7933634E-04  2.168005091584513E-05          0
  30.0  8.087839088118582E-01  1.1516795E-04  3.050864612833034E-02  1.9860174E-04  4.797978539731351E-01  2.1739270E-04  3.605286668077845E-02  2.6607879E-04  2.154369026833794E-01  2.6554549E-04  2.510332242818180E-02  2.7775731E-04  7.432782096152211E-02  2.7734129E-04  1.329014576517303E-02  2.7929394E-04  1.964989571535862E-02  2.7931497E-04  6.246670188766399E-03  2.7934087E-04  2.108964079262866E-05          0
  35.0  7.541197349490334E-01  1.3600805E-04  3.310112711119968E-02  2.1744891E-04  3.770125824699139E-01  2.4002667E-04  3.317276699399671E-02  2.7277642E-04  1.299544231843873E-01  2.7389239E-04  1.865839094588939E-02  2.7888896E-04  3.134258497870041E-02  2.7903495E-04  7.997393186027582E-03  2.7934374E-04  4.564770146868870E-03  2.7950958E-04  2.773615038379019E-03  2.7938114E-04  2.059435133692636E-05          0
  40.0  6.968328927571473E-01  1.5607460E-04  3.487811897905187E-02  2.3277913E-04  2.870530970983752E-01  2.5581471E-04  2.918398535144417E-02  2.7614593E-04  7.330051385161425E-02  2.7745104E-04  1.327141097452695E-02  2.7924862E-04  1.144720415527879E-02  2.7945238E-04  4.589327923367844E-03  2.7934961E-04 -8.977796278157639E-05  2.7952138E-04  3.299065480618084E-04  2.7942684E-04  2.016287311888122E-05          0
  45.0  6.381985073583331E-01  1.7497350E-04  3.587662019637972E-02  2.4494830E-04  2.118647421554365E-01  2.6600362E-04  2.476514216728428E-02  2.7782540E-04  3.852786050652684E-02  2.7886804E-04  9.190518210350598E-03  2.7929969E-04  3.064308081291136E-03  2.7949156E-04  2.130126970195908E-03  2.7941726E-04 -8.917392907571433E-04  2.7970451E-04 -1.540513093658999E-03  2.7926582E-04  1.978310945401774E-05          0
  50.0  5.793857059767802E-01  1.9235546E-04  3.616304218019406E-02  2.5438633E-04  1.515567014837205E-01  2.7216539E-04  2.038272067176052E-02  2.7866143E-04  1.874463387669130E-02  2.7933791E-04  6.138440822594403E-03  2.7933916E-04 -4.522163023933052E-05  2.7952052E-04  1.986164745662482E-04  2.7942800E-04 -4.875207695866354E-04  2.7977610E-04 -2.416391412843241E-03  2.7920180E-04  1.943940612850165E-05          0
  55.0  5.214223721825966E-01  2.0800274E-04  3.583529178778378E-02  2.6152287E-04  1.051062515852890E-01  2.7567462E-04  1.637895658835898E-02  2.7907573E-04  8.193108918721961E-03  2.7945778E-04  3.898647705945815E-03  2.7939111E-04 -9.233530271146168E-04  2.7966132E-04 -1.250195643852752E-03  2.7930582E-04  1.594312639202721E-04  2.7968976E-04 -2.387233093905809E-03  2.7929302E-04  1.912769043514862E-05          0
  60.0  4.651653517020212E-01  2.2178808E-04  3.491202806932095E-02  2.6679970E-04  7.063769493060218E-02  2.7760578E-04  1.283856401054691E-02  2.7924517E-04  2.810906061875025E-03  2.7948466E-04  2.185715260262087E-03  2.7942810E-04 -7.111186905175010E-04  2.7976836E-04 -2.183640348821126E-03  2.7920634E-04  4.142583599147338E-04  2.7965453E-04 -1.930677462194870E-03  2.7933618E-04  1.884462482424359E-05          0
  65.0  4.113940375821876E-01  2.3365527E-04  3.351135901335651E-02  2.7062489E-04  4.592630244903172E-02  2.7863353E-04  9.935140530220286E-03  2.7929262E-04  2.709322363718798E-04  2.7952381E-04  6.762029631682805E-04  2.7942019E-04 -1.326911984416541E-04  2.7972664E-04 -2.439241656828985E-03  2.7925235E-04  3.622322278908544E-04  2.7960637E-04 -1.461957159852262E-03  2.7938758E-04  1.858566341830623E-05          0
  70.0  3.607126302463494E-01  2.4366999E-04  3.172251876395355E-02  2.7333112E-04  2.889705622767996E-02  2.7913719E-04  7.574928380584309E-03  2.7931452E-04 -7.706185669340953E-04  2.7957649E-04 -6.107814788704497E-04  2.7938539E-04  2.755790978043308E-04  2.7967143E-04 -2.148462588939373E-03  2.7931324E-04  2.432154087747777E-04  2.7949716E-04 -1.027298861679043E-03  2.7949600E-04  1.834665028739268E-05          0
  75.0  3.135739112365170E-01  2.5193455E-04  2.969058613402116E-02  2.7522551E-04  1.749555383198336E-02  2.7936009E-04  5.644751315626299E-03  2.7934416E-04 -1.070818362453328E-03  2.7968904E-04 -1.512146675768214E-03  2.7928267E-04  4.087832924377670E-04  2.7962810E-04 -1.785651442781559E-03  2.7936289E-04  6.296400255688655E-05  2.7955173E-04 -5.244000333238733E-04  2.7944302E-04  1.812420988188400E-05          0
  80.0  2.702417024568803E-01  2.5861833E-04  2.753298007524302E-02  2.7654112E-04  1.007467418978074E-02  2.7942632E-04  4.079850879622302E-03  2.7939898E-04 -9.136126047014873E-04  2.7974825E-04 -1.999536424990627E-03  2.7922884E-04  2.209111988098618E-04  2.7961616E-04 -1.479925413633697E-03  2.7937797E-04  1.769506485694197E-05  2.7961221E-04  3.227566671448313E-05  2.7938610E-04  1.791827415634410E-05          0
  85.0  2.308868781987266E-01  2.6391286E-04  2.527793845115083E-02  2.7745458E-04  5.374991568294580E-03  2.7943660E-04  2.820818910578281E-03  2.7945019E-04 -5.036653479696696E-04  2.7971835E-04 -2.128940241116623E-03  2.7926202E-04 -1.496754888755178E-05  2.7955641E-04 -1.229357604574778E-03  2.7943824E-04  4.920233857809522E-04  2.7953540E-04  6.193321288404266E-04  2.7946658E-04  1.772497028989113E-05          0
  90.0  1.955862451035840E-01  2.6802009E-04  2.301594698653969E-02  2.7809269E-04  2.452779133529266E-03  2.7943190E-04  1.708229629942157E-03  2.7948881E-04 -1.669764847284876E-04  2.7965556E-04 -2.033050206294559E-03  2.7932805E-04 -2.087176605732470E-04  2.7952849E-04 -9.473377676553344E-04  2.7946569E-04  1.266679272274815E-03  2.7951971E-04  9.371515165721357E-04  2.7948520E-04  1.754238896351019E-05          0
  95.0  1.642532547981169E-01  2.7116259E-04  2.078554372545438E-02  2.7852915E-04  7.637168475894111E-04  2.7943126E-04  7.200211105875430E-04  2.7951116E-04  6.965586136736383E-05  2.7962869E-04 -1.779388590069026E-03  2.7935931E-04 -3.082527135410748E-04  2.7955648E-04 -6.611919449971113E-04  2.7943939E-04  1.761902112983077E-03  2.7948606E-04  9.514612748142401E-04  2.7952168E-04  1.736907479468297E-05          0
 100.0  1.367265941989164E-01  2.7351930E-04  1.864309606878558E-02  2.7883527E-04 -2.028568931652840E-04  2.7943938E-04 -1.387003695020597E-04  2.7951814E-04  9.070598833566433E-05  2.7962551E-04 -1.471544845271651E-03  2.7936688E-04 -3.119193725687866E-04  2.7959202E-04 -3.126532152002886E-04  2.7940657E-04  1.701592560062964E-03  2.7941536E-04  7.021319766745308E-04  2.7959417E-04  1.720473613267043E-05          0
 105.0  1.128091262939133E-01  2.7526106E-04  1.659091899104995E-02  2.7904592E-04 -6.849288897734060E-04  2.7949861E-04 -8.342940901249740E-04  2.7946975E-04  4.880754843284728E-06  2.7960566E-04 -1.176528475774991E-03  2.7938949E-04  6.852242695816238E-05  2.7956493E-04  4.781068031260977E-05  2.7943735E-04  1.311172940314725E-03  2.7941348E-04  3.034595476738602E-04  2.7959766E-04  1.704777541853657E-05          0
 110.0  9.218487898586512E-02  2.7654303E-04  1.468152032785712E-02  2.7917800E-04 -7.952461397964143E-04  2.7958278E-04 -1.464733932930079E-03  2.7939230E-04 -1.653709472094694E-04  2.7954278E-04 -9.202512805904936E-04  2.7945313E-04  6.434211523309529E-04  2.7951131E-04  4.197759679545356E-04  2.7949484E-04  1.239963854716277E-03  2.7949688E-04 -1.088678867743598E-05  2.7951548E-04  1.689833235528218E-05          0
 115.0  7.463435927117623E-02  2.7746954E-04  1.292029158778572E-02  2.7925869E-04 -6.974635850758887E-04  2.7967958E-04 -1.902649538202849E-03  2.7929917E-04 -4.260454872284798E-04  2.7947967E-04 -6.963321009243052E-04  2.7951638E-04  1.318245105351398E-03  2.7947609E-04  7.898095624063477E-04  2.7953248E-04  1.417864507264190E-03  2.7952933E-04 -1.041253225608907E-04  2.7948325E-04  1.675586466192840E-05          0
 120.0  5.984916601860824E-02  2.7814229E-04  1.131141635950997E-02  2.7929272E-04 -4.086328629986798E-04  2.7974062E-04 -2.238244601916889E-03  2.7923931E-04 -5.554605956036500E-04  2.7947563E-04 -5.332065357582741E-04  2.7952074E-04  1.747438784045802E-03  2.7949257E-04  8.898544452194333E-04  2.7951637E-04  1.300882615484105E-03  2.7953651E-04 -1.230494758851640E-04  2.7947606E-04  1.662050965956260E-05          0
 125.0  4.755792336931210E-02  2.7862844E-04  9.864780329870614E-03  2.7929432E-04 -7.509101225305751E-06  2.7976714E-04 -2.395505480312711E-03  2.7921318E-04 -5.864763938547284E-04  2.7955740E-04 -4.627315340799012E-04  2.7943981E-04  1.936244926307373E-03  2.7948523E-04  5.598746095644290E-04  2.7952364E-04  1.054694622296284E-03  2.7954596E-04 -2.299705923111912E-04  2.7946583E-04  1.649027362653809E-05          0
 130.0  3.734460911617082E-02  2.7896029E-04  8.512958633992878E-03  2.7929758E-04  2.860932952058347E-04  2.7975480E-04 -2.332117332964809E-03  2.7922609E-04 -5.658578263843946E-04  2.7961218E-04 -2.915910218258998E-04  2.7938642E-04  1.848411719468348E-03  2.7942657E-04  7.333622743124439E-05  2.7958363E-04  7.480999073801481E-04  2.7952600E-04 -3.876495532040907E-04  2.7948550E-04  1.636487400267589E-05          0
 135.0  2.902001417816919E-02  2.7918596E-04  7.309550960970450E-03  2.7929768E-04  5.279954629193253E-04  2.7975309E-04 -2.128078949313300E-03  2.7922913E-04 -3.664995833025075E-04  2.7961952E-04 -1.137852311337587E-04  2.7938118E-04  1.836571220726909E-03  2.7939838E-04 -4.554525449445765E-04  2.7961286E-04  2.391777446376009E-04  2.7951480E-04 -5.135073014059132E-04  2.7949748E-04  1.624398962858101E-05          0
 140.0  2.229384838263720E-02  2.7932290E-04  6.183338048653727E-03  2.7931179E-04  6.105685191341269E-04  2.7974839E-04 -1.819761543718026E-03  2.7923562E-04  2.413948598541099E-06  2.7955651E-04  1.941812028031592E-04  2.7944628E-04  1.803792511156843E-03  2.7948017E-04 -5.937006543679232E-04  2.7953110E-04 -3.468481828070442E-05  2.7950230E-04 -2.492510055909453E-04  2.7951069E-04  1.612652065864418E-05          0
 145.0  1.688043775234319E-02  2.7940615E-04  5.122157550770852E-03  2.7932935E-04  6.217866412230864E-04  2.7972295E-04 -1.476656000869617E-03  2.7926300E-04  5.980201730824879E-04  2.7949519E-04  5.257299603050211E-04  2.7950963E-04  1.622075039394254E-03  2.7954321E-04 -5.653261697994465E-04  2.7946746E-04  2.089698013463094E-04  2.7951562E-04  1.431263060517995E-05  2.7949778E-04  1.601373125794449E-05          0
 150.0  1.261370519799404E-02  2.7943841E-04  4.194932835439280E-03  2.7936367E-04  4.784477475911715E-04  2.7970110E-04 -1.183408734120597E-03  2.7928758E-04  1.096570969803065E-03  2.7943513E-04  8.096769715741821E-04  2.7957119E-04  1.463131817805664E-03  2.7962415E-04 -4.482331220294157E-04  2.7938589E-04  4.930726491174547E-04  2.7954304E-04  8.002548626663368E-05  2.7946975E-04  1.590442582588012E-05          0
 155.0  9.215358751460343E-03  2.7944920E-04  3.386374781872925E-03  2.7939846E-04  3.088388448554157E-04  2.7967157E-04 -8.867664568255307E-04  2.7932005E-04  1.525346562835830E-03  2.7937595E-04  1.064144213155478E-03  2.7963122E-04  1.244819630296250E-03  2.7967646E-04 -4.759604482873966E-04  2.7933320E-04  5.324178395675568E-04  2.7958386E-04  4.681678164529511E-04  2.7942886E-04  1.579901590026696E-05          0
 160.0  6.562084700153244E-03  2.7944638E-04  2.656811405862197E-03  2.7943289E-04  1.239980060645139E-04  2.7962031E-04 -6.975659558125663E-04  2.7937373E-04  1.842524977123957E-03  2.7937103E-04  1.152771436190986E-03  2.7963646E-04  8.711552844149202E-04  2.7967535E-04 -5.502898250694900E-04  2.7933451E-04  3.042181870022671E-04  2.7951618E-04  8.361087990993353E-04  2.7949689E-04  1.569716363129902E-05          0
 165.0  4.545141728966246E-03  2.7943642E-04  1.986630255030053E-03  2.7946491E-04 -5.969651623650007E-05  2.7957697E-04 -6.960146688003109E-04  2.7941873E-04  1.939538140474658E-03  2.7940551E-04  1.010102021328644E-03  2.7960195E-04  5.562650484076341E-04  2.7962083E-04 -5.394517956250418E-04  2.7938960E-04 -2.377471452770159E-04  2.7941675E-04  8.678423796697657E-04  2.7959642E-04  1.559829310452749E-05          0
 170.0  3.012834754347810E-03  2.7942529E-04  1.351325140108916E-03  2.7949272E-04 -2.209989117594097E-04  2.7955218E-04 -7.122497635507030E-04  2.7944478E-04  1.929684853190906E-03  2.7938597E-04  6.669216146794710E-04  2.7962155E-04  3.756851576757825E-04  2.7955593E-04 -4.271666862982630E-04  2.7945536E-04 -4.464815628083130E-04  2.7943870E-04  7.200915658677246E-04  2.7957397E-04  1.550232664728232E-05          0
 175.0  1.893637298824214E-03  2.7940666E-04  7.081235623628082E-04  2.7952378E-04 -4.130177556058635E-04  2.7956107E-04 -7.810979664697096E-04  2.7943627E-04  1.996826173395461E-03  2.7935721E-04  3.349064788517533E-04  2.7965038E-04  4.405381429800109E-04  2.7951943E-04 -9.993182183300396E-05  2.7949292E-04 -5.696079523878949E-04  2.7949977E-04  2.907176327293732E-04  2.7951227E-04  1.540884696774907E-05          0
 180.0  1.058284057529507E-03  2.7939668E-04  1.518589599683788E-04  2.7954368E-04 -5.309650935410135E-04  2.7961090E-04 -9.822347186566700E-04  2.7938632E-04  1.912411592354430E-03  2.7938063E-04  1.505652080692785E-04  2.7962714E-04  7.992985407185545E-04  2.7952876E-04  2.308475551379573E-04  2.7948349E-04 -3.839698131274859E-04  2.7949003E-04 -2.972234688738421E-04  2.7952226E-04  1.531778060953051E-05          0
 185.0  5.082761606229955E-04  2.7938484E-04 -3.880344406909271E-04  2.7956380E-04 -6.537787951856708E-04  2.7965149E-04 -1.149249191068595E-03  2.7934567E-04  1.810092590052312E-03  2.7941703E-04 -9.911907316187723E-05  2.7959084E-04  1.090761815456420E-03  2.7954680E-04  3.849487055557769E-04  2.7946497E-04 -9.407547696625756E-05  2.7949526E-04 -6.985741133784676E-04  2.7951826E-04  1.522966906756429E-05          0
 190.0  1.723519621063796E-04  2.7937780E-04 -8.827721955572210E-04  2.7957765E-04 -7.353419199238231E-04  2.7965582E-04 -1.229715603134382E-03  2.7934162E-04  1.703411961495424E-03  2.7946925E-04 -1.773131414796567E-04  2.7953854E-04  1.120174028617080E-03  2.7953148E-04  4.025450482040023E-04  2.7947979E-04  8.993796711364640E-05  2.7956075E-04 -6.491733894968613E-04  2.7945320E-04  1.514379571015828E-05          0
 195.0 -3.658156154516111E-05  2.7937727E-04 -1.320305851702776E-03  2.7958398E-04 -7.661761189154151E-04  2.7963459E-04 -1.280259113207130E-03  2.7936359E-04  1.524153560988028E-03  2.7950502E-04 -1.659583385564419E-04  2.7950296E-04  9.630908718536474E-04  2.7954093E-04  5.944555922975688E-04  2.7947070E-04  1.587009263170845E-04  2.7955354E-04 -1.053063556823387E-04  2.7946060E-04  1.506054716460520E-05          0
 200.0 -6.358395998760355E-05  2.7938141E-04 -1.698729438987457E-03  2.7958463E-04 -7.587147967994394E-04  2.7959263E-04 -1.269688974753749E-03  2.7940669E-04  1.290900403625693E-03  2.7952306E-04 -7.934729327843527E-05  2.7948549E-04  6.551833306172803E-04  2.7953307E-04  7.276644542701431E-04  2.7947910E-04  1.535630955607214E-04  2.7950790E-04  5.413360853973273E-04  2.7950618E-04  1.497940064761519E-05          0
 205.0  9.323521481758646E-06  2.7938909E-04 -2.037504771376619E-03  2.7958027E-04 -7.208871233867866E-04  2.7954736E-04 -1.132246579930592E-03  2.7945342E-04  9.820170233246881E-04  2.7953303E-04  4.097514657145473E-05  2.7947657E-04  3.238257722791226E-04  2.7950668E-04  7.985291569176787E-04  2.7950602E-04 -9.794970631987624E-05  2.7948458E-04  8.374944587703397E-04  2.7952933E-04  1.490081803276453E-05          0
 210.0  1.523309505271860E-04  2.7940840E-04 -2.259946866523098E-03  2.7956354E-04 -5.969304764069448E-04  2.7952962E-04 -9.325580507238141E-04  2.7947259E-04  7.074009246074305E-04  2.7953749E-04  3.351003470967186E-05  2.7947241E-04  1.915224026301461E-04  2.7947103E-04  5.968100127325924E-04  2.7954095E-04 -4.016263262688248E-04  2.7942565E-04  6.233047114681486E-04  2.7958819E-04  1.482431685062112E-05          0
 215.0  4.050647132950110E-04  2.7943784E-04 -2.418457400593864E-03  2.7953555E-04 -3.955429802353728E-04  2.7952678E-04 -6.537004082279491E-04  2.7947688E-04  4.483222201787147E-04  2.7955472E-04 -1.300409921879587E-04  2.7945548E-04  1.664606212846039E-04  2.7947922E-04  1.787965015515953E-04  2.7953151E-04 -7.246852727648201E-04  2.7943724E-04  3.743079990067907E-04  2.7957659E-04  1.474894752065081E-05          0
 220.0  7.287887450873984E-04  2.7948436E-04 -2.488819938358561E-03  2.7948934E-04 -6.739301389776591E-05  2.7955354E-04 -3.734551964358538E-04  2.7945142E-04  2.300762369452430E-04  2.7955520E-04 -3.217886964237157E-04  2.7945503E-04  3.547604084616586E-04  2.7943847E-04 -2.154821801435345E-04  2.7957160E-04 -5.247257511457169E-04  2.7950137E-04 -7.225873192212157E-05  2.7951235E-04  1.467543925381261E-05          0
 225.0  1.083504521343104E-03  2.7954158E-04 -2.471303243751981E-03  2.7943173E-04  3.408994403602049E-04  2.7958103E-04 -1.274570803039995E-04  2.7942503E-04  1.406654045570030E-04  2.7950023E-04 -3.332828857129067E-04  2.7951006E-04  5.493787122428368E-04  2.7944961E-04 -4.317840916454995E-04  2.7956091E-04 -3.364291975354444E-04  2.7953051E-04 -3.970145582504938E-04  2.7948313E-04  1.460420650315412E-05          0
 230.0  1.482550029058852E-03  2.7960208E-04 -2.447405074213667E-03  2.7936998E-04  7.766449026087007E-04  2.7958609E-04  1.014769202659945E-04  2.7942055E-04  7.949508561861366E-05  2.7946790E-04 -4.240004381735332E-05  2.7954272E-04  5.858472840727834E-04  2.7948435E-04 -5.637907596397216E-04  2.7952761E-04 -7.277289576523925E-05  2.7952871E-04 -3.412592652055280E-04  2.7948506E-04  1.453378140602886E-05          0
 235.0  1.891500215522208E-03  2.7965416E-04 -2.383956577245297E-03  2.7931635E-04  1.154476237672762E-03  2.7956509E-04  2.868494631470590E-04  2.7944147E-04  6.719121853324814E-05  2.7942655E-04  2.806174260847636E-04  2.7958418E-04  4.390115889021100E-04  2.7949039E-04 -4.626224747389392E-04  2.7952264E-04  4.997653327698381E-05  2.7949685E-04 -2.977401211848094E-04  2.7951647E-04  1.446522029052909E-05          0
 240.0  2.248364920735826E-03  2.7970653E-04 -2.201992726351916E-03  2.7926212E-04  1.537170924965533E-03  2.7953343E-04  4.248963165125501E-04  2.7947271E-04  1.629843347017620E-05  2.7941017E-04  6.307752039538779E-04  2.7960062E-04  2.179623534629333E-04  2.7947812E-04 -6.801685256169242E-05  2.7953572E-04  1.114048414794634E-04  2.7952444E-04 -3.403695472639176E-04  2.7948880E-04  1.439762347326823E-05          0
 245.0  2.563349141215719E-03  2.7974315E-04 -1.994572421502965E-03  2.7922353E-04  1.808059993685533E-03  2.7949532E-04  5.897687476150800E-04  2.7950977E-04  1.232400926323363E-05  2.7938899E-04  7.547484036038832E-04  2.7962149E-04 -4.748087235010089E-05  2.7950849E-04  2.648838106574840E-04  2.7950581E-04  2.263569393026474E-04  2.7949658E-04 -2.960025419183104E-04  2.7951682E-04  1.433176779554453E-05          0
 250.0  2.797557972996958E-03  2.7976596E-04 -1.699989350886524E-03  2.7919908E-04  1.981258240823337E-03  2.7946700E-04  6.807480810233303E-04  2.7953655E-04 -6.980217683781941E-06  2.7937427E-04  6.835564923940434E-04  2.7963553E-04 -2.411790135687279E-04  2.7952872E-04  3.855235139784390E-04  2.7948563E-04  2.645454501552498E-04  2.7952193E-04 -2.134696515908894E-04  2.7949203E-04  1.426739996823882E-05          0
 255.0  2.943786430674102E-03  2.7975360E-04 -1.369308161550389E-03  2.7921058E-04  1.901136849824223E-03  2.7944754E-04  6.951014716129857E-04  2.7955459E-04  2.137850804865013E-05  2.7940430E-04  4.478080554690118E-04  2.7960450E-04 -3.734329335392359E-04  2.7953188E-04  4.329333479104914E-04  2.7948226E-04  4.070674834905119E-04  2.7953528E-04 -1.350038197998155E-04  2.7947849E-04  1.420402119793130E-05          0
 260.0  3.021008286104509E-03  2.7972982E-04 -9.850261650138758E-04  2.7923353E-04  1.738582168425752E-03  2.7941093E-04  7.216611607534624E-04  2.7958965E-04 -9.950034123446634E-05  2.7943235E-04  1.709017861756238E-04  2.7957612E-04 -6.282459649215948E-04  2.7950588E-04  3.488237088371031E-04  2.7950757E-04  4.732234233301290E-04  2.7950542E-04 -2.074229340233923E-04  2.7950781E-04  1.414162969533822E-05          0
 265.0  3.009960062714601E-03  2.7969795E-04 -5.738462069655886E-04  2.7926533E-04  1.516392888331850E-03  2.7938894E-04  6.861825301753977E-04  2.7961083E-04 -2.994951121428177E-04  2.7944967E-04 -3.007224510151403E-05  2.7955860E-04 -7.813270921378524E-04  2.7949732E-04  1.212515374841307E-04  2.7951542E-04  3.775551276008696E-04  2.7947501E-04 -8.327825420355615E-05  2.7953800E-04  1.408083062609201E-05          0
 270.0  2.881793163771501E-03  2.7966075E-04 -2.184678188077281E-04  2.7930305E-04  1.253104111412555E-03  2.7937171E-04  6.941981578880244E-04  2.7962783E-04 -6.173482236392115E-04  2.7949316E-04 -8.229721092726551E-05  2.7951522E-04 -9.039504933617585E-04  2.7950559E-04  9.185300486482301E-05  2.7950728E-04  2.852851870372901E-04  2.7954702E-04  1.262802994054284E-04  2.7946628E-04  1.402108370393258E-05          0
 275.0  2.696136026736279E-03  2.7962175E-04  1.049341527439140E-04  2.7934310E-04  9.758759216637045E-04  2.7936109E-04  6.310933759363250E-04  2.7963831E-04 -8.502713486006352E-04  2.7949942E-04 -2.192729804514147E-05  2.7950920E-04 -9.816567675044901E-04  2.7950370E-04  2.145226250430404E-04  2.7950936E-04  9.668627951293762E-05  2.7954849E-04  1.883341331018102E-04  2.7946511E-04  1.396238715615750E-05          0
 280.0  2.477406776035323E-03  2.7959844E-04  3.980517440703252E-04  2.7936789E-04  8.099198006213525E-04  2.7933963E-04  5.418562340060091E-04  2.7965996E-04 -9.262011158178625E-04  2.7947684E-04  9.304245826792542E-05  2.7953242E-04 -1.138050819825553E-03  2.7952809E-04  2.420794375464734E-04  2.7948459E-04  7.740349286991424E-05  2.7947459E-04  6.488730699515989E-05  2.7953923E-04  1.390428584622474E-05          0
 285.0  2.267802223802357E-03  2.7958149E-04  6.211157819950516E-04  2.7938631E-04  6.884326050023004E-04  2.7934024E-04  4.736511030182775E-04  2.7965939E-04 -7.333093608244352E-04  2.7950465E-04  2.126668615710589E-04  2.7950527E-04 -1.137171808752278E-03  2.7953922E-04  1.651696361041608E-04  2.7947292E-04  1.340830992029997E-04  2.7948335E-04 -1.867857989095616E-04  2.7952978E-04  1.384742952148521E-05          0
 290.0  2.035794612157618E-03  2.7957792E-04  7.758253828890078E-04  2.7939165E-04  6.622207715162460E-04  2.7936331E-04  4.028457118306052E-04  2.7963680E-04 -3.689457427212347E-04  2.7955458E-04  2.966525714959062E-04  2.7945521E-04 -9.767609698742559E-04  2.7959588E-04  3.633766518857634E-05  2.7941571E-04  1.814711859005040E-04  2.7950865E-04 -3.812556020315367E-04  2.7950450E-04  1.379150212870124E-05          0
 295.0  1.801630386460054E-03  2.7957957E-04  8.657212861816715E-04  2.7939146E-04  6.729097583470274E-04  2.7941323E-04  2.744927908510624E-04  2.7958714E-04 -1.866061154135181E-06  2.7957197E-04  3.005910420266348E-04  2.7943754E-04 -6.216350133111544E-04  2.7956107E-04 -2.617980515273735E-05  2.7945102E-04  2.144977281476426E-04  2.7950395E-04 -3.879092217229404E-04  2.7951003E-04  1.373669868093369E-05          0
 300.0  1.565141464475253E-03  2.7956874E-04  9.451038427437156E-04  2.7940396E-04  5.934222213383821E-04  2.7950343E-04  2.201188409287783E-04  2.7949703E-04  1.917749833480942E-04  2.7956474E-04  3.496632272794897E-04  2.7944501E-04  2.132344213832230E-05  2.7947219E-04  1.041597859806209E-04  2.7954078E-04  2.960252024094803E-04  2.7947546E-04 -4.495501340335570E-04  2.7953912E-04  1.368295567782697E-05          0
 305.0  1.340983077096884E-03  2.7955694E-04  9.332297520980627E-04  2.7941704E-04  5.089291512229759E-04  2.7956463E-04  1.565685268432048E-04  2.7943611E-04  3.147336882325505E-04  2.7955374E-04  3.022018826878837E-04  2.7945618E-04  4.567070303507526E-04  2.7939285E-04  2.852535948196400E-04  2.7962070E-04  6.230797199091145E-05  2.7947466E-04 -2.607851565892556E-04  2.7954086E-04  1.363030143982660E-05          0
 310.0  1.088633308643298E-03  2.7953059E-04  8.703963076296440E-04  2.7944456E-04  3.184796770221560E-04  2.7958984E-04  1.458224036154774E-04  2.7941158E-04  4.102376238462145E-04  2.7955223E-04  4.208760603923310E-04  2.7945812E-04  6.329903494241653E-04  2.7942973E-04  5.259307752177389E-04  2.7958454E-04 -5.404185491880204E-05  2.7946197E-04 -7.452164073748843E-05  2.7955388E-04  1.357813648837566E-05          0
 315.0  9.081264918134336E-04  2.7949178E-04  7.630472075497880E-04  2.7948400E-04  4.016310484211263E-05  2.7960007E-04  1.836692640698176E-04  2.7940171E-04  4.425587461971008E-04  2.7957702E-04  4.520042462404559E-04  2.7943360E-04  7.042769417273740E-04  2.7950642E-04  5.920830844863839E-04  2.7950855E-04 -9.944713679126149E-05  2.7948422E-04  1.608193055252196E-04  2.7953104E-04  1.352683162492142E-05          0
 320.0  7.490363126971495E-04  2.7945368E-04  6.637183399143347E-04  2.7952256E-04 -2.328517090756293E-04  2.7954958E-04  2.412012623053937E-04  2.7945244E-04  5.149835427396814E-04  2.7957576E-04  4.198261746933697E-04  2.7943516E-04  3.418716062891501E-04  2.7953475E-04  4.128134484490824E-04  2.7948052E-04 -2.607526621405017E-04  2.7949800E-04  3.748957751311034E-04  2.7951610E-04  1.347638813626347E-05          0
 325.0  6.019680724015377E-04  2.7942221E-04  4.529532888365674E-04  2.7955415E-04 -4.578981448720164E-04  2.7949426E-04  3.020790824917686E-04  2.7950797E-04  5.368626269096376E-04  2.7955314E-04  3.515401392186410E-04  2.7945804E-04 -5.407286163380962E-05  2.7952362E-04  8.410455477131692E-05  2.7949096E-04 -3.548625490359590E-04  2.7954645E-04  4.221432377111203E-04  2.7946660E-04  1.342654681376504E-05          0
 330.0  4.825938095549129E-04  2.7939112E-04  2.319112490742111E-04  2.7958532E-04 -6.816790950489392E-04  2.7947113E-04  3.170708868638796E-04  2.7953119E-04  5.456662652270120E-04  2.7951418E-04  3.269275454325322E-04  2.7949698E-04 -2.193613963785813E-04  2.7955874E-04 -5.302470939845506E-04  2.7945552E-04 -3.348905907500023E-04  2.7957573E-04  4.020190979433568E-04  2.7943712E-04  1.337777249752193E-05          0
 335.0  3.634381207737655E-04  2.7938145E-04  8.977824455486377E-06  2.7959486E-04 -7.514022064529833E-04  2.7946427E-04  3.531730510505264E-04  2.7953836E-04  5.901896336664978E-04  2.7945011E-04  2.291624998718740E-04  2.7956086E-04 -2.685299142086606E-04  2.7955471E-04 -9.396998762192696E-04  2.7945910E-04 -3.876443957213047E-04  2.7955520E-04  2.788871426791637E-04  2.7945812E-04  1.332965403078163E-05          0
 340.0  2.990535574403650E-04  2.7938168E-04 -2.567509704399666E-04  2.7959464E-04 -7.503013642076292E-04  2.7949834E-04  3.519896550952683E-04  2.7950453E-04  5.297100262762445E-04  2.7940199E-04  1.308875277899368E-04  2.7960876E-04 -2.418177646036298E-05  2.7953479E-04 -1.243828797543371E-03  2.7947896E-04 -1.621281245670258E-04  2.7953500E-04  1.809522568354330E-04  2.7947870E-04  1.328174533071106E-05          0
 345.0  2.349383808558415E-04  2.7938940E-04 -5.267460658267831E-04  2.7958693E-04 -6.971417459468224E-04  2.7954895E-04  3.536885600006099E-04  2.7945408E-04  3.784716554820122E-04  2.7939334E-04  1.287729292731738E-05  2.7961742E-04  3.385010348250793E-04  2.7952273E-04 -1.109806353958306E-03  2.7949152E-04  2.500875991847542E-04  2.7951631E-04  3.472422619554711E-04  2.7949787E-04  1.323505295419387E-05          0
 350.0  1.847701878710630E-04  2.7940079E-04 -7.879591932950544E-04  2.7957553E-04 -6.179279884190211E-04  2.7957419E-04  2.949892906684109E-04  2.7942900E-04  7.690330351895860E-05  2.7942394E-04 -4.971197867512530E-05  2.7958674E-04  5.203136458384306E-04  2.7952151E-04 -8.657702779302275E-04  2.7949297E-04  3.650476535985550E-04  2.7952516E-04  5.076070627040034E-04  2.7948904E-04  1.318844055145542E-05          0
 355.0  1.195556080390682E-04  2.7941799E-04 -1.043781013636728E-03  2.7955831E-04 -4.963751068302153E-04  2.7957034E-04  1.814241039204983E-04  2.7943274E-04 -2.248221015019412E-04  2.7946539E-04 -9.995802317198819E-05  2.7954540E-04  4.940908971117407E-04  2.7950760E-04 -5.940576976541900E-04  2.7950667E-04  5.149779163558250E-04  2.7948042E-04  6.128141531017467E-04  2.7953355E-04  1.314304731785794E-05          0
 360.0  7.278409573838918E-05  2.7944196E-04 -1.314839862474776E-03  2.7953418E-04 -3.257162722982362E-04  2.7954842E-04  1.051198095815968E-04  2.7945449E-04 -3.290528737703862E-04  2.7949617E-04 -1.501259598620516E-04  2.7951481E-04  3.386224424260851E-04  2.7950476E-04 -4.065633624547784E-04  2.7950934E-04  2.787185159455689E-04  2.7952968E-04  5.900378018396816E-04  2.7948441E-04  1.309782244272503E-05          0
 365.0  3.695873789688104E-07  2.7947837E-04 -1.560734733891882E-03  2.7949774E-04 -6.749467609530434E-05  2.7950984E-04  5.726921346489709E-05  2.7949346E-04 -3.273707508104355E-04  2.7950795E-04 -7.932611338483004E-05  2.7950338E-04  6.128279329004014E-05  2.7950478E-04 -1.293843726790184E-04  2.7950873E-04  1.698690629505579E-05  2.7954591E-04  5.533522816845712E-04  2.7946881E-04  1.305354505480055E-05          0
 370.0 -6.951925999053944E-05  2.7949235E-04 -1.769288866022431E-03  2.7948387E-04  3.078665854887227E-05  2.7949266E-04 -4.585691932921023E-05  2.7951102E-04 -3.991173683568523E-04  2.7948912E-04 -1.893406487631452E-05  2.7952266E-04 -6.359222650248144E-05  2.7954913E-04  8.868310905907012E-05  2.7946394E-04 -1.595553172375984E-04  2.7954815E-04  4.390973421284183E-04  2.7946674E-04  1.300989066443266E-05          0
 375.0 -9.229463445169637E-05  2.7950392E-04 -1.936084123001129E-03  2.7947226E-04  1.125531091347925E-04  2.7949202E-04 -1.057825059549977E-04  2.7951250E-04 -4.834707344171243E-04  2.7948381E-04  1.438288702599938E-04  2.7952783E-04 -7.204577740827914E-05  2.7954340E-04  2.469610412561588E-04  2.7946915E-04 -2.561476152070111E-05  2.7947660E-04  2.018212980404861E-04  2.7953848E-04  1.296698961130427E-05          0
 380.0 -1.442942893288616E-04  2.7951202E-04 -2.086942351362460E-03  2.7946375E-04  1.714775900170289E-04  2.7949365E-04 -2.432575192014036E-04  2.7951235E-04 -4.564570679227166E-04  2.7949180E-04  3.470197618820957E-04  2.7951967E-04 -6.546072885077464E-05  2.7950898E-04  2.024017833875121E-04  2.7950386E-04  9.643943894185423E-05  2.7939679E-04 -3.184870154297947E-05  2.7961812E-04  1.292434847933043E-05          0
 385.0 -2.106526016918159E-04  2.7951798E-04 -2.213126363194245E-03  2.7945724E-04  2.172957029314713E-04  2.7950817E-04 -4.006170981089794E-04  2.7949938E-04 -3.796630919991663E-04  2.7949421E-04  4.335188223060663E-04  2.7951669E-04  3.230416333165225E-05  2.7949948E-04  2.302456444407114E-04  2.7951384E-04 -5.109948896786649E-05  2.7942703E-04 -2.348886533800701E-04  2.7958755E-04  1.288255571967537E-05          0
 390.0 -2.769839752056700E-04  2.7952780E-04 -2.319475246975386E-03  2.7944689E-04  2.906283378200836E-04  2.7951762E-04 -4.757919665519997E-04  2.7949120E-04 -2.161413433743241E-04  2.7949504E-04  3.261614056654058E-04  2.7951506E-04  9.451038042991648E-05  2.7949237E-04  2.800382061631945E-04  2.7952117E-04 -4.752564398804849E-04  2.7940014E-04 -1.272231804108140E-04  2.7961421E-04  1.284135129499998E-05          0
 395.0 -3.396302711243966E-04  2.7953466E-04 -2.354066099693135E-03  2.7943932E-04  3.439626873816070E-04  2.7952175E-04 -4.896495364045691E-04  2.7948791E-04 -1.305971305074039E-04  2.7945360E-04  2.262367693036898E-04  2.7955578E-04  1.214282002680414E-04  2.7953299E-04  2.322692509336898E-04  2.7948106E-04 -8.434145438606743E-04  2.7943976E-04 -5.367454167870417E-05  2.7957457E-04  1.280020074444537E-05          0
 400.0 -4.032257013305502E-04  2.7953276E-04 -2.366521993760669E-03  2.7944028E-04  3.358018158520955E-04  2.7955323E-04 -4.557690396777095E-04  2.7945674E-04 -2.339254991259023E-05  2.7942992E-04  3.107920225390219E-04  2.7957872E-04  3.459448706582498E-04  2.7954910E-04  2.198573494037006E-04  2.7946503E-04 -9.505381147604973E-04  2.7948012E-04  1.420721790741566E-04  2.7953460E-04  1.275989780021783E-05          0
 405.0 -4.666219874252217E-04  2.7952936E-04 -2.358632183400064E-03  2.7944268E-04  3.172315670226098E-04  2.7957451E-04 -2.962521371122182E-04  2.7943532E-04  5.122438807328445E-05  2.7941836E-04  3.614054431957229E-04  2.7959034E-04  4.995210350518652E-04  2.7952105E-04  1.902703128786581E-04  2.7949263E-04 -8.181023451532408E-04  2.7950188E-04  2.015939630346292E-04  2.7951351E-04  1.272005263047509E-05          0
 410.0 -5.821023075130203E-04  2.7952167E-04 -2.294339635849803E-03  2.7944932E-04  2.683712139740228E-04  2.7957618E-04 -1.305774399269434E-04  2.7943295E-04  4.037228785208208E-05  2.7942688E-04  4.057682136634350E-04  2.7958211E-04  5.163004564131151E-04  2.7953627E-04  3.016446979261143E-04  2.7947682E-04 -4.828924655825898E-04  2.7954437E-04  1.750315111049785E-04  2.7947131E-04  1.268074563852824E-05          0
 415.0 -7.087136698657424E-04  2.7950945E-04 -2.217786730735548E-03  2.7946040E-04  1.876559623054411E-04  2.7955290E-04  2.976236032148436E-06  2.7945547E-04  2.508482182711244E-05  2.7944122E-04  5.326826239154716E-04  2.7956767E-04  3.559146278796966E-04  2.7955407E-04  3.680189118632086E-04  2.7945911E-04 -1.131806284705344E-04  2.7954981E-04  2.844588139608921E-05  2.7946604E-04  1.264186960783893E-05          0
 420.0 -8.503763534882359E-04  2.7951051E-04 -2.120651657088374E-03  2.7945802E-04  2.041009129209713E-04  2.7949984E-04  1.081930154993153E-04  2.7950805E-04 -4.625512715015826E-05  2.7946353E-04  7.236518486294899E-04  2.7954591E-04 -1.993305322809504E-05  2.7959169E-04  5.257696191814779E-04  2.7942169E-04  1.329235668450355E-04  2.7952606E-04 -1.085964831492974E-04  2.7948960E-04  1.260345473932541E-05          0
 425.0 -9.583342564070446E-04  2.7951540E-04 -1.982731591941301E-03  2.7945218E-04  2.457969736115314E-04  2.7946179E-04  1.895257238113892E-04  2.7954576E-04 -1.290272122541967E-04  2.7949910E-04  8.134324225985665E-04  2.7951037E-04 -2.902722589924966E-04  2.7962020E-04  5.928850607606050E-04  2.7939287E-04  3.113520596591211E-04  2.7947563E-04 -3.480788566494613E-04  2.7953954E-04  1.256513141002709E-05          0
 430.0 -1.088012642028286E-03  2.7952117E-04 -1.841355579590420E-03  2.7944550E-04  2.940211243560659E-04  2.7944477E-04  2.100222819671248E-04  2.7956269E-04 -1.535655380425334E-04  2.7954124E-04  8.069583201392484E-04  2.7946835E-04 -4.135923314922411E-04  2.7963514E-04  5.854272379048192E-04  2.7937780E-04  3.178362667706937E-04  2.7946532E-04 -3.806498066997469E-04  2.7954981E-04  1.252749049095414E-05          0
 435.0 -1.204072339828800E-03  2.7954071E-04 -1.691849875390362E-03  2.7942513E-04  4.402554657293600E-04  2.7946537E-04  2.485880905242392E-04  2.7954221E-04 -1.811193592316309E-04  2.7955490E-04  7.322274320418992E-04  2.7945481E-04 -2.690283162338954E-04  2.7958696E-04  5.598713256041849E-04  2.7942592E-04  1.974703866847231E-04  2.7950916E-04 -1.605983624295216E-04  2.7950627E-04  1.249041416574300E-05          0
 440.0 -1.293750474233238E-03  2.7956700E-04 -1.536224463368422E-03  2.7939824E-04  6.332558877676279E-04  2.7950279E-04  2.139632102367008E-04  2.7950482E-04 -1.175010456611401E-04  2.7951268E-04  5.724659690038217E-04  2.7949759E-04 -3.862571209408215E-06  2.7951229E-04  3.326295011365004E-04  2.7950058E-04 -1.308300096475327E-04  2.7950450E-04  4.150665887721962E-05  2.7951113E-04  1.245390609419504E-05          0
 445.0 -1.373834316260274E-03  2.7958498E-04 -1.394432905238930E-03  2.7937990E-04  7.645097777976614E-04  2.7951714E-04  1.522073940312736E-04  2.7949044E-04  3.003362948785757E-06  2.7951098E-04  3.815457620269065E-04  2.7949954E-04  9.683626512554144E-05  2.7950381E-04 -6.583610363145656E-05  2.7950923E-04  1.512460150784223E-04  2.7945965E-04  1.120386854404016E-04  2.7955560E-04  1.241815998451838E-05          0
 450.0 -1.401716772876449E-03  2.7959876E-04 -1.305231605377240E-03  2.7936569E-04  8.667705633610438E-04  2.7950635E-04  3.699193850068244E-05  2.7950125E-04  4.445972014337876E-05  2.7953770E-04  2.148540293622887E-04  2.7947306E-04  1.845358958067307E-05  2.7958434E-04 -3.521763174877598E-04  2.7942899E-04  3.586127080758850E-04  2.7946531E-04  1.245493092346400E-04  2.7954952E-04  1.238262810445922E-05          0
 455.0 -1.415383841336811E-03  2.7960639E-04 -1.191333686682536E-03  2.7935809E-04  9.228736452460170E-04  2.7946435E-04 -1.429303987263038E-04  2.7954303E-04  4.521634132991212E-05  2.7955366E-04  1.082920027117512E-04  2.7945694E-04 -2.808978446974521E-04  2.7965588E-04 -3.682171326641854E-04  2.7935807E-04  1.790817424477044E-04  2.7951433E-04 -1.759000731405106E-05  2.7950094E-04  1.234709231949171E-05          0
 460.0 -1.432193859817889E-03  2.7960016E-04 -1.088650598189984E-03  2.7936411E-04  8.817241418353895E-04  2.7942541E-04 -1.833336099800013E-04  2.7958111E-04 -1.425141037727161E-04  2.7954978E-04 -5.313917111216988E-05  2.7946067E-04 -5.554598414099906E-04  2.7961453E-04 -1.793498557923974E-04  2.7939958E-04 -2.654657231058456E-04  2.7951968E-04 -2.742976331935436E-04  2.7949640E-04  1.231207739971832E-05          0
 465.0 -1.436492459976385E-03  2.7958104E-04 -9.994087636660178E-04  2.7938338E-04  7.472045631848264E-04  2.7938670E-04 -2.847721186183872E-04  2.7961870E-04 -2.338053038482313E-04  2.7953585E-04 -2.674472160839989E-04  2.7947413E-04 -8.275178648327530E-04  2.7953081E-04  1.376069708442866E-04  2.7948335E-04 -5.290723534785954E-04  2.7945836E-04 -3.742544634141415E-04  2.7955790E-04  1.227730785454488E-05          0
 470.0 -1.399312989660524E-03  2.7956422E-04 -9.199764099217246E-04  2.7940019E-04  6.293897845477271E-04  2.7935674E-04 -3.403808170384186E-04  2.7964764E-04 -3.986302732687856E-04  2.7949527E-04 -5.624778595595195E-04  2.7951427E-04 -1.036806162262996E-03  2.7949385E-04  2.375718444652920E-04  2.7952048E-04 -4.797016497861445E-04  2.7947309E-04 -2.158967203112916E-04  2.7954243E-04  1.224311198071593E-05          0
 475.0 -1.364636495415604E-03  2.7953839E-04 -8.538244059536817E-04  2.7942589E-04  4.472248274057095E-04  2.7932382E-04 -3.856820960571224E-04  2.7967923E-04 -5.124389931521135E-04  2.7948050E-04 -7.327410985800102E-04  2.7952814E-04 -1.266646970102757E-03  2.7947953E-04  2.783955874310011E-04  2.7953529E-04 -3.771043411251533E-04  2.7955472E-04 -7.235377626553834E-05  2.7946023E-04  1.220941111620629E-05          0
 480.0 -1.319559451482029E-03  2.7949672E-04 -8.612670162132592E-04  2.7946763E-04  1.501287547734735E-04  2.7929762E-04 -4.698403312386502E-04  2.7970449E-04 -5.472183081504748E-04  2.7947903E-04 -8.384159919122207E-04  2.7952915E-04 -1.450597614755788E-03  2.7949858E-04  2.366523085867178E-04  2.7951604E-04 -4.048832650942488E-04  2.7958208E-04  7.073378853333509E-05  2.7943297E-04  1.217621745098153E-05          0
 485.0 -1.257353573244565E-03  2.7945800E-04 -8.570571818742511E-04  2.7950676E-04 -1.279359247743708E-04  2.7930800E-04 -5.566680132117744E-04  2.7969345E-04 -5.375985639437636E-04  2.7948347E-04 -7.380044639285537E-04  2.7952500E-04 -1.374555765649518E-03  2.7952083E-04  3.984551366617964E-05  2.7949335E-04 -3.566664634899701E-04  2.7958878E-04  3.312068927209578E-04  2.7942617E-04  1.214300043349842E-05          0
 490.0 -1.147949039774193E-03  2.7941711E-04 -8.726741319686483E-04  2.7954805E-04 -4.220898556041052E-04  2.7936093E-04 -6.189586613075547E-04  2.7964030E-04 -4.687745428657127E-04  2.7946728E-04 -5.775636522422885E-04  2.7954189E-04 -9.951869373491704E-04  2.7951132E-04 -1.924111628665695E-04  2.7950238E-04 -1.322052270817505E-04  2.7951518E-04  2.510225978329099E-04  2.7949951E-04  1.211023891890883E-05          0
 495.0 -1.010254981408268E-03  2.7938814E-04 -8.820362723485688E-04  2.7957775E-04 -6.323851085186238E-04  2.7943780E-04 -6.355016162108039E-04  2.7956379E-04 -3.676533661577732E-04  2.7948347E-04 -4.247866984867025E-04  2.7952684E-04 -4.474025647540083E-04  2.7948676E-04 -3.326547993810076E-04  2.7952625E-04  1.624469364422156E-04  2.7952187E-04 -2.238471033826325E-05  2.7949275E-04  1.207802722405535E-05          0
 500.0 -8.633101151709297E-04  2.7936704E-04 -8.674964652583684E-04  2.7959960E-04 -7.856590081899313E-04  2.7949940E-04 -6.506252041668939E-04  2.7950267E-04 -2.591505438685893E-04  2.7953790E-04 -4.166599855650705E-04  2.7947299E-04 -9.597527641168479E-06  2.7948619E-04 -3.631140453174216E-04  2.7952640E-04  3.889104929230143E-04  2.7949910E-04 -2.450749426148038E-04  2.7951594E-04  1.204655684494874E-05          0
 505.0 -7.368885015004583E-04  2.7936644E-04 -8.676765789779686E-04  2.7960092E-04 -7.932822510346391E-04  2.7955127E-04 -6.243563216268280E-04  2.7945145E-04 -1.672537950597429E-04  2.7957433E-04 -3.655061706353076E-04  2.7943733E-04  3.576703362807570E-04  2.7950916E-04 -2.174375055371557E-04  2.7950337E-04  3.983836021990928E-04  2.7946182E-04 -3.964247131502696E-04  2.7955354E-04  1.201501339197558E-05          0
 510.0 -6.237807621252765E-04  2.7938723E-04 -8.391740096358480E-04  2.7958086E-04 -6.477074724242808E-04  2.7957294E-04 -6.363942320937424E-04  2.7943058E-04  1.082280481719462E-06  2.7959061E-04 -4.494517055718188E-04  2.7942176E-04  5.075319350800787E-04  2.7955976E-04  2.867529074196407E-05  2.7945279E-04  5.284999906404168E-04  2.7947379E-04 -4.403834964044258E-04  2.7954103E-04  1.198350632528256E-05          0
 515.0 -5.249535600995369E-04  2.7941359E-04 -8.214359987042473E-04  2.7955513E-04 -4.623180653132658E-04  2.7957855E-04 -5.763538293114986E-04  2.7942577E-04  2.957033623672984E-04  2.7957766E-04 -5.006100715685982E-04  2.7943466E-04  5.432089804488295E-04  2.7955968E-04  3.818105696195027E-04  2.7945298E-04  4.786420496253996E-04  2.7950986E-04 -2.063173421510740E-04  2.7950455E-04  1.195226308118133E-05          0
 520.0 -4.261110499317597E-04  2.7943648E-04 -8.299370473816041E-04  2.7953226E-04 -2.991812879661087E-04  2.7957061E-04 -4.902563364801848E-04  2.7943423E-04  6.471378986908480E-04  2.7958499E-04 -5.065669922889028E-04  2.7942716E-04  4.832471137237274E-04  2.7952839E-04  7.298125266401748E-04  2.7948441E-04  2.845392995136136E-04  2.7952026E-04  4.403575994880574E-05  2.7949416E-04  1.192189036043431E-05          0
 525.0 -3.579650671991228E-04  2.7946159E-04 -8.267806428883476E-04  2.7950697E-04 -1.189249991406733E-04  2.7955834E-04 -3.589710617213551E-04  2.7944697E-04  7.906769166924298E-04  2.7959143E-04 -6.217289721032977E-04  2.7942009E-04  3.926735114819028E-04  2.7952143E-04  8.636331885277182E-04  2.7949229E-04  3.029719880692670E-05  2.7950225E-04  2.081227354345866E-04  2.7951250E-04  1.189161878235614E-05          0
 530.0 -2.845911630458898E-04  2.7947285E-04 -8.489581532394203E-04  2.7949570E-04 -3.812080067540371E-05  2.7954742E-04 -2.718441278824160E-04  2.7945810E-04  8.488872040088153E-04  2.7954589E-04 -7.495254318884111E-04  2.7946507E-04  3.137767667726653E-04  2.7951994E-04  1.012768769362048E-03  2.7949423E-04 -1.393282139120793E-04  2.7946699E-04  1.767318338054527E-04  2.7954800E-04  1.186145571168146E-05          0
 535.0 -2.413868068447508E-04  2.7947342E-04 -8.615245648400751E-04  2.7949466E-04 -3.127955591555337E-05  2.7954892E-04 -2.064296981767041E-04  2.7945601E-04  9.015115056211486E-04  2.7948604E-04 -7.594716692124923E-04  2.7952486E-04  3.297583049920116E-04  2.7946373E-04  1.097167893429771E-03  2.7955032E-04 -3.199758749357754E-04  2.7946671E-04 -1.178440172246751E-04  2.7954789E-04  1.183165833260286E-05          0
 540.0 -2.377665462907007E-04  2.7945696E-04 -8.615325248563273E-04  2.7951036E-04 -1.470017132092926E-04  2.7956891E-04 -1.193692798685595E-04  2.7943510E-04  9.723740963118790E-04  2.7948114E-04 -8.730871830929407E-04  2.7952998E-04  4.801446288787514E-04  2.7947606E-04  1.198104235425337E-03  2.7953773E-04 -4.145598333964719E-04  2.7949531E-04 -1.526065352470375E-05  2.7951916E-04  1.180211747975746E-05          0
 545.0 -1.673450635768734E-04  2.7944021E-04 -8.749639678312328E-04  2.7952606E-04 -2.635649959489341E-04  2.7956400E-04 -3.969806916248397E-05  2.7943904E-04  1.165504359523074E-03  2.7948419E-04 -9.254025486042511E-04  2.7952720E-04  4.533628296840783E-04  2.7947946E-04  1.244178071272254E-03  2.7953452E-04 -6.165850023781305E-04  2.7952615E-04  3.487687310328906E-04  2.7948728E-04  1.177309700099460E-05          0
 550.0 -1.209177925889011E-04  2.7942968E-04 -9.086126590832624E-04  2.7953576E-04 -3.370775351980246E-04  2.7956599E-04 -6.753583288334484E-06  2.7943645E-04  1.467603505483131E-03  2.7944722E-04 -8.427495507146342E-04  2.7956406E-04  4.737922908236387E-04  2.7947013E-04  1.251236104747965E-03  2.7954402E-04 -9.084135019264735E-04  2.7952785E-04  5.800509308896541E-04  2.7948554E-04  1.174405259680002E-05          0
 555.0 -7.751077143895464E-05  2.7941815E-04 -9.651449209293510E-04  2.7954618E-04 -4.175954340464514E-04  2.7954649E-04  4.497643577003235E-05  2.7945565E-04  1.608179789330855E-03  2.7942647E-04 -5.392514645464028E-04  2.7958496E-04  3.386249068300420E-04  2.7946346E-04  1.156349322882809E-03  2.7955072E-04 -1.039263414761062E-03  2.7952000E-04  5.291748056775165E-04  2.7949400E-04  1.171518243875014E-05          0
 560.0 -7.784751681795494E-05  2.7940623E-04 -1.068805310661254E-03  2.7955676E-04 -5.002954106322285E-04  2.7950418E-04  1.281736583789097E-04  2.7949774E-04  1.635372169929383E-03  2.7940241E-04 -1.173317937594296E-04  2.7960874E-04  3.914794729767812E-05  2.7943233E-04  9.892846425219339E-04  2.7958188E-04 -8.734200949851694E-04  2.7954557E-04  7.149792151908333E-04  2.7946880E-04  1.168703944633529E-05          0
 565.0 -2.804908225321416E-05  2.7940395E-04 -1.161009693801529E-03  2.7955797E-04 -5.157284086857972E-04  2.7946881E-04  2.013063592807217E-04  2.7953371E-04  1.511739874517126E-03  2.7940805E-04  3.404363851435634E-04  2.7960276E-04 -2.159720521288164E-04  2.7941814E-04  5.608399168436139E-04  2.7959605E-04 -5.238693054134285E-04  2.7950726E-04  6.240636774566391E-04  2.7950733E-04  1.165887181125003E-05          0
 570.0 -1.040185565117881E-06  2.7941204E-04 -1.228615089588403E-03  2.7954910E-04 -4.592408525008493E-04  2.7945791E-04  3.647984739508043E-04  2.7954533E-04  1.312732246313359E-03  2.7940792E-04  7.241239164234511E-04  2.7960235E-04 -2.971119804699512E-04  2.7944257E-04  4.059916014646522E-05  2.7957134E-04 -1.498078927352648E-04  2.7949601E-04  3.907059076017919E-04  2.7951893E-04  1.163084897466104E-05          0
 575.0  2.419037753948508E-05  2.7942332E-04 -1.346091093658729E-03  2.7953725E-04 -3.818233713672222E-04  2.7944605E-04  5.151997443067149E-04  2.7955799E-04  8.495259533001007E-04  2.7944266E-04  9.276075894003061E-04  2.7956738E-04 -3.858698832367753E-04  2.7946468E-04 -4.608855079548474E-04  2.7954907E-04 -1.731705563495480E-05  2.7948839E-04 -2.042043367428793E-04  2.7952725E-04  1.160337089103500E-05          0
 580.0  1.084327270980584E-04  2.7943323E-04 -1.418741353749670E-03  2.7952746E-04 -3.173493562216483E-04  2.7944107E-04  5.450315723002187E-04  2.7956387E-04  3.991759068751585E-04  2.7949697E-04  8.959424425350819E-04  2.7951302E-04 -4.273919652603837E-04  2.7946107E-04 -7.609331645929652E-04  2.7955246E-04  7.175045932470385E-05  2.7947743E-04 -5.955764903313554E-04  2.7953766E-04  1.157595220430866E-05          0
 585.0  1.869203419253287E-04  2.7943745E-04 -1.514243541270055E-03  2.7952396E-04 -2.968770338710707E-04  2.7944000E-04  6.115936898136065E-04  2.7956534E-04 -4.805511838431828E-05  2.7952236E-04  7.848810294167990E-04  2.7948845E-04 -4.387909056424109E-04  2.7947383E-04 -7.116072344123952E-04  2.7953950E-04  3.281502279069517E-05  2.7941590E-04 -1.026897474394895E-03  2.7959830E-04  1.154871842960137E-05          0
 590.0  2.530949814857319E-04  2.7944233E-04 -1.608411597651356E-03  2.7952053E-04 -2.732226940516601E-04  2.7945055E-04  7.411861840613460E-04  2.7955530E-04 -3.274303188511664E-04  2.7952492E-04  5.875815375533327E-04  2.7948660E-04 -3.678948482038766E-04  2.7952275E-04 -4.128610973513584E-04  2.7949059E-04  3.765386246782054E-05  2.7939926E-04 -1.074986731172006E-03  2.7961485E-04  1.152156934828620E-05          0
 595.0  3.308580604996696E-04  2.7944251E-04 -1.655137035647681E-03  2.7952213E-04 -2.846248277596938E-04  2.7946808E-04  8.213978536199011E-04  2.7953799E-04 -5.313491350008425E-04  2.7950689E-04  2.596150416398446E-04  2.7950495E-04 -2.473337651523499E-04  2.7956788E-04 -9.095531758108856E-05  2.7944594E-04 -1.906035218937572E-04  2.7947718E-04 -6.274547623326654E-04  2.7953754E-04  1.149507381816438E-05          0
 600.0  3.843404793844985E-04  2.7945279E-04 -1.716566643634686E-03  2.7951390E-04 -2.236200788360007E-04  2.7952487E-04  9.400908696500308E-04  2.7948131E-04 -5.585207378754820E-04  2.7951152E-04 -4.402199288068835E-05  2.7950036E-04  1.545280650808590E-04  2.7960209E-04  1.014954801419316E-05  2.7941198E-04 -3.786508706777565E-04  2.7954009E-04  3.640412039345855E-05  2.7947500E-04  1.146854969949854E-05          0
 605.0  4.530109394092313E-04  2.7946045E-04 -1.767088457994233E-03  2.7950854E-04 -1.819806485174132E-04  2.7955382E-04  1.016415874028833E-03  2.7945244E-04 -4.740856292976270E-04  2.7951655E-04 -3.736970238566521E-04  2.7949534E-04  3.582627424631905E-04  2.7956998E-04 -6.452786986512238E-06  2.7944420E-04 -4.968880327367869E-04  2.7953286E-04  3.825791530891167E-04  2.7948230E-04  1.144235893116528E-05          0
 610.0  4.683373968938507E-04  2.7946394E-04 -1.797459314851139E-03  2.7950757E-04 -1.693399881815631E-04  2.7958950E-04  1.026986596480744E-03  2.7941684E-04 -2.547569225317735E-04  2.7954225E-04 -6.290604458873541E-04  2.7946973E-04  6.117191301500428E-04  2.7947972E-04 -1.530205506847956E-06  2.7953426E-04 -4.006687217980050E-04  2.7948703E-04  5.583608963211971E-04  2.7952795E-04  1.141666776924604E-05          0
 615.0  4.381369967626155E-04  2.7946723E-04 -1.857987440274179E-03  2.7950651E-04 -1.571733508941904E-04  2.7960992E-04  9.942732390226905E-04  2.7939617E-04  4.301864341152347E-06  2.7951430E-04 -7.132831367128653E-04  2.7949791E-04  7.578025153679776E-04  2.7939673E-04 -5.638242773697572E-05  2.7961661E-04 -3.355766105628215E-04  2.7947102E-04  6.503784903604283E-04  2.7954353E-04  1.139082740341709E-05          0
 620.0  4.565954573690307E-04  2.7946698E-04 -1.925244309764729E-03  2.7950899E-04 -1.690303430573592E-04  2.7959200E-04  9.540837638543452E-04  2.7941391E-04  2.549819689648450E-04  2.7945856E-04 -7.256959793530417E-04  2.7955368E-04  6.297607169458158E-04  2.7944218E-04 -6.091253819460939E-05  2.7957109E-04 -1.298940045894827E-04  2.7945090E-04  6.411293893745234E-04  2.7956360E-04  1.136553172607935E-05          0
 625.0  4.297989514438351E-04  2.7947248E-04 -1.968888928195832E-03  2.7950552E-04 -1.386930813656216E-04  2.7957831E-04  8.706013458549167E-04  2.7942770E-04  4.692818734277633E-04  2.7945095E-04 -5.569370854457349E-04  2.7956095E-04  5.331222318130773E-04  2.7945825E-04 -8.871022672436171E-05  2.7955515E-04 -4.044884145681500E-05  2.7941892E-04  8.153581807464569E-04  2.7959561E-04  1.134022862065978E-05          0
 630.0  3.395356385567312E-04  2.7947763E-04 -2.000749930813647E-03  2.7950211E-04 -1.083307197698857E-04  2.7957508E-04  6.680096756973105E-04  2.7943127E-04  5.812256051885453E-04  2.7942999E-04 -2.523522058478656E-04  2.7958172E-04  5.109456353308910E-04  2.7948530E-04  3.393506593406570E-05  2.7952893E-04 -2.079823083478772E-04  2.7943235E-04  8.336922367856710E-04  2.7958237E-04  1.131529016597005E-05          0
 635.0  2.490613785645769E-04  2.7949053E-04 -2.007418268611875E-03  2.7949034E-04 -1.937943910011244E-05  2.7957314E-04  4.352531267736892E-04  2.7943336E-04  5.545492699401354E-04  2.7941038E-04  6.623989777627627E-05  2.7960118E-04  4.985376834375849E-04  2.7951265E-04  1.228984556603495E-04  2.7950223E-04 -3.666546930520543E-04  2.7953639E-04  9.149089298412398E-04  2.7947823E-04  1.129056854867815E-05          0
