   1.0.1 # v: lpa-xrd version
5.00e+13 # d: dislocation density [m^-2]
 1  1  0 # z: direction of 'l' (line vector) [uvw]
 1  1  0 # b: Burgers vector direction [uvw]
 2  0  0 # g: diffraction vector direction (hkl)
0.250000 # C: contrast coefficient [1]
0.404600 # a: cell parameter [nm]
    6400 # s: side of the region of interest [nm] PBC1
0.345000 # nu: Poisson's number [1]
    2048 # nd: number of dislocations in the input file
 1000000 # np: number of random points
#    L                   cos1       err_cos1                   sin1       err_sin1                   cos2       err_cos2                   sin2       err_sin2                   cos3       err_cos3                   sin3       err_sin3                   cos4       err_cos4                   sin4       err_sin4                   cos5       err_cos5                   sin5       err_sin5                   eps2       nrpo
   5.0  9.933361413911354E-01  7.7783748E-06  6.340326264084193E-04  1.8771508E-05  9.773069275353962E-01  1.5457405E-05  1.224942044792773E-03  3.3976280E-05  9.541060781894091E-01  2.4240446E-05  1.750950316831255E-03  4.6852845E-05  9.255576041537539E-01  3.3361235E-05  2.190471461324624E-03  5.7725575E-05  8.931913151985069E-01  4.2288935E-05  2.548518407830209E-03  6.6925319E-05  2.403966645261726E-05          0
  10.0  9.765898027668104E-01  1.6493638E-05  1.222644926532902E-03  3.4133545E-05  9.248737996857783E-01  3.3852064E-05  2.202626154112246E-03  5.7782825E-05  8.577113644915162E-01  5.0954695E-05  2.873258870208612E-03  7.4784580E-05  7.842308790959406E-01  6.5474753E-05  3.287825712719721E-03  8.7347769E-05  7.099505457236087E-01  7.7137395E-05  3.534350256304894E-03  9.6906540E-05  2.177068449146734E-05          0
  15.0  9.523423964179021E-01  2.5888337E-05  1.751141774016282E-03  4.7093296E-05  8.568409352314483E-01  5.1360089E-05  2.857739074100663E-03  7.4820037E-05  7.463730807472140E-01  7.1819310E-05  3.419372735472407E-03  9.2452400E-05  6.375738002589841E-01  8.6495506E-05  3.565079711498976E-03  1.0424233E-04  5.366687182542658E-01  9.7119224E-05  3.324962529695321E-03  1.1209864E-04  2.044764452895059E-05          0
  20.0  9.225521541334907E-01  3.5430480E-05  2.186909731278659E-03  5.7997943E-05  7.826445667064768E-01  6.6017626E-05  3.290146361435131E-03  8.7385846E-05  6.371174951721089E-01  8.6596509E-05  3.585717991267607E-03  1.0424572E-04  5.049209797235199E-01  1.0004293E-04  3.175972676375891E-03  1.1405687E-04  3.904255917562383E-01  1.0913579E-04  2.270913035740540E-03  1.1946918E-04  1.951995029376378E-05          0
  25.0  8.889181350161628E-01  4.4622607E-05  2.539228162902278E-03  6.7191268E-05  7.079970752833666E-01  7.7667408E-05  3.534779605679294E-03  9.6933080E-05  5.360523869216980E-01  9.7223394E-05  3.330534850038416E-03  1.1210210E-04  3.902689223988531E-01  1.0915234E-04  2.288116970305575E-03  1.1946938E-04  2.732973617912101E-01  1.1643799E-04  9.897339349065211E-04  1.2267404E-04  1.880421976578371E-05          0
  30.0  8.528316360739658E-01  5.3156802E-05  2.815863179153742E-03  7.5000375E-05  6.358630113064500E-01  8.6872649E-05  3.602339875661201E-03  1.0425808E-04  4.449246046689766E-01  1.0508432E-04  2.764467004615048E-03  1.1718942E-04  2.942956359778227E-01  1.1527926E-04  1.296773833250486E-03  1.2224120E-04  1.839248860457758E-01  1.2064579E-04 -5.000601525227051E-04  1.2391096E-04  1.821910525674207E-05          0
  35.0  8.154147131104520E-01  6.0870130E-05  3.045969688183392E-03  8.1703801E-05  5.675334782664992E-01  9.4253589E-05  3.506412788987461E-03  1.0984627E-04  3.642436535070566E-01  1.1096115E-04  2.102402104963780E-03  1.2034998E-04  2.164890853214884E-01  1.1925829E-04  1.589436107955757E-04  1.2355692E-04  1.189242025546168E-01  1.2290079E-04 -2.326798999634937E-03  1.2432524E-04  1.772580679744926E-05          0
  40.0  7.775249224835306E-01  6.7725480E-05  3.237763128515309E-03  8.7513852E-05  5.035173093034858E-01  1.0025889E-04  3.220969449904383E-03  1.1406470E-04  2.941126382761388E-01  1.1529829E-04  1.298009598268673E-03  1.2223793E-04  1.552171058811687E-01  1.2172924E-04 -1.213341928455157E-03  1.2413480E-04  7.380708037487643E-02  1.2400818E-04 -4.039942851896097E-03  1.2446574E-04  1.729538550185851E-05          0
  45.0  7.397424513404849E-01  7.3783057E-05  3.390560581418040E-03  9.2581329E-05  4.440622218774487E-01  1.0519586E-04  2.805908804636510E-03  1.1719273E-04  2.341907398830135E-01  1.1843973E-04  4.501858220537445E-04  1.2331384E-04  1.084566833903445E-01  1.2319837E-04 -2.695323801583994E-03  1.2435944E-04  4.376518867061373E-02  1.2442656E-04 -5.402455855691506E-03  1.2462096E-04  1.691416528305203E-05          0
  50.0  7.025103362825376E-01  7.9120558E-05  3.518341747239965E-03  9.7014615E-05  3.892962720176892E-01  1.0926457E-04  2.335910066550981E-03  1.1946744E-04  1.838544898592941E-01  1.2065919E-04 -5.025454303694676E-04  1.2389917E-04  7.382250112059603E-02  1.2400365E-04 -3.975579487621504E-03  1.2446970E-04  2.463749932230577E-02  1.2450045E-04 -6.528975379762296E-03  1.2482579E-04  1.657299638757536E-05          0
  55.0  6.660587321809144E-01  8.3839109E-05  3.615228398974804E-03  1.0090097E-04  3.391905832594495E-01  1.1260723E-04  1.804644965776581E-03  1.2109370E-04  1.422638662877530E-01  1.2218163E-04 -1.574267580514028E-03  1.2420549E-04  4.883465417434165E-02  1.2438116E-04 -5.119428123345123E-03  1.2458352E-04  1.313019110288836E-02  1.2449486E-04 -7.387389549133131E-03  1.2499222E-04  1.626265699444033E-05          0
  60.0  6.305630551821121E-01  8.8028010E-05  3.653260990565889E-03  1.0430445E-04  2.937169189210567E-01  1.1533159E-04  1.247154820591485E-03  1.2223565E-04  1.084853056969549E-01  1.2319402E-04 -2.686612605606380E-03  1.2436291E-04  3.129709962846525E-02  1.2449130E-04 -6.073345260121019E-03  1.2474558E-04  6.541681815060195E-03  1.2455414E-04 -7.911302164845948E-03  1.2504104E-04  1.597887258768214E-05          0
  65.0  5.961161686704558E-01  9.1768452E-05  3.662533438271176E-03  1.0727823E-04  2.527789949835608E-01  1.1752857E-04  6.940635004319153E-04  1.2302242E-04  8.151676707253563E-02  1.2384739E-04 -3.672755112144319E-03  1.2444652E-04  1.934372180673293E-02  1.2449965E-04 -6.902151334095242E-03  1.2490187E-04  2.931315164638994E-03  1.2467907E-04 -8.046622895743535E-03  1.2499178E-04  1.571432701305083E-05          0
  70.0  5.627872437820338E-01  9.5121746E-05  3.627630611170675E-03  1.0987022E-04  2.161888904784983E-01  1.1928435E-04  1.072402189253937E-04  1.2354972E-04  6.027337499781495E-02  1.2423735E-04 -4.538597800092085E-03  1.2451959E-04  1.151687069776132E-02  1.2450408E-04 -7.542285451951906E-03  1.2501010E-04  1.294849504551217E-03  1.2481410E-04 -7.675538440391374E-03  1.2490919E-04  1.546634148557341E-05          0
  75.0  5.305780006383486E-01  9.8145552E-05  3.553895241981920E-03  1.1212289E-04  1.837152162619344E-01  1.2066343E-04 -5.388464771665331E-04  1.2390301E-04  4.384860263918214E-02  1.2443429E-04 -5.361717072678747E-03  1.2461426E-04  6.480885032689851E-03  1.2456222E-04 -7.964118495216232E-03  1.2503580E-04  6.980177622023093E-04  1.2492810E-04 -6.604171554976278E-03  1.2483139E-04  1.523166185279764E-05          0
  80.0  4.995152018230363E-01  1.0088271E-04  3.432228019797945E-03  1.1407194E-04  1.551302114983257E-01  1.2173476E-04 -1.228678735898442E-03  1.2413424E-04  3.134737669986425E-02  1.2450185E-04 -6.167039210085847E-03  1.2473588E-04  3.409816478047745E-03  1.2465903E-04 -8.078892027571387E-03  1.2500028E-04  5.129834416555803E-04  1.2501292E-04 -5.093858239901218E-03  1.2477264E-04  1.500802583216386E-05          0
  85.0  4.696202470760767E-01  1.0336143E-04  3.269744163165238E-03  1.1575457E-04  1.301068480438111E-01  1.2256402E-04 -1.934912682776116E-03  1.2427690E-04  2.200514599066078E-02  1.2450140E-04 -6.892091103571408E-03  1.2486663E-04  1.747465516925948E-03  1.2476471E-04 -7.892602856005713E-03  1.2494052E-04  3.903305246748318E-04  1.2507673E-04 -3.382587882851957E-03  1.2472946E-04  1.479617320588351E-05          0
  90.0  4.408772796976217E-01  1.0561672E-04  3.079736194387007E-03  1.1719664E-04  1.084083989771120E-01  1.2319554E-04 -2.625435820509928E-03  1.2436394E-04  1.510773360324291E-02  1.2449509E-04 -7.461071785099586E-03  1.2496843E-04  9.780414461110325E-04  1.2487066E-04 -7.339539537041742E-03  1.2486874E-04 -2.476192516897350E-04  1.2508816E-04 -1.821848631798120E-03  1.2473483E-04  1.459368846744554E-05          0
  95.0  4.132791218161922E-01  1.0766870E-04  2.878406895003857E-03  1.1842868E-04  8.970061986571889E-02  1.2366425E-04 -3.311066160250057E-03  1.2442353E-04  1.002970934521754E-02  1.2451391E-04 -7.874976649971745E-03  1.2502411E-04  6.473781765215997E-04  1.2495021E-04 -6.387161790302160E-03  1.2481454E-04 -1.186692651717343E-03  1.2504420E-04 -5.254436745349507E-04  1.2479398E-04  1.440191563405014E-05          0
 100.0  3.868090618918609E-01  1.0954034E-04  2.657778796954377E-03  1.1947327E-04  7.373170801047171E-02  1.2400360E-04 -4.005299904110506E-03  1.2446980E-04  6.429595036332638E-03  1.2457155E-04 -8.094315374694913E-03  1.2502654E-04  5.157520254126103E-04  1.2501806E-04 -5.187568606744420E-03  1.2476642E-04 -2.201697329204452E-03  1.2499341E-04  4.278591131365852E-04  1.2485917E-04  1.421876339209956E-05          0
 105.0  3.615020758261967E-01  1.1124344E-04  2.396573221974263E-03  1.2035232E-04  6.022876723684242E-02  1.2423209E-04 -4.680390293792224E-03  1.2452229E-04  3.955605207451383E-03  1.2464498E-04 -8.155122271331553E-03  1.2500106E-04  2.788638248470440E-04  1.2506304E-04 -3.883826811174212E-03  1.2473789E-04 -3.195584897296906E-03  1.2494732E-04  1.133396811876793E-03  1.2491879E-04  1.404031791768813E-05          0
 110.0  3.373169793284755E-01  1.1278996E-04  2.105350036322261E-03  1.2109222E-04  4.884098354493531E-02  1.2437639E-04 -5.317736502239588E-03  1.2458575E-04  2.361716995661353E-03  1.2471500E-04 -8.067272826898963E-03  1.2496941E-04 -1.317489982684727E-04  1.2508920E-04 -2.582328992697308E-03  1.2472672E-04 -3.752028398158151E-03  1.2493330E-04  1.517008083450595E-03  1.2494705E-04  1.387030102631984E-05          0
 115.0  3.142371322735353E-01  1.1418946E-04  1.792179092876519E-03  1.2171397E-04  3.926939058783642E-02  1.2445467E-04 -5.905732301468790E-03  1.2466278E-04  1.352283211084400E-03  1.2479436E-04 -7.796630432012615E-03  1.2492067E-04 -7.712990495955085E-04  1.2507660E-04 -1.311361316894553E-03  1.2475218E-04 -3.845412806665199E-03  1.2495278E-04  1.640916176514126E-03  1.2494138E-04  1.370570771343979E-05          0
 120.0  2.922772516037627E-01  1.1544934E-04  1.476811700912426E-03  1.2223568E-04  3.126165327488935E-02  1.2448630E-04 -6.475643285071785E-03  1.2475017E-04  8.471390411355368E-04  1.2486792E-04 -7.363830724702265E-03  1.2487167E-04 -1.588036672989939E-03  1.2503599E-04 -2.697831010146173E-04  1.2480432E-04 -3.463734723128306E-03  1.2498737E-04  1.553323230226207E-03  1.2491860E-04  1.354779037776091E-05          0
 125.0  2.714031208566006E-01  1.1658559E-04  1.122090622109200E-03  1.2266814E-04  2.465746795094423E-02  1.2449415E-04 -6.987825802447728E-03  1.2483519E-04  6.402761110942666E-04  1.2493248E-04 -6.773284107033862E-03  1.2482723E-04 -2.392546465145308E-03  1.2499378E-04  5.008354043486542E-04  1.2485797E-04 -2.772117697062934E-03  1.2500772E-04  1.275862871368702E-03  1.2490772E-04  1.339764841392295E-05          0
 130.0  2.516321141491090E-01  1.1760443E-04  7.678031256341839E-04  1.2302502E-04  1.925350362471169E-02  1.2449441E-04 -7.452185632511883E-03  1.2490952E-04  5.650677055663818E-04  1.2498479E-04 -6.019267509973199E-03  1.2479136E-04 -3.056515139431240E-03  1.2495738E-04  1.067588094550461E-03  1.2490611E-04 -2.027469766652990E-03  1.2498964E-04  1.048397291595306E-03  1.2493313E-04  1.325187020291843E-05          0
 135.0  2.329160802343452E-01  1.1851622E-04  4.063791779540383E-04  1.2331832E-04  1.486174726968619E-02  1.2449365E-04 -7.837154377427529E-03  1.2497172E-04  5.370702616622029E-04  1.2502676E-04 -5.042931852248728E-03  1.2476319E-04 -3.559605348024343E-03  1.2493886E-04  1.413663398330868E-03  1.2493630E-04 -1.252914502285281E-03  1.2492675E-04  9.913009018036295E-04  1.2500245E-04  1.311356809811269E-05          0
 140.0  2.152604149442585E-01  1.1932728E-04  4.982568576507724E-05  1.2355959E-04  1.130809550557636E-02  1.2450030E-04 -8.160035980185309E-03  1.2501648E-04  4.411119516184118E-04  1.2505610E-04 -3.944847758674821E-03  1.2474537E-04 -3.824387198166563E-03  1.2493783E-04  1.625891628880567E-03  1.2494871E-04 -4.503956866373927E-04  1.2484922E-04  9.366884304157070E-04  1.2508425E-04  1.298040573187698E-05          0
 145.0  1.986366855276631E-01  1.2004564E-04 -3.120387832063068E-04  1.2375772E-04  8.452478632278214E-03  1.2451897E-04 -8.429104699880150E-03  1.2504087E-04  2.111859116545716E-04  1.2507450E-04 -2.855190898939448E-03  1.2473708E-04 -3.817619028737249E-03  1.2495451E-04  1.674080909701074E-03  1.2494198E-04  4.406296768163989E-04  1.2478698E-04  8.168631389770754E-04  1.2514923E-04  1.285197363706260E-05          0
 150.0  1.830042554393784E-01  1.2068358E-04 -6.569693543990729E-04  1.2391603E-04  6.229740305292913E-03  1.2454467E-04 -8.635828859110632E-03  1.2505172E-04 -1.069482737216818E-04  1.2508200E-04 -1.896103517735479E-03  1.2473957E-04 -3.646004635399277E-03  1.2499047E-04  1.588712647479793E-03  1.2491497E-04  1.197309161179578E-03  1.2478128E-04  4.754733324748156E-04  1.2515619E-04  1.272748213476008E-05          0
 155.0  1.683395743543140E-01  1.2124882E-04 -9.966478851913621E-04  1.2404144E-04  4.540341487490092E-03  1.2458097E-04 -8.770967837803579E-03  1.2504680E-04 -5.776300853490129E-04  1.2507211E-04 -1.057840430845408E-03  1.2475948E-04 -3.279108795676083E-03  1.2500751E-04  1.393518233499388E-03  1.2490522E-04  1.753417463254189E-03  1.2481320E-04  9.939682369940607E-05  1.2512417E-04  1.260782425658822E-05          0
 160.0  1.546197753177986E-01  1.2174670E-04 -1.306992576731238E-03  1.2414080E-04  3.275308887612629E-03  1.2463283E-04 -8.784797452057805E-03  1.2502236E-04 -1.196907838193038E-03  1.2504521E-04 -3.675822455256511E-04  1.2479594E-04 -2.647047623179009E-03  1.2500374E-04  1.140667128550839E-03  1.2491543E-04  2.166963231631366E-03  1.2487846E-04 -1.947177485311118E-04  1.2505961E-04  1.249080158542201E-05          0
 165.0  1.417871577604181E-01  1.2218536E-04 -1.634841712771970E-03  1.2421841E-04  2.358534115611848E-03  1.2469915E-04 -8.718474252404013E-03  1.2498026E-04 -1.901298304378737E-03  1.2500983E-04  1.928648845318006E-04  1.2483992E-04 -1.779668313151608E-03  1.2497118E-04  9.472858411062766E-04  1.2495389E-04  2.499404116590824E-03  1.2494683E-04 -3.723292557875282E-04  1.2499376E-04  1.237901254459905E-05          0
 170.0  1.298067961913469E-01  1.2256960E-04 -1.956183375162093E-03  1.2427905E-04  1.711504441812530E-03  1.2476793E-04 -8.539090757812862E-03  1.2493312E-04 -2.590600631024358E-03  1.2497392E-04  6.703823220521179E-04  1.2488418E-04 -8.656901651129625E-04  1.2492421E-04  7.956409356310536E-04  1.2500551E-04  2.752252376158060E-03  1.2500415E-04 -3.369699559889887E-04  1.2494051E-04  1.227085404791987E-05          0
 175.0  1.186224212274025E-01  1.2290767E-04 -2.279043754019729E-03  1.2432464E-04  1.308315294500839E-03  1.2482809E-04 -8.274701097824442E-03  1.2489140E-04 -3.203212431639179E-03  1.2495384E-04  1.048789107685903E-03  1.2491191E-04 -7.563217416662600E-05  1.2485785E-04  7.485328645521501E-04  1.2507565E-04  2.880838444205599E-03  1.2503715E-04 -2.680802438049468E-04  1.2491229E-04  1.216511359361324E-05          0
 180.0  1.082171902866222E-01  1.2320273E-04 -2.586424318008517E-03  1.2435930E-04  1.080083874459309E-03  1.2487949E-04 -7.915729585325418E-03  1.2485636E-04 -3.669799693217303E-03  1.2494917E-04  1.241996958872213E-03  1.2492408E-04  5.794031156004684E-04  1.2480959E-04  7.475008615273804E-04  1.2512657E-04  2.960439438632426E-03  1.2504697E-04 -7.839361132789630E-05  1.2490697E-04  1.206399788256019E-05          0
 185.0  9.855987391862872E-02  1.2345615E-04 -2.889050160079268E-03  1.2438831E-04  9.427626082792704E-04  1.2492516E-04 -7.480293707154869E-03  1.2482514E-04 -3.942209956093901E-03  1.2495118E-04  1.359973365720123E-03  1.2493010E-04  1.157106279444268E-03  1.2478752E-04  5.891011798784921E-04  1.2514990E-04  2.767272277839682E-03  1.2504821E-04  8.002628304901535E-05  1.2490999E-04  1.196486856563914E-05          0
 190.0  8.957209065858354E-02  1.2367599E-04 -3.183481173702897E-03  1.2441136E-04  8.984743187680121E-04  1.2496659E-04 -6.981533579141390E-03  1.2479622E-04 -4.010118589341096E-03  1.2495860E-04  1.381399145234256E-03  1.2493093E-04  1.682960659632839E-03  1.2480414E-04  3.492198626438074E-04  1.2513388E-04  2.409710432853892E-03  1.2503109E-04  1.729531788719332E-04  1.2493071E-04  1.186996881368638E-05          0
 195.0  8.125732332363524E-02  1.2386527E-04 -3.480133647269044E-03  1.2443022E-04  9.204625044975800E-04  1.2500180E-04 -6.396040849342349E-03  1.2477232E-04 -3.967370436945845E-03  1.2497478E-04  1.314723213746526E-03  1.2492243E-04  2.122179214868023E-03  1.2483591E-04  2.256659905473694E-04  1.2510236E-04  1.874549809144649E-03  1.2500900E-04  3.012084709593805E-04  1.2495581E-04  1.177818906201254E-05          0
 200.0  7.358472351469837E-02  1.2402478E-04 -3.766368700342432E-03  1.2444821E-04  9.479056530201172E-04  1.2503089E-04 -5.740899918813751E-03  1.2475380E-04 -3.780638600578961E-03  1.2499459E-04  1.209258719825140E-03  1.2490938E-04  2.472425745703780E-03  1.2487548E-04  1.309285593992609E-04  1.2506337E-04  1.301608434467683E-03  1.2498962E-04  3.501991838949527E-04  1.2497711E-04  1.168872566789508E-05          0
 205.0  6.651254519008150E-02  1.2415944E-04 -4.026193725248362E-03  1.2446580E-04  9.830219918736908E-04  1.2505412E-04 -5.015021231238878E-03  1.2474027E-04 -3.443716938147805E-03  1.2501333E-04  1.056099713855131E-03  1.2489649E-04  2.742005128999379E-03  1.2492571E-04  5.485648316481726E-05  1.2501444E-04  6.481917339158965E-04  1.2501590E-04  4.674534465250920E-04  1.2495214E-04  1.160154422344912E-05          0
 210.0  5.999670229623884E-02  1.2426888E-04 -4.258048910749695E-03  1.2448701E-04  9.563374726187031E-04  1.2507366E-04 -4.262097507170579E-03  1.2472928E-04 -2.962547589445337E-03  1.2500594E-04  9.073445163667551E-04  1.2490887E-04  2.964920333757782E-03  1.2497377E-04 -3.663641000767932E-05  1.2496888E-04  1.379342360917497E-04  1.2507127E-04  6.706915418762692E-04  1.2489759E-04  1.151624491613609E-05          0
 215.0  5.401805632800503E-02  1.2435480E-04 -4.458321735822146E-03  1.2451355E-04  8.430851746689207E-04  1.2509489E-04 -3.495852714029196E-03  1.2471592E-04 -2.357065754820723E-03  1.2498293E-04  8.375571952267452E-04  1.2493619E-04  3.223254940892328E-03  1.2501327E-04 -8.191855947441594E-05  1.2493240E-04 -3.829331066565500E-05  1.2509670E-04  8.345736867661160E-04  1.2487304E-04  1.143284305354002E-05          0
 220.0  4.853405279772201E-02  1.2441755E-04 -4.655448183643796E-03  1.2454766E-04  6.086912597039410E-04  1.2510712E-04 -2.768765295520913E-03  1.2471086E-04 -1.712078125859767E-03  1.2495352E-04  8.373479921693206E-04  1.2496960E-04  3.346090370776158E-03  1.2502798E-04 -6.359518830442502E-05  1.2492160E-04  5.290879833872123E-05  1.2507532E-04  1.002223903150911E-03  1.2489571E-04  1.135203438130907E-05          0
 225.0  4.350476679091003E-02  1.2446237E-04 -4.825797494254299E-03  1.2458645E-04  2.910967024177037E-04  1.2510865E-04 -2.098085880693268E-03  1.2471533E-04 -1.085180830456579E-03  1.2491482E-04  9.116557691510250E-04  1.2501214E-04  3.308194476044944E-03  1.2502925E-04 -5.193943854986245E-05  1.2492465E-04  2.635857807542916E-04  1.2502331E-04  1.149851105271796E-03  1.2494898E-04  1.127386179328883E-05          0
 230.0  3.889806352260226E-02  1.2449185E-04 -5.001893125345987E-03  1.2462952E-04 -1.017133487549509E-04  1.2509734E-04 -1.495874719825615E-03  1.2473197E-04 -5.000513513071797E-04  1.2486748E-04  9.306522248609542E-04  1.2506265E-04  3.069219168679111E-03  1.2503779E-04  1.197743785447396E-04  1.2492030E-04  4.332038112146179E-04  1.2499403E-04  1.143599761108777E-03  1.2498014E-04  1.119821204511444E-05          0
 235.0  3.469247457980865E-02  1.2450976E-04 -5.148874920129711E-03  1.2467489E-04 -5.379404948118345E-04  1.2507955E-04 -9.450040209493704E-04  1.2475484E-04 -6.826242429651321E-05  1.2482872E-04  8.922062030799330E-04  1.2510413E-04  2.726367064147859E-03  1.2502945E-04  2.451008220922228E-04  1.2493213E-04  5.955857570222594E-04  1.2498003E-04  9.865983705888886E-04  1.2499607E-04  1.112323757017688E-05          0
 240.0  3.085540263984323E-02  1.2451743E-04 -5.282474097835882E-03  1.2472250E-04 -1.015992901050024E-03  1.2505879E-04 -5.013147025596616E-04  1.2478083E-04  3.661946836667572E-04  1.2480138E-04  8.199381749197149E-04  1.2513355E-04  2.334232056678823E-03  1.2500589E-04  3.424461745013405E-04  1.2495850E-04  7.951266782993869E-04  1.2496217E-04  6.130649809927832E-04  1.2501551E-04  1.105078521692672E-05          0
 245.0  2.736111949052127E-02  1.2451813E-04 -5.405407345343685E-03  1.2477030E-04 -1.508287058959336E-03  1.2503122E-04 -1.552409582032709E-04  1.2481394E-04  8.179034670735424E-04  1.2478505E-04  7.609874560274966E-04  1.2515133E-04  1.826548415312912E-03  1.2498307E-04  4.866641315076951E-04  1.2498343E-04  8.602784807129422E-04  1.2493806E-04  7.526210154024279E-05  1.2504086E-04  1.097901373780340E-05          0
 250.0  2.419248168172419E-02  1.2451573E-04 -5.521761058482288E-03  1.2481594E-04 -1.968055076198072E-03  1.2500323E-04  1.441808100088209E-04  1.2484702E-04  1.207862829340901E-03  1.2478700E-04  6.458478614730071E-04  1.2515015E-04  1.311779046006407E-03  1.2497883E-04  5.936229161263437E-04  1.2498857E-04  8.917364688206923E-04  1.2493360E-04 -5.112275710777328E-04  1.2504618E-04  1.090991282966538E-05          0
 255.0  2.132468194906494E-02  1.2450832E-04 -5.633542123941435E-03  1.2486179E-04 -2.441517121281343E-03  1.2498182E-04  3.378384312235636E-04  1.2487354E-04  1.641884604633844E-03  1.2480249E-04  4.520059310634177E-04  1.2513492E-04  9.009696217265419E-04  1.2499151E-04  7.283282011458379E-04  1.2497578E-04  8.529638886108420E-04  1.2494280E-04 -1.151566854611912E-03  1.2503755E-04  1.084110237591641E-05          0
 260.0  1.873582934334489E-02  1.2449946E-04 -5.743858599885410E-03  1.2490536E-04 -2.880811890371952E-03  1.2496588E-04  5.229052516868625E-04  1.2489486E-04  2.063707540634138E-03  1.2483189E-04  3.276878939780652E-04  1.2510540E-04  5.744794715383957E-04  1.2503441E-04  8.018292970814382E-04  1.2493306E-04  5.742322040050724E-04  1.2496172E-04 -1.605093269855187E-03  1.2501890E-04  1.077429973803143E-05          0
 265.0  1.640881290107788E-02  1.2448957E-04 -5.849946049642341E-03  1.2494671E-04 -3.290427863148721E-03  1.2495678E-04  6.571562249339340E-04  1.2490935E-04  2.453368699438875E-03  1.2487341E-04  2.408127829690702E-04  1.2506366E-04  3.576776430498501E-04  1.2507635E-04  9.251943504969578E-04  1.2489185E-04 -7.971233499641289E-06  1.2495945E-04 -1.939284747811741E-03  1.2502169E-04  1.070936812369824E-05          0
 270.0  1.432642719111592E-02  1.2448017E-04 -5.962063201928772E-03  1.2498473E-04 -3.654818400154853E-03  1.2495369E-04  7.644776560569175E-04  1.2491810E-04  2.792965782177382E-03  1.2491297E-04  2.242792624616951E-04  1.2502465E-04  2.355677993473668E-04  1.2508459E-04  1.110506096433973E-03  1.2488461E-04 -7.445696748794630E-04  1.2494958E-04 -2.198639728087085E-03  1.2503254E-04  1.064578511719637E-05          0
 275.0  1.248134366624001E-02  1.2447227E-04 -6.087884843096822E-03  1.2501890E-04 -3.964356156205091E-03  1.2495987E-04  8.652988765820372E-04  1.2491780E-04  3.146891760251164E-03  1.2494890E-04  2.716789165117896E-04  1.2499002E-04  2.601083494940669E-04  1.2506184E-04  1.359045416844122E-03  1.2490811E-04 -1.556483892785398E-03  1.2493418E-04 -2.334681660474463E-03  1.2504922E-04  1.058325995710152E-05          0
 280.0  1.084135599080025E-02  1.2447105E-04 -6.211676429455117E-03  1.2504446E-04 -4.147526191672800E-03  1.2497339E-04  9.699758292546527E-04  1.2491007E-04  3.406384212002518E-03  1.2498314E-04  3.526078681145208E-04  1.2495782E-04  4.045081611524442E-04  1.2503128E-04  1.559527045799956E-03  1.2493958E-04 -2.163029349404831E-03  1.2492370E-04 -2.305743021861808E-03  1.2506097E-04  1.052152572314779E-05          0
 285.0  9.387470160285870E-03  1.2447537E-04 -6.353509471777033E-03  1.2506254E-04 -4.225024373618643E-03  1.2499312E-04  1.048455211756171E-03  1.2489647E-04  3.586467120836153E-03  1.2501219E-04  4.604805017646450E-04  1.2493139E-04  6.503507582982990E-04  1.2499825E-04  1.694081008927901E-03  1.2497373E-04 -2.587456221282120E-03  1.2491569E-04 -2.178160568814621E-03  1.2506989E-04  1.046099566713879E-05          0
 290.0  8.083954671008468E-03  1.2448330E-04 -6.485197234247947E-03  1.2507552E-04 -4.231847482981848E-03  1.2501138E-04  1.118676690393405E-03  1.2488440E-04  3.668671056311198E-03  1.2503087E-04  5.338389107614823E-04  1.2491594E-04  8.735000400692139E-04  1.2497770E-04  1.628085938787292E-03  1.2499532E-04 -2.910449892091686E-03  1.2492108E-04 -1.862715130103409E-03  1.2506481E-04  1.040225085231436E-05          0
 295.0  6.941225885467954E-03  1.2449719E-04 -6.613903097732094E-03  1.2508116E-04 -4.133982002623326E-03  1.2502048E-04  1.232757822422958E-03  1.2488109E-04  3.666239825159315E-03  1.2503557E-04  5.226203762217257E-04  1.2491475E-04  9.586483435687601E-04  1.2496855E-04  1.410529822524865E-03  1.2500584E-04 -2.835210553387675E-03  1.2493306E-04 -1.483098910803443E-03  1.2505290E-04  1.034443183334667E-05          0
 300.0  5.944263574756968E-03  1.2451478E-04 -6.737606962673226E-03  1.2508168E-04 -3.968741741494326E-03  1.2503089E-04  1.340528043773371E-03  1.2487586E-04  3.580044529113648E-03  1.2503133E-04  5.039342677520789E-04  1.2492266E-04  1.074069561429481E-03  1.2496358E-04  9.922468344072928E-04  1.2501252E-04 -2.547257212255908E-03  1.2494738E-04 -1.025409271766579E-03  1.2503878E-04  1.028731249876306E-05          0
 305.0  5.091843354542030E-03  1.2453722E-04 -6.849405123712706E-03  1.2507605E-04 -3.719425723844684E-03  1.2503664E-04  1.450375505889632E-03  1.2487464E-04  3.415948711864629E-03  1.2502587E-04  4.626865643960574E-04  1.2493161E-04  1.125588377529649E-03  1.2496062E-04  3.678895189745072E-04  1.2501726E-04 -2.215120956653568E-03  1.2496730E-04 -4.518082595054446E-04  1.2501899E-04  1.023197813072661E-05          0
 310.0  4.337186291060095E-03  1.2456001E-04 -6.945499561757133E-03  1.2506885E-04 -3.462639444408572E-03  1.2503685E-04  1.628608711848445E-03  1.2487809E-04  3.164390206589026E-03  1.2502370E-04  4.066171920520059E-04  1.2493717E-04  1.101467856305248E-03  1.2496414E-04 -3.519156547079629E-04  1.2501497E-04 -1.846140204699761E-03  1.2496883E-04 -8.609325939921156E-06  1.2501722E-04  1.017674591054196E-05          0
 315.0  3.685891079387610E-03  1.2458224E-04 -7.034641169917723E-03  1.2506121E-04 -3.213801344950377E-03  1.2503266E-04  1.789055423609299E-03  1.2488499E-04  2.884557954700136E-03  1.2501153E-04  4.120784774827590E-04  1.2495211E-04  1.018098065654856E-03  1.2495472E-04 -1.019411661137330E-03  1.2502500E-04 -1.595895563501642E-03  1.2496249E-04  4.097791356752776E-04  1.2502317E-04  1.012281344479589E-05          0
 320.0  3.141533592267092E-03  1.2460719E-04 -7.099893460720015E-03  1.2504976E-04 -2.919003107900269E-03  1.2502324E-04  1.898414109315365E-03  1.2489668E-04  2.574426792512059E-03  1.2499275E-04  5.093928132168120E-04  1.2497318E-04  8.574446029169744E-04  1.2494947E-04 -1.597942396214176E-03  1.2503052E-04 -1.326730020614005E-03  1.2495961E-04  7.349161368246445E-04  1.2502577E-04  1.007041752135810E-05          0
 325.0  2.676072673862881E-03  1.2463425E-04 -7.133080436639386E-03  1.2503540E-04 -2.591101423066052E-03  1.2500535E-04  1.993600558399085E-03  1.2491624E-04  2.201340353121669E-03  1.2496405E-04  6.989057413438894E-04  1.2500364E-04  5.717078388741208E-04  1.2494976E-04 -1.943212165134956E-03  1.2503029E-04 -9.493017047594631E-04  1.2496360E-04  9.676177109604931E-04  1.2502132E-04  1.001887596405245E-05          0
 330.0  2.299690908771300E-03  1.2466462E-04 -7.124013629850187E-03  1.2501669E-04 -2.209534996287204E-03  1.2497992E-04  2.086416340356879E-03  1.2494324E-04  1.757200136411605E-03  1.2494433E-04  8.274938531860566E-04  1.2502433E-04  1.684494030680129E-04  1.2495597E-04 -2.126549477055157E-03  1.2502438E-04 -5.536239777069198E-04  1.2497461E-04  9.556900634027929E-04  1.2501012E-04  9.968182560593147E-06          0
 335.0  1.991382836802010E-03  1.2469541E-04 -7.078962284498956E-03  1.2499640E-04 -1.816029223744359E-03  1.2494803E-04  2.133531565588234E-03  1.2497648E-04  1.390561682662627E-03  1.2494062E-04  9.087495582285735E-04  1.2502835E-04 -3.362157769074302E-04  1.2494650E-04 -2.177921003479958E-03  1.2503438E-04 -2.136663836098820E-04  1.2499587E-04  1.010918324378259E-03  1.2498867E-04  9.918385322368528E-06          0
 340.0  1.748556357486852E-03  1.2472871E-04 -6.975041555792066E-03  1.2497266E-04 -1.381226652474929E-03  1.2491136E-04  2.165916676748022E-03  1.2501468E-04  1.061958978842923E-03  1.2495005E-04  9.492346347975651E-04  1.2501872E-04 -9.190781291770006E-04  1.2493386E-04 -2.095365655890017E-03  1.2504800E-04  1.442714037852770E-04  1.2500966E-04  1.212982113625501E-03  1.2497475E-04  9.869029399030190E-06          0
 345.0  1.561364036090551E-03  1.2476397E-04 -6.837492497928145E-03  1.2494619E-04 -9.143720190647304E-04  1.2487394E-04  2.149242048209633E-03  1.2505338E-04  7.879969546601919E-04  1.2497849E-04  1.044196182796200E-03  1.2499014E-04 -1.511741801698730E-03  1.2492565E-04 -1.998840755384228E-03  1.2505688E-04  4.518708924071823E-04  1.2500353E-04  1.499613202769907E-03  1.2498028E-04  9.820629871021738E-06          0
 350.0  1.436562995774368E-03  1.2479829E-04 -6.652149305847470E-03  1.2491997E-04 -4.586909209539514E-04  1.2484775E-04  2.132654248221480E-03  1.2508096E-04  5.283712258035610E-04  1.2501472E-04  1.126507694777169E-03  1.2495387E-04 -1.924453400856133E-03  1.2492058E-04 -1.861393821507337E-03  1.2506247E-04  6.743842234990661E-04  1.2499937E-04  1.681896547928969E-03  1.2498404E-04  9.772911497107810E-06          0
 355.0  1.361443928041594E-03  1.2483226E-04 -6.441179751052860E-03  1.2489354E-04 -7.685571910636801E-06  1.2482487E-04  2.064677265117412E-03  1.2510513E-04  3.842274888932516E-04  1.2504249E-04  1.154721849524703E-03  1.2492583E-04 -2.283783384743763E-03  1.2492858E-04 -1.705666525360303E-03  1.2505489E-04  8.502558948460660E-04  1.2498740E-04  1.703493262229821E-03  1.2499616E-04  9.726218266154589E-06          0
 360.0  1.298874549166392E-03  1.2486517E-04 -6.170924949762187E-03  1.2486769E-04  4.287445797854366E-04  1.2480972E-04  1.971405097282505E-03  1.2512124E-04  2.836674848208593E-04  1.2504826E-04  1.186380994155820E-03  1.2491991E-04 -2.516282984160085E-03  1.2493273E-04 -1.624823123819270E-03  1.2505123E-04  9.070052809565907E-04  1.2498225E-04  1.663416791870859E-03  1.2500203E-04  9.679558241940407E-06          0
 365.0  1.254905169202612E-03  1.2489628E-04 -5.902580904749325E-03  1.2484309E-04  8.397154050819159E-04  1.2480706E-04  1.818250734356963E-03  1.2512480E-04  1.990564045294501E-04  1.2503017E-04  1.200854507974984E-03  1.2493800E-04 -2.550248379527561E-03  1.2493711E-04 -1.374340861033739E-03  1.2504741E-04  7.827919276511754E-04  1.2499119E-04  1.533492364165370E-03  1.2499451E-04  9.633848823671137E-06          0
 370.0  1.212408238186424E-03  1.2492678E-04 -5.620091929294877E-03  1.2481835E-04  1.247398291735225E-03  1.2481311E-04  1.609192613771083E-03  1.2511946E-04  1.114902450398274E-04  1.2500600E-04  1.234969065319883E-03  1.2496226E-04 -2.442431990177847E-03  1.2494306E-04 -1.120466076955359E-03  1.2504206E-04  5.859244029504456E-04  1.2500178E-04  1.203456325842097E-03  1.2498589E-04  9.589015958790563E-06          0
 375.0  1.182776733142159E-03  1.2495245E-04 -5.316450935406802E-03  1.2479774E-04  1.583432465406437E-03  1.2482491E-04  1.368665073673396E-03  1.2510790E-04  4.289170419187721E-05  1.2498294E-04  1.305801989270436E-03  1.2498597E-04 -2.239056969303312E-03  1.2495264E-04 -8.474337342107305E-04  1.2503315E-04  2.641900053012172E-04  1.2501049E-04  9.486128716594262E-04  1.2497915E-04  9.544813096660076E-06          0
 380.0  1.149701399239802E-03  1.2497585E-04 -4.994071721872662E-03  1.2477879E-04  1.887507662236414E-03  1.2484201E-04  1.118120366580645E-03  1.2509065E-04  2.900490616463758E-05  1.2496852E-04  1.275736583585474E-03  1.2500143E-04 -1.949608655015522E-03  1.2496590E-04 -5.226962138544102E-04  1.2502038E-04  2.688963380169650E-05  1.2500925E-04  7.239189375968381E-04  1.2498195E-04  9.501357524627624E-06          0
 385.0  1.119639865722046E-03  1.2499712E-04 -4.647801556691153E-03  1.2476160E-04  2.161463827548948E-03  1.2486074E-04  8.493059250189579E-04  1.2507155E-04  8.823820407119189E-05  1.2495216E-04  1.249812160648681E-03  1.2501929E-04 -1.635217599119339E-03  1.2497244E-04 -2.253454506994770E-04  1.2501416E-04 -1.973557486481772E-04  1.2500456E-04  4.441598496072062E-04  1.2498752E-04  9.458347615217666E-06          0
 390.0  1.073820618486365E-03  1.2501403E-04 -4.302130157604883E-03  1.2474840E-04  2.370079471426929E-03  1.2488527E-04  5.690133740904475E-04  1.2504642E-04  2.162330173087576E-04  1.2493998E-04  1.105111996707278E-03  1.2503305E-04 -1.228825846784096E-03  1.2497399E-04  2.400249193094668E-05  1.2501257E-04 -4.212551119201433E-04  1.2499492E-04  2.483141536908763E-04  1.2499747E-04  9.416484303665719E-06          0
 395.0  9.985843395592684E-04  1.2502722E-04 -3.940971086182043E-03  1.2473860E-04  2.524386272120892E-03  1.2490771E-04  2.942733812205369E-04  1.2502358E-04  3.717060201803329E-04  1.2493656E-04  8.524507903300934E-04  1.2503805E-04 -8.620548207774029E-04  1.2497137E-04  1.907804079801446E-04  1.2501492E-04 -5.749975844313142E-04  1.2498774E-04  5.895960651828587E-05  1.2500458E-04  9.375312852922807E-06          0
 400.0  9.114546124817296E-04  1.2503847E-04 -3.601332517415573E-03  1.2473052E-04  2.651726036993171E-03  1.2492806E-04  5.581394190834970E-05  1.2500270E-04  5.838372787199987E-04  1.2494328E-04  5.261548017158478E-04  1.2503294E-04 -5.344374537876555E-04  1.2496930E-04  4.350534479849867E-04  1.2501649E-04 -5.612934047309142E-04  1.2496921E-04 -8.249289229052242E-05  1.2502270E-04  9.334108943973538E-06          0
 405.0  8.189583059123886E-04  1.2504993E-04 -3.272415225616255E-03  1.2472184E-04  2.786460287215358E-03  1.2494328E-04 -1.640094257735257E-04  1.2498734E-04  8.192712218303351E-04  1.2495762E-04  1.646338271424290E-04  1.2502013E-04 -2.948673088643514E-04  1.2496793E-04  6.767401342116357E-04  1.2501734E-04 -4.607434168224564E-04  1.2494787E-04 -2.968066529291878E-04  1.2504334E-04  9.293937148867215E-06          0
 410.0  7.189417187973468E-04  1.2505967E-04 -2.961809973147113E-03  1.2471450E-04  2.899988638025092E-03  1.2495252E-04 -3.643455471577594E-04  1.2497844E-04  1.038922832283704E-03  1.2496446E-04 -2.285113143877719E-04  1.2501426E-04 -1.580341433692258E-04  1.2497765E-04  8.591201095019696E-04  1.2500720E-04 -2.565331969678680E-04  1.2494673E-04 -4.247883721218783E-04  1.2504410E-04  9.253873485151679E-06          0
 415.0  5.897130070623869E-04  1.2506960E-04 -2.674823671706920E-03  1.2470667E-04  3.020678237351028E-03  1.2495887E-04 -5.581999079738354E-04  1.2497315E-04  1.123070946508998E-03  1.2495291E-04 -6.768750215884724E-04  1.2502645E-04 -7.338905990750811E-05  1.2498450E-04  9.813449143694884E-04  1.2499972E-04  1.433733105019068E-04  1.2494407E-04 -2.998925244545897E-04  1.2504697E-04  9.214095110995758E-06          0
 420.0  4.591896433987515E-04  1.2507703E-04 -2.415409272974275E-03  1.2470114E-04  3.104703754067854E-03  1.2496368E-04 -7.314206921107275E-04  1.2496974E-04  1.107256696645244E-03  1.2494285E-04 -1.110405456695489E-03  1.2503669E-04 -1.672714929398279E-05  1.2498699E-04  1.075460831299937E-03  1.2499643E-04  4.945960579258450E-04  1.2496315E-04 -3.808162251754349E-05  1.2502885E-04  9.175688064102271E-06          0
 425.0  3.239669997293739E-04  1.2508336E-04 -2.163659664372582E-03  1.2469646E-04  3.175786316286749E-03  1.2497110E-04 -9.086609067752107E-04  1.2496423E-04  1.045975595390851E-03  1.2493154E-04 -1.482914270970067E-03  1.2504788E-04  7.820592906321224E-05  1.2499949E-04  1.203511105175468E-03  1.2498324E-04  6.392706314549308E-04  1.2498272E-04  2.024632712614781E-04  1.2501029E-04  9.137048122789678E-06          0
 430.0  1.657742870536795E-04  1.2508795E-04 -1.937025113583684E-03  1.2469351E-04  3.220991354067791E-03  1.2498062E-04 -1.043590021004776E-03  1.2495716E-04  8.962542113340672E-04  1.2491850E-04 -1.848635964621847E-03  1.2506060E-04  2.051862893635474E-04  1.2501283E-04  1.371157175462534E-03  1.2496938E-04  7.373096653159896E-04  1.2500027E-04  5.075425077783917E-04  1.2499334E-04  9.099217500749963E-06          0
 435.0 -5.705526423390123E-06  1.2509011E-04 -1.728597899628044E-03  1.2469279E-04  3.233334707036475E-03  1.2498340E-04 -1.125236407087756E-03  1.2495683E-04  6.578664728182672E-04  1.2491030E-04 -2.166858515866570E-03  1.2506845E-04  2.268600123898514E-04  1.2500957E-04  1.445821034152083E-03  1.2497225E-04  5.215822806084202E-04  1.2499257E-04  6.966708025653108E-04  1.2500113E-04  9.061461357114865E-06          0
 440.0 -1.817106045563744E-04  1.2508967E-04 -1.525594129105628E-03  1.2469455E-04  3.206755165760587E-03  1.2498301E-04 -1.154085832619832E-03  1.2495988E-04  3.281732372379042E-04  1.2491681E-04 -2.405414819686209E-03  1.2506172E-04  1.980040415717780E-04  1.2500539E-04  1.493518146706287E-03  1.2497636E-04  1.454874239906641E-04  1.2498015E-04  6.870471138672286E-04  1.2501321E-04  9.024526762325173E-06          0
 445.0 -3.760627453659118E-04  1.2508565E-04 -1.313547993388145E-03  1.2469955E-04  3.128586670535088E-03  1.2498291E-04 -1.176264604237375E-03  1.2496254E-04 -8.462285058657108E-05  1.2492386E-04 -2.529587955396664E-03  1.2505474E-04  1.774884421384808E-04  1.2500199E-04  1.467125119123784E-03  1.2498006E-04 -1.115942927909949E-04  1.2498244E-04  5.397364262629780E-04  1.2501052E-04  8.987519493287975E-06          0
 450.0 -5.509097948365094E-04  1.2507730E-04 -1.088423894609843E-03  1.2470893E-04  2.981322593743720E-03  1.2498013E-04 -1.114416455056993E-03  1.2496765E-04 -5.124856918303976E-04  1.2493524E-04 -2.553188242213829E-03  1.2504383E-04  1.183352495019823E-04  1.2499526E-04  1.436658717549657E-03  1.2498743E-04 -3.799252043525819E-04  1.2498843E-04  3.724709953266403E-04  1.2500411E-04  8.951595036834992E-06          0
 455.0 -7.279901722533447E-04  1.2506879E-04 -8.718651266059887E-04  1.2471867E-04  2.832503649024172E-03  1.2497589E-04 -1.019288603781304E-03  1.2497413E-04 -9.117398976419954E-04  1.2495039E-04 -2.468348728761011E-03  1.2502927E-04  3.749644107996653E-05  1.2498910E-04  1.295385572772630E-03  1.2499490E-04 -6.394769811185351E-04  1.2500507E-04 -7.943126345026294E-07  1.2498723E-04  8.916222649296426E-06          0
 460.0 -9.059686234011755E-04  1.2506264E-04 -6.598255818947839E-04  1.2472597E-04  2.723433754163878E-03  1.2496889E-04 -9.227835075332193E-04  1.2498320E-04 -1.315069648237372E-03  1.2496208E-04 -2.334893914979292E-03  1.2501824E-04 -8.454806410287897E-05  1.2497850E-04  1.040969256625530E-03  1.2500723E-04 -6.947430701869630E-04  1.2503048E-04 -3.773441355417250E-04  1.2496213E-04  8.881315002811714E-06          0
 465.0 -1.092604027116934E-03  1.2505504E-04 -4.360377261272532E-04  1.2473483E-04  2.590137955795056E-03  1.2497009E-04 -8.383759703312081E-04  1.2498406E-04 -1.797507503564165E-03  1.2496080E-04 -2.140868899995442E-03  1.2502028E-04 -7.520562510912512E-05  1.2497080E-04  8.374357235699983E-04  1.2501673E-04 -6.872576059640894E-04  1.2504244E-04 -7.594027990780586E-04  1.2495074E-04  8.846147546857212E-06          0
 470.0 -1.286994584423556E-03  1.2504622E-04 -2.423598963304071E-04  1.2474496E-04  2.436798995703139E-03  1.2497401E-04 -7.412546452637361E-04  1.2498211E-04 -2.218123295691148E-03  1.2495211E-04 -1.978257737071856E-03  1.2502959E-04 -2.219317614155414E-05  1.2496711E-04  6.883005929598195E-04  1.2502204E-04 -5.967065215421873E-04  1.2502678E-04 -1.009385052288148E-03  1.2496713E-04  8.811994564213098E-06          0
 475.0 -1.487215542326572E-03  1.2503773E-04 -4.143329685873807E-05  1.2475486E-04  2.287432785053514E-03  1.2497615E-04 -6.602798233761501E-04  1.2498181E-04 -2.595336563901154E-03  1.2495131E-04 -1.818747716182543E-03  1.2503097E-04  4.249191563500583E-06  1.2495580E-04  4.746513198589184E-04  1.2503478E-04 -5.677037285951681E-04  1.2500774E-04 -1.054705877274290E-03  1.2498645E-04  8.777812052907869E-06          0
 480.0 -1.689813720664428E-03  1.2503115E-04  1.644229753254135E-04  1.2476310E-04  2.166531570498112E-03  1.2497215E-04 -6.073522691251948E-04  1.2498743E-04 -2.844586579221710E-03  1.2494817E-04 -1.642757692237610E-03  1.2503456E-04 -6.638670114702991E-05  1.2495485E-04  2.266052159644832E-04  1.2503664E-04 -5.929933604314257E-04  1.2499682E-04 -9.794157276757879E-04  1.2499735E-04  8.744298918933757E-06          0
 485.0 -1.898870370388590E-03  1.2502418E-04  3.774731813984995E-04  1.2477196E-04  2.036380324285856E-03  1.2496688E-04 -5.579593531275965E-04  1.2499405E-04 -2.954691212055400E-03  1.2494382E-04 -1.389400102014084E-03  1.2503918E-04 -1.566823099470471E-04  1.2496102E-04  1.001134545724501E-04  1.2503062E-04 -6.845890096769926E-04  1.2498252E-04 -8.547257068434287E-04  1.2501145E-04  8.711251178809619E-06          0
 490.0 -2.119273914685732E-03  1.2501534E-04  5.961274791980839E-04  1.2478277E-04  1.875119168634799E-03  1.2495893E-04 -5.213449564555593E-04  1.2500311E-04 -2.964324132099259E-03  1.2494779E-04 -1.164578518830627E-03  1.2503540E-04 -2.884860763232709E-04  1.2496223E-04 -3.600535329969484E-05  1.2502891E-04 -8.096960802410577E-04  1.2497455E-04 -6.575434979031834E-04  1.2501945E-04  8.677969963995809E-06          0
 495.0 -2.305176820198483E-03  1.2500619E-04  8.144525304907594E-04  1.2479420E-04  1.705221096561695E-03  1.2495076E-04 -4.689883074360281E-04  1.2501223E-04 -2.906742098403053E-03  1.2495126E-04 -9.895794181624621E-04  1.2503233E-04 -4.252336592774986E-04  1.2494733E-04 -9.303788926312600E-05  1.2504308E-04 -8.269326828426256E-04  1.2495465E-04 -3.308796971532299E-04  1.2503959E-04  8.645044646996325E-06          0
 500.0 -2.471145540158795E-03  1.2499556E-04  1.023728160053213E-03  1.2480753E-04  1.506648341592595E-03  1.2494640E-04 -4.243970042498027E-04  1.2501729E-04 -2.780464157821697E-03  1.2495368E-04 -7.848841851167487E-04  1.2503044E-04 -4.999812887110317E-04  1.2492991E-04 -1.644017863436709E-04  1.2505977E-04 -8.901896974213836E-04  1.2495772E-04  1.502512048458008E-04  1.2503676E-04  8.613079286785235E-06          0
 505.0 -2.655935758746613E-03  1.2498478E-04  1.229664265783570E-03  1.2482119E-04  1.303544909030031E-03  1.2494410E-04 -3.789472536274460E-04  1.2501999E-04 -2.618634268898255E-03  1.2496039E-04 -5.681770734403877E-04  1.2502449E-04 -5.394285750078343E-04  1.2491340E-04 -1.382583231796905E-04  1.2507565E-04 -9.902864071779231E-04  1.2496994E-04  6.162372650078090E-04  1.2502450E-04  8.581339586121013E-06          0
 510.0 -2.834519355973349E-03  1.2497554E-04  1.436705923050100E-03  1.2483353E-04  1.122266980250666E-03  1.2494163E-04 -3.529368211044096E-04  1.2502269E-04 -2.507550154009263E-03  1.2495314E-04 -3.980018270695874E-04  1.2503235E-04 -5.813035057086799E-04  1.2490418E-04 -1.603986362632820E-04  1.2508454E-04 -1.056209199217595E-03  1.2498609E-04  9.202221990059379E-04  1.2500802E-04  8.549614816063605E-06          0
 515.0 -2.997550873326150E-03  1.2496744E-04  1.648696332397102E-03  1.2484513E-04  9.558723282520250E-04  1.2494340E-04 -3.288629856285110E-04  1.2502109E-04 -2.299787392824821E-03  1.2494876E-04 -3.042615380550415E-04  1.2503735E-04 -5.554024815702753E-04  1.2490778E-04 -5.828200964327868E-05  1.2508112E-04 -1.062273086027940E-03  1.2500166E-04  1.141639481534724E-03  1.2499242E-04  8.518564011686098E-06          0
 520.0 -3.162297013254359E-03  1.2496270E-04  1.858893042670419E-03  1.2485346E-04  8.400398373301976E-04  1.2495102E-04 -3.450486209397240E-04  1.2501353E-04 -2.110317682816892E-03  1.2495254E-04 -2.202414745782063E-04  1.2503388E-04 -4.360827701035364E-04  1.2492020E-04  8.487025390505588E-05  1.2506964E-04 -1.100800340533845E-03  1.2500485E-04  1.163051253924393E-03  1.2498950E-04  8.487613129079029E-06          0
 525.0 -3.327353659512851E-03  1.2495920E-04  2.078134914958204E-03  1.2486098E-04  7.396198172558628E-04  1.2496073E-04 -3.282731672111997E-04  1.2500382E-04 -1.967749172619531E-03  1.2496490E-04 -8.614196334157012E-05  1.2502172E-04 -2.844532212318959E-04  1.2493743E-04  2.797520079148243E-04  1.2505359E-04 -1.112047058148773E-03  1.2500293E-04  1.058218446454362E-03  1.2499175E-04  8.457062830039051E-06          0
 530.0 -3.476150236695669E-03  1.2495613E-04  2.295317148684154E-03  1.2486839E-04  6.431971903274451E-04  1.2496836E-04 -3.171182255736288E-04  1.2499630E-04 -1.824875510769619E-03  1.2497335E-04  7.196167883446672E-05  1.2501307E-04 -1.700671053492468E-04  1.2494703E-04  4.532642774070744E-04  1.2504532E-04 -1.088137156156617E-03  1.2500554E-04  9.245025738095112E-04  1.2498934E-04  8.426747765976502E-06          0
 535.0 -3.598298994095691E-03  1.2495345E-04  2.516197704310393E-03  1.2487557E-04  5.513484480069233E-04  1.2497400E-04 -2.743177007912116E-04  1.2499078E-04 -1.605079544233882E-03  1.2497442E-04  2.994187975025756E-04  1.2501149E-04 -9.035798363253914E-05  1.2495923E-04  6.643076878811831E-04  1.2503419E-04 -1.093272616423067E-03  1.2500539E-04  6.214974927523854E-04  1.2498944E-04  8.396379818906402E-06          0
 540.0 -3.717888830835121E-03  1.2495420E-04  2.740641061315859E-03  1.2487959E-04  5.122073632684151E-04  1.2497475E-04 -2.443031147205804E-04  1.2498997E-04 -1.401148977669898E-03  1.2497666E-04  5.171463043704344E-04  1.2500847E-04 -9.146249090960713E-05  1.2495946E-04  8.155828581342915E-04  1.2503437E-04 -1.017969394950599E-03  1.2501142E-04  1.819154858402902E-04  1.2498328E-04  8.366844153820265E-06          0
 545.0 -3.813829517760619E-03  1.2495717E-04  2.951707222212459E-03  1.2488142E-04  5.079439129222483E-04  1.2497050E-04 -2.298359061779596E-04  1.2499426E-04 -1.216093551416143E-03  1.2497251E-04  6.481284998443978E-04  1.2501154E-04 -1.762996894209501E-04  1.2495682E-04  9.537364678143678E-04  1.2503700E-04 -8.005152057141298E-04  1.2500709E-04 -1.766427370506911E-04  1.2498756E-04  8.337605971898663E-06          0
 550.0 -3.894657367874673E-03  1.2495995E-04  3.155621536630225E-03  1.2488351E-04  5.005592720749098E-04  1.2495971E-04 -1.773114409186019E-04  1.2500519E-04 -1.010336495580105E-03  1.2496459E-04  8.232866502921757E-04  1.2501827E-04 -3.688041195154873E-04  1.2496325E-04  1.022914015167351E-03  1.2503034E-04 -7.664432301913365E-04  1.2500327E-04 -4.034868438403561E-04  1.2499152E-04  8.308570705463155E-06          0
 555.0 -3.953068764462939E-03  1.2496392E-04  3.326202606767810E-03  1.2488452E-04  5.122616133144073E-04  1.2494481E-04 -9.910806822692469E-05  1.2502042E-04 -8.712739775151756E-04  1.2496874E-04  9.669439387912880E-04  1.2501310E-04 -6.290770496136200E-04  1.2497430E-04  9.639947159139262E-04  1.2501916E-04 -8.420931635631731E-04  1.2499115E-04 -4.798075560264075E-04  1.2500399E-04  8.279697549066804E-06          0
 560.0 -3.970083922051513E-03  1.2497231E-04  3.503247288877905E-03  1.2488118E-04  5.960578656902121E-04  1.2493730E-04 -3.308061905001528E-05  1.2502861E-04 -6.912798774473369E-04  1.2497660E-04  1.104958918164653E-03  1.2500439E-04 -7.735508368975285E-04  1.2498304E-04  8.591515950775669E-04  1.2501038E-04 -8.118512436036696E-04  1.2497908E-04 -4.426698180104877E-04  1.2501638E-04  8.251397442195377E-06          0
 565.0 -3.986227709452423E-03  1.2497842E-04  3.669734268573686E-03  1.2487991E-04  6.450843740368199E-04  1.2493285E-04  7.285446765713143E-05  1.2503391E-04 -5.210927208331823E-04  1.2498723E-04  1.202241814855084E-03  1.2499309E-04 -8.682965215281970E-04  1.2498204E-04  6.941268785199371E-04  1.2501152E-04 -8.591885835190572E-04  1.2497465E-04 -3.487189405538577E-04  1.2502097E-04  8.223070488909176E-06          0
 570.0 -3.985565343601493E-03  1.2498531E-04  3.822886906401549E-03  1.2487788E-04  7.077956343776845E-04  1.2492722E-04  1.572342536562036E-04  1.2504046E-04 -3.722701526333395E-04  1.2499145E-04  1.251191066697083E-03  1.2498832E-04 -9.815062106770553E-04  1.2499001E-04  5.190620747889214E-04  1.2500384E-04 -9.813649653224983E-04  1.2499104E-04 -2.273542411808815E-04  1.2500461E-04  8.194990270743566E-06          0
 575.0 -3.969545032393355E-03  1.2499392E-04  3.961053085798695E-03  1.2487392E-04  8.020616346925296E-04  1.2492918E-04  2.106246035312229E-04  1.2503959E-04 -2.915292337718605E-04  1.2498998E-04  1.203065879665019E-03  1.2498923E-04 -9.710616257722531E-04  1.2499798E-04  3.057402477374639E-04  1.2499628E-04 -1.070995477341159E-03  1.2501138E-04 -1.943386143436874E-04  1.2498425E-04  8.167514444052026E-06          0
 580.0 -3.942965597493747E-03  1.2500236E-04  4.092276510725763E-03  1.2486977E-04  8.980056903143893E-04  1.2493536E-04  3.031766049312405E-04  1.2503444E-04 -1.946741503343535E-04  1.2498514E-04  1.124244791294153E-03  1.2499373E-04 -8.898988131654131E-04  1.2500936E-04  1.292940697065513E-04  1.2498533E-04 -1.218314504749480E-03  1.2502246E-04 -2.079412925186467E-04  1.2497303E-04  8.139738805812182E-06          0
 585.0 -3.884116317238741E-03  1.2501222E-04  4.202027306763441E-03  1.2486394E-04  1.018710204295528E-03  1.2493834E-04  3.721842775129394E-04  1.2503243E-04 -9.297249992502784E-05  1.2497715E-04  1.022654244205942E-03  1.2500179E-04 -8.559880234765483E-04  1.2501315E-04 -6.057792917780553E-05  1.2498180E-04 -1.376695077087662E-03  1.2502220E-04 -1.801064057668955E-04  1.2497323E-04  8.112492332108507E-06          0
 590.0 -3.804560723358928E-03  1.2502181E-04  4.299027797329649E-03  1.2485795E-04  1.140122678243128E-03  1.2494565E-04  3.927897746493266E-04  1.2502584E-04 -2.697480647321810E-05  1.2497667E-04  9.357423156065292E-04  1.2500245E-04 -7.479792580812422E-04  1.2502827E-04 -1.904388257159397E-04  1.2496660E-04 -1.432666343452244E-03  1.2502220E-04 -2.303070590173896E-04  1.2497316E-04  8.085387975228351E-06          0
 595.0 -3.704307623653117E-03  1.2503067E-04  4.385325434954316E-03  1.2485222E-04  1.253294477435617E-03  1.2494818E-04  3.862304522561951E-04  1.2502400E-04 -4.065790358746027E-05  1.2498405E-04  8.157604904673203E-04  1.2499564E-04 -7.125173351619595E-04  1.2503821E-04 -3.108642092046837E-04  1.2495635E-04 -1.517093802710023E-03  1.2501332E-04 -2.965626572815006E-04  1.2498212E-04  8.058603849694565E-06          0
 600.0 -3.581197451398799E-03  1.2504039E-04  4.447395368600409E-03  1.2484528E-04  1.383921310449437E-03  1.2494326E-04  3.520995167462272E-04  1.2502949E-04 -5.911204009252988E-05  1.2499141E-04  6.596408543243151E-04  1.2498901E-04 -7.916418968075995E-04  1.2503615E-04 -4.484333798126114E-04  1.2495798E-04 -1.541055440529422E-03  1.2501231E-04 -3.397003948524170E-04  1.2498334E-04  8.032293125869432E-06          0
 605.0 -3.475413809238844E-03  1.2504938E-04  4.500508614832029E-03  1.2483875E-04  1.506260290479250E-03  1.2494042E-04  3.279690420485297E-04  1.2503302E-04 -9.759231310364378E-05  1.2499809E-04  4.542212927923394E-04  1.2498319E-04 -8.356407203274984E-04  1.2503198E-04 -4.787342405461206E-04  1.2496179E-04 -1.521430381753818E-03  1.2501604E-04 -4.351910717970248E-04  1.2497981E-04  8.006177076463191E-06          0
 610.0 -3.366963796318135E-03  1.2505694E-04  4.539479182060594E-03  1.2483321E-04  1.608864197459754E-03  1.2494021E-04  2.521629762405084E-04  1.2503385E-04 -9.578395043508236E-05  1.2499478E-04  2.352222391792686E-04  1.2498751E-04 -8.357277200931545E-04  1.2501342E-04 -3.678916535071499E-04  1.2498012E-04 -1.495021239392974E-03  1.2500767E-04 -5.714120194924063E-04  1.2498830E-04  7.980130132008676E-06          0
 615.0 -3.219317518930371E-03  1.2506406E-04  4.557701600575234E-03  1.2482778E-04  1.708151620784691E-03  1.2494115E-04  1.637075424644793E-04  1.2503342E-04 -1.753678188083098E-04  1.2498538E-04  3.403826420357559E-05  1.2499802E-04 -8.152867977275236E-04  1.2499988E-04 -7.629141535566781E-05  1.2499372E-04 -1.408362066182534E-03  1.2500199E-04 -6.573027048298888E-04  1.2499408E-04  7.954040365748903E-06          0
 620.0 -3.068686374177561E-03  1.2506946E-04  4.555034228898457E-03  1.2482388E-04  1.782403217691059E-03  1.2493907E-04  4.968455010253439E-05  1.2503584E-04 -3.305508219848190E-04  1.2496984E-04 -1.414280749135877E-04  1.2501472E-04 -8.427722430467769E-04  1.2497872E-04  1.655233196008388E-04  1.2501485E-04 -1.130647473650024E-03  1.2499851E-04 -6.811578044872220E-04  1.2499762E-04  7.928488494287119E-06          0
 625.0 -2.920616660408767E-03  1.2507359E-04  4.510835089596800E-03  1.2482091E-04  1.841075540178304E-03  1.2493466E-04 -1.167493913770367E-04  1.2504028E-04 -4.759938129586930E-04  1.2494709E-04 -2.779581980032875E-04  1.2503849E-04 -9.054218080396941E-04  1.2496936E-04  3.837109757585125E-04  1.2502403E-04 -8.149341089169005E-04  1.2499804E-04 -6.825888664537454E-04  1.2499812E-04  7.903036357083761E-06          0
 630.0 -2.749794897349632E-03  1.2507444E-04  4.448404206406620E-03  1.2482100E-04  1.850498170312691E-03  1.2492765E-04 -3.110554523830709E-04  1.2504715E-04 -5.892763543615478E-04  1.2492931E-04 -3.618903220739705E-04  1.2505723E-04 -1.009385849703597E-03  1.2497103E-04  4.960220953512734E-04  1.2502234E-04 -6.282238895370468E-04  1.2500766E-04 -5.756334739671537E-04  1.2498851E-04  7.877986356558715E-06          0
 635.0 -2.571026855313500E-03  1.2507217E-04  4.325466307717434E-03  1.2482394E-04  1.813419569332390E-03  1.2491804E-04 -5.377997640759777E-04  1.2505654E-04 -6.859236512867489E-04  1.2493228E-04 -3.991659558644315E-04  1.2505486E-04 -1.157043102234763E-03  1.2498259E-04  4.940916969008971E-04  1.2501070E-04 -4.268971270799078E-04  1.2502379E-04 -3.159512579460645E-04  1.2497240E-04  7.852985569496654E-06          0
