   1.0.0 # v: lpa-xrd version
8.00e+14 # d: dislocation density [m^-2]
 1  1  0 # z: direction of 'l' (line vector) [uvw]
 1  1  0 # b: Burgers vector direction [uvw]
 2  0  0 # g: diffraction vector direction (hkl)
0.250000 # C: contrast coefficient [1]
0.404940 # a: cell parameter [nm]
    6400 # s: side of the region of interest [nm] PBC1
0.345000 # nu: Poisson's number [1]
   32768 # nd: number of dislocations in the input file
  200000 # np: number of random points
#    L                   cos1       err_cos1                   sin1       err_sin1                   cos2       err_cos2                   sin2       err_sin2                   cos3       err_cos3                   sin3       err_sin3                   cos4       err_cos4                   sin4       err_sin4                   cos5       err_cos5                   sin5       err_sin5                   eps2       nrpo
   3.5  9.711016379352519E-01  4.6256418E-05  2.701609951601294E-05  8.2219782E-05  9.134694381390878E-01  8.3964734E-05  1.325641970478198E-04  1.3718666E-04  8.400597609227997E-01  1.1966918E-04  7.436414387589036E-05  1.7794015E-04  7.590975857086962E-01  1.5157656E-04 -7.995194142417522E-06  2.0793635E-04  6.759939548673156E-01  1.7910492E-04 -6.901582267865436E-05  2.2971453E-04  2.282697123670940E-04          0
   7.0  9.084545071623975E-01  9.0048898E-05  7.217742143225021E-05  1.3852508E-04  7.543743696344871E-01  1.5432266E-04 -9.581897271720772E-06  2.0860125E-04  5.906287375489390E-01  2.0362981E-04 -8.457679636680136E-05  2.4551277E-04  4.430036400405018E-01  2.3699006E-04  3.692843273859972E-05  2.6347489E-04  3.217728564444729E-01  2.5739700E-04 -7.783136613105563E-05  2.7169244E-04  1.925384746636438E-04          0
  10.5  8.279803175962045E-01  1.2908469E-04  6.382504163564902E-05  1.8019163E-04  5.843894421571844E-01  2.0575604E-04 -5.154124371531907E-05  2.4607255E-04  3.740093559881834E-01  2.4949208E-04 -1.297493241868428E-04  2.6859804E-04  2.249234876501352E-01  2.6907115E-04  1.278879032733745E-04  2.7557954E-04  1.311992207034669E-01  2.7615933E-04  1.637074843580759E-04  2.7801977E-04  1.715285454015875E-04          0
  14.0  7.385664036123887E-01  1.6290342E-04  6.245075188446934E-05  2.1090327E-04  4.306438368645220E-01  2.3978087E-04 -9.952598521594707E-05  2.6415174E-04  2.203259603358031E-01  2.6956938E-04 -2.278532944031927E-04  2.7567297E-04  1.068514572313727E-01  2.7734143E-04  2.579934559516302E-04  2.7847160E-04  5.265804071732397E-02  2.7898096E-04  5.142794489110576E-04  2.7925886E-04  1.567952588202686E-04          0
  17.5  6.465214542386797E-01  1.9134259E-04  1.198936159710849E-05  2.3307886E-04  3.046182896914270E-01  2.6002155E-04 -8.359509836985122E-05  2.7228328E-04  1.244523529286650E-01  2.7661474E-04  1.261764740480474E-04  2.7805209E-04  5.101889362426713E-02  2.7896126E-04  5.493362986069983E-04  2.7932600E-04  2.271641517277562E-02  2.7935957E-04  2.568088580963208E-04  2.7951190E-04  1.454132677158261E-04          0
  21.0  5.560827346827791E-01  2.1467319E-04 -3.641755052315057E-05  2.4869060E-04  2.083449825475600E-01  2.7081399E-04 -4.632796757122021E-05  2.7590902E-04  6.956510993178494E-02  2.7861825E-04  4.392170528526497E-04  2.7904267E-04  2.558103833249991E-02  2.7937723E-04  1.236883574870250E-04  2.7945485E-04  1.016838645262269E-02  2.7949644E-04 -3.833695545332329E-04  2.7949000E-04  1.361931022774376E-04          0
  24.5  4.704579382935308E-01  2.3325500E-04 -5.608295443758120E-05  2.5934062E-04  1.390898958211071E-01  2.7594145E-04  1.498683565819347E-04  2.7763661E-04  3.996523087912654E-02  2.7917400E-04  3.720636971303214E-04  2.7939478E-04  1.334225146988689E-02  2.7952017E-04 -5.778486533481676E-04  2.7944483E-04  4.267337560608908E-03  2.7949469E-04 -5.436703536621704E-04  2.7951559E-04  1.284544539487149E-04          0
  28.0  3.917836355033531E-01  2.4758199E-04 -6.929181001126444E-05  2.6639809E-04  9.159769632792127E-02  2.7812770E-04  1.413302283838752E-04  2.7853658E-04  2.371726943461957E-02  2.7943131E-04 -1.067497913465497E-04  2.7942638E-04  6.936847094640962E-03  2.7957227E-04 -7.868108320343865E-04  2.7942916E-04  1.504090593463347E-03  2.7947250E-04 -2.647709589842448E-04  2.7954318E-04  1.217682509116337E-04          0
  31.5  3.209575532642075E-01  2.5831682E-04 -1.442023196344145E-04  2.7097001E-04  6.015226332452178E-02  2.7901637E-04  8.969222545754096E-05  2.7898608E-04  1.440066191448756E-02  2.7949161E-04 -4.171671546449099E-04  2.7946523E-04  3.729897238211251E-03  2.7950067E-04 -4.581004130593048E-04  2.7951108E-04  4.056044009387500E-04  2.7951765E-04 -3.445319083620067E-04  2.7949873E-04  1.159426096201548E-04          0
  35.0  2.585806584963763E-01  2.6610014E-04 -2.177734028316275E-04  2.7384570E-04  4.010054427909904E-02  2.7928399E-04  2.369278426107575E-04  2.7928117E-04  8.994348610547530E-03  2.7961521E-04 -4.815024745547844E-04  2.7937679E-04  1.620641094023597E-03  2.7945362E-04 -2.640154577897788E-04  2.7956204E-04 -4.641549497728382E-04  2.7946161E-04 -4.104457052402011E-04  2.7955457E-04  1.107711678080301E-04          0
  38.5  2.047580576780617E-01  2.7149610E-04 -2.166083520466981E-04  2.7565758E-04  2.735734166567228E-02  2.7931856E-04  2.482886773145386E-04  2.7948669E-04  5.461333385669452E-03  2.7957665E-04 -5.304388243324296E-04  2.7942997E-04  1.502380741554692E-04  2.7951261E-04 -6.280597532098705E-06  2.7950350E-04 -6.981401530437151E-05  2.7944177E-04 -2.059218745684305E-04  2.7957458E-04  1.061519048551331E-04          0
  42.0  1.594814909386456E-01  2.7504359E-04 -1.986576721583595E-04  2.7681200E-04  1.919380912051301E-02  2.7932057E-04  2.136480064529057E-04  2.7959048E-04  2.951505679253303E-03  2.7953923E-04 -6.004624943064258E-04  2.7947388E-04 -5.940528089415405E-04  2.7948005E-04  1.180553936599462E-04  2.7953572E-04  1.922353931768287E-04  2.7951056E-04 -5.061499107558268E-04  2.7950595E-04  1.019645714587171E-04          0
  45.5  1.219999004126429E-01  2.7724785E-04 -1.608531105267474E-04  2.7758941E-04  1.367691861136056E-02  2.7936635E-04  1.266986443903263E-04  2.7959508E-04  1.364194827396815E-03  2.7955167E-04 -4.450178687132241E-04  2.7946390E-04 -6.278042228314306E-04  2.7948788E-04 -3.159198067901744E-04  2.7952834E-04  1.035203369655650E-04  2.7954482E-04 -9.020978417733495E-05  2.7947159E-04  9.814290208191727E-05          0
  49.0  9.171278614787857E-02  2.7851948E-04 -4.838899921818563E-05  2.7813767E-04  9.777846182692902E-03  2.7942919E-04  4.520470275640043E-05  2.7955789E-04  3.448306395471684E-04  2.7952479E-04 -7.011916728898610E-05  2.7949172E-04 -3.626571989285071E-04  2.7951324E-04 -7.740086531192047E-04  2.7950293E-04  5.932225827356227E-05  2.7959510E-04 -1.129225531031822E-05  2.7942130E-04  9.463269116206726E-05          0
  52.5  6.778904523139020E-02  2.7917973E-04  1.061067153377869E-04  2.7854723E-04  6.859219446430010E-03  2.7946194E-04 -1.678639038800461E-04  2.7953923E-04 -2.206723552423808E-04  2.7954795E-04 -3.849977711573367E-05  2.7946867E-04 -2.289135867514354E-04  2.7949532E-04 -9.724403369509849E-04  2.7952113E-04 -7.220214567617894E-05  2.7954837E-04  2.823297951153560E-04  2.7946792E-04  9.137632009185722E-05          0
  56.0  4.929869080103261E-02  2.7949142E-04  2.883388683880152E-04  2.7884154E-04  4.758866494106328E-03  2.7950692E-04 -2.065926007249640E-04  2.7950172E-04 -3.113009104543991E-04  2.7950924E-04 -1.094554280105287E-04  2.7950735E-04  4.049189826966219E-05  2.7946363E-04 -3.896319302274481E-04  2.7955289E-04 -2.693948027330402E-04  2.7951977E-04  2.910226228727792E-05  2.7949707E-04  8.835002772420843E-05          0
  59.5  3.555292850546540E-02  2.7959794E-04  4.369784681097574E-04  2.7906139E-04  3.189243524188152E-03  2.7954383E-04 -1.920534762154927E-04  2.7946912E-04 -3.304554173172221E-04  2.7955212E-04 -1.607647293334315E-04  2.7946455E-04  2.767666718729459E-04  2.7947780E-04  3.117263431696322E-04  2.7953852E-04 -5.575534883676286E-04  2.7951239E-04  1.636837382279914E-04  2.7950443E-04  8.553062258192154E-05          0
  63.0  2.569459785958951E-02  2.7959179E-04  5.898114914038214E-04  2.7923637E-04  1.938198965804879E-03  2.7954364E-04 -7.217964142832215E-05  2.7947134E-04 -2.289872073608721E-04  2.7954302E-04 -5.298239313133813E-05  2.7947372E-04  2.619854395293130E-04  2.7952334E-04  3.869600313638376E-04  2.7949309E-04  2.961052393333435E-05  2.7951086E-04  2.766100708693734E-04  2.7950585E-04  8.290779105238692E-05          0
  66.5  1.892165176494403E-02  2.7956432E-04  6.486639522302079E-04  2.7934814E-04  1.138126093014294E-03  2.7953062E-04 -1.029336608829918E-04  2.7948533E-04 -1.828886625442703E-04  2.7952555E-04  6.143794300012413E-05  2.7949080E-04  1.626867292301026E-04  2.7950853E-04  3.947046581380959E-04  2.7950783E-04  4.328602246865541E-04  2.7954430E-04  5.196479936802606E-05  2.7947202E-04  8.044384317047586E-05          0
  70.0  1.444143540191728E-02  2.7951200E-04  6.018910713843414E-04  2.7944178E-04  4.663360929750631E-04  2.7953655E-04 -1.768127646632250E-04  2.7947965E-04 -1.717499579571127E-04  2.7952412E-04  3.102592069912529E-04  2.7949212E-04  2.040121320954169E-04  2.7950565E-04  4.683997083744592E-04  2.7951085E-04  3.129658660922450E-04  2.7954381E-04  8.792160045164480E-05  2.7947220E-04  7.813345019881828E-05          0
  73.5  1.158095252858923E-02  2.7949460E-04  5.855193172880287E-04  2.7947924E-04  1.946752583443298E-04  2.7952577E-04 -2.176212939327172E-04  2.7949034E-04 -1.377236271523841E-04  2.7948669E-04  3.644305531626868E-04  2.7952948E-04  1.272103068062242E-04  2.7957509E-04  5.969075619193800E-04  2.7944189E-04 -6.876363080883126E-05  2.7952429E-04 -3.108272363955763E-05  2.7949224E-04  7.595919854553003E-05          0
  77.0  9.625067548063210E-03  2.7948630E-04  5.167188682318910E-04  2.7949852E-04  5.454097776611876E-05  2.7950669E-04 -3.025703954943295E-04  2.7950917E-04 -8.208571797753384E-05  2.7946063E-04  3.099356145903418E-04  2.7955537E-04 -8.665881657278427E-06  2.7957911E-04  5.742902432829810E-04  2.7943799E-04 -1.759886818660752E-04  2.7956039E-04 -2.551493097089484E-04  2.7945666E-04  7.390500901845022E-05          0
  80.5  8.269899869663385E-03  2.7949863E-04  4.777520803802147E-04  2.7949249E-04  9.582735415589790E-05  2.7950470E-04 -2.964528484183224E-04  2.7951092E-04 -4.241675550293903E-06  2.7949824E-04  2.981666526907482E-04  2.7951812E-04 -2.210374873786279E-05  2.7954598E-04  3.788172978672782E-04  2.7947101E-04  3.130504196574453E-04  2.7947860E-04 -2.543092605067052E-04  2.7953847E-04  7.196042993435848E-05          0
  84.0  7.367781717579655E-03  2.7946468E-04  3.699927592815157E-04  2.7953017E-04 -1.744762750518082E-04  2.7947145E-04 -9.814643680529196E-05  2.7954399E-04  1.223086877806154E-04  2.7950273E-04  3.902465329962827E-04  2.7951410E-04 -2.602300812821317E-04  2.7951209E-04  2.051607007638967E-04  2.7950463E-04  3.919915605052553E-04  2.7953616E-04  5.637700903907327E-05  2.7948050E-04  7.011187310256164E-05          0
  87.5  6.665170699016558E-03  2.7944651E-04  2.666802052982995E-04  2.7955112E-04 -3.245997440892048E-04  2.7945518E-04 -1.359679168908589E-04  2.7956029E-04  1.449076303677122E-04  2.7949427E-04  3.755297782346669E-04  2.7952265E-04 -3.778595710507112E-04  2.7958791E-04  3.862765947722520E-04  2.7942844E-04  8.261306663048908E-05  2.7954229E-04  3.335564329590122E-04  2.7947453E-04  6.835830561676833E-05          0
  91.0  5.965850551270396E-03  2.7945559E-04  1.035018881708546E-04  2.7954456E-04 -2.773954661442715E-04  2.7946307E-04 -1.570040321969053E-04  2.7955238E-04 -7.309110832589850E-05  2.7956398E-04  2.568225033739500E-04  2.7945293E-04 -3.216309250803126E-04  2.7957469E-04  2.982923895658619E-04  2.7944164E-04 -4.283397494046445E-05  2.7949216E-04  1.640478528392498E-04  2.7952456E-04  6.669419355032282E-05          0
  94.5  5.354515074456848E-03  2.7944947E-04 -3.265576842599909E-05  2.7955275E-04 -3.350845928972668E-04  2.7944432E-04 -2.394988186372380E-04  2.7957110E-04 -2.465524682735656E-04  2.7956291E-04  3.490631523692275E-04  2.7945357E-04 -4.561933037654595E-04  2.7950379E-04  1.703398173332484E-04  2.7951287E-04  5.772333364205523E-05  2.7948826E-04 -3.327799878304648E-04  2.7952783E-04  6.510898442908996E-05          0
  98.0  4.791754893800357E-03  2.7945426E-04 -2.631550588039252E-04  2.7954991E-04 -3.134273796613623E-04  2.7940888E-04 -2.308313786299531E-04  2.7960634E-04 -2.627939182626021E-04  2.7957941E-04  2.129951942988595E-04  2.7943654E-04 -7.072200876229956E-04  2.7948792E-04  2.900488550435860E-05  2.7952868E-04  1.260249705846418E-04  2.7946781E-04 -4.372143797686920E-04  2.7954809E-04  6.359525125366600E-05          0
 101.5  4.334534474925136E-03  2.7944297E-04 -4.266415689768083E-04  2.7956260E-04 -4.031227121547920E-04  2.7944110E-04  2.723781973635189E-05  2.7957404E-04 -2.091814777637021E-04  2.7953828E-04  1.603589348439615E-05  2.7947765E-04 -4.749847381148903E-04  2.7952500E-04 -4.437116045927779E-04  2.7949117E-04  4.866948470872526E-04  2.7942698E-04 -6.289346658129383E-04  2.7958913E-04  6.215330064572026E-05          0
 105.0  4.017403129821562E-03  2.7942245E-04 -6.730789257822609E-04  2.7958412E-04 -5.561729629305222E-04  2.7945549E-04  9.506250282038259E-05  2.7955956E-04 -2.463855137231518E-04  2.7951405E-04 -5.138702110867504E-05  2.7950189E-04 -3.714440991833247E-04  2.7950448E-04 -4.076024034587117E-04  2.7951148E-04  2.377597021536266E-04  2.7949505E-04 -5.368693048374172E-04  2.7952160E-04  6.077926441187767E-05          0
 108.5  3.758091118985535E-03  2.7939771E-04 -8.071653891579707E-04  2.7960977E-04 -7.383820278981800E-04  2.7948278E-04  2.221757764698473E-04  2.7953225E-04 -8.182971462117826E-05  2.7951659E-04 -2.312073295222572E-04  2.7949920E-04 -1.755020475229874E-04  2.7949669E-04 -4.415486573257137E-05  2.7951935E-04  2.809047585061929E-05  2.7949742E-04  1.061465917397820E-04  2.7951909E-04  5.946812023590557E-05          0
 112.0  3.547399083267919E-03  2.7942790E-04 -9.504095433217917E-04  2.7958053E-04 -5.278290226305028E-04  2.7948846E-04  2.666464789268768E-04  2.7952678E-04  1.637381632019120E-04  2.7945130E-04 -1.220905163064294E-04  2.7956470E-04 -1.376625068024917E-04  2.7945414E-04  5.970432674791424E-05  2.7956205E-04 -9.532819221026788E-05  2.7952921E-04  2.047775479946691E-04  2.7948760E-04  5.821308645233712E-05          0
 115.5  3.498188534082375E-03  2.7944307E-04 -1.172108211741885E-03  2.7956597E-04 -4.230886714530667E-04  2.7945757E-04  3.533270000185516E-04  2.7955755E-04  1.315218551496119E-04  2.7944175E-04 -3.842001400325444E-05  2.7957448E-04 -3.590224871324457E-04  2.7951046E-04  4.483842509097962E-04  2.7950569E-04 -7.665881956419660E-05  2.7957630E-04  9.993210488889324E-05  2.7944034E-04  5.701095716076742E-05          0
 119.0  3.469117322165043E-03  2.7945529E-04 -1.293959828349617E-03  2.7955448E-04 -3.395838230967218E-04  2.7948264E-04  2.086483416662795E-04  2.7953262E-04  3.006710803012027E-04  2.7946368E-04 -2.714677192596504E-04  2.7955259E-04 -1.800754451427354E-04  2.7948256E-04  6.239697994136406E-04  2.7953407E-04  1.143949349788248E-05  2.7950296E-04  2.507803483563221E-04  2.7951340E-04  5.585671438542355E-05          0
 122.5  3.352642392770055E-03  2.7945849E-04 -1.410007510595581E-03  2.7955184E-04 -3.203344120202927E-04  2.7951095E-04  4.114438584766461E-06  2.7950429E-04  5.447304306607506E-05  2.7947172E-04 -6.129009153030978E-04  2.7954440E-04  2.272480823164003E-05  2.7952003E-04  3.614724154977945E-04  2.7949628E-04  1.800424433606990E-04  2.7954926E-04  2.227744588439087E-04  2.7946749E-04  5.474845391510930E-05          0
 126.0  3.267678790126568E-03  2.7944424E-04 -1.440058635520255E-03  2.7956637E-04 -4.242431676418993E-04  2.7952586E-04 -1.093384599546347E-05  2.7948906E-04 -5.531607623642098E-05  2.7950929E-04 -7.808271818168411E-04  2.7950673E-04  1.295863831777376E-04  2.7947310E-04  1.966163474670272E-04  2.7954321E-04  4.767617428999079E-05  2.7954861E-04  1.028295069102439E-04  2.7946829E-04  5.368500062598173E-05          0
 129.5  3.250846527171678E-03  2.7943769E-04 -1.563102152327781E-03  2.7957281E-04 -4.716861696495815E-04  2.7953944E-04 -6.212913811046430E-05  2.7947534E-04  1.814400895680540E-05  2.7954022E-04 -8.563891577762630E-04  2.7947533E-04  2.270433233284711E-04  2.7944673E-04 -2.325487522101946E-04  2.7956943E-04  2.754057655892690E-04  2.7957188E-04  7.357662670234704E-05  2.7944499E-04  5.266066445971073E-05          0
 133.0  3.146882642597632E-03  2.7943332E-04 -1.601192492710549E-03  2.7957715E-04 -5.030535048458326E-04  2.7955936E-04  2.453230173036515E-05  2.7945580E-04  1.612662964631737E-04  2.7952388E-04 -1.001169685061376E-03  2.7949176E-04  3.691384104268854E-04  2.7952158E-04 -1.397552792183007E-04  2.7949474E-04  2.684901170117380E-04  2.7953765E-04  3.359433087141698E-04  2.7947884E-04  5.167528073974606E-05          0
 136.5  3.102324086774493E-03  2.7945284E-04 -1.561822194987439E-03  2.7955772E-04 -3.646643840249655E-04  2.7955856E-04 -4.598675568328516E-05  2.7945709E-04  3.077281089613136E-04  2.7952297E-04 -7.798332335574088E-04  2.7949277E-04  3.626223483103383E-04  2.7952894E-04 -8.495160094398034E-05  2.7948731E-04 -2.805638989676798E-04  2.7952712E-04  1.199768888454580E-04  2.7948979E-04  5.072579955319833E-05          0
 140.0  3.089960432296519E-03  2.7949687E-04 -1.527924651463818E-03  2.7951358E-04 -4.948790562704572E-05  2.7950948E-04 -4.127847524322262E-05  2.7950640E-04  1.429949253703578E-04  2.7952403E-04 -1.581620729631536E-04  2.7949205E-04  1.147192312624967E-05  2.7951103E-04 -2.274506345056693E-04  2.7950562E-04 -4.650577232080349E-04  2.7954539E-04 -3.284414083846542E-04  2.7947147E-04  4.980882886896727E-05          0
 143.5  2.928568667432317E-03  2.7949643E-04 -1.478004178417036E-03  2.7951426E-04 -5.387882384749794E-05  2.7947479E-04  8.939392644533816E-05  2.7954079E-04  5.900454270666270E-05  2.7953817E-04  3.765329503244925E-04  2.7947777E-04 -2.361608400765553E-04  2.7944894E-04 -1.547101004398312E-04  2.7956771E-04 -5.143865694983183E-04  2.7956111E-04 -2.239139512109281E-04  2.7945539E-04  4.892841913861330E-05          0
 147.0  2.714123730347794E-03  2.7951842E-04 -1.337172696758736E-03  2.7949275E-04  1.011817371288372E-04  2.7947924E-04  1.633558518959552E-04  2.7953625E-04  1.652351907409272E-05  2.7954016E-04  6.999935779105525E-04  2.7947602E-04 -2.053786304545489E-04  2.7947500E-04 -8.975370556000805E-05  2.7954137E-04 -3.814222878643078E-04  2.7949101E-04 -9.693587554963318E-05  2.7952531E-04  4.807808007854262E-05          0
 150.5  2.515636972667283E-03  2.7951770E-04 -1.039773983627662E-03  2.7949385E-04  9.468411921714483E-05  2.7949910E-04  2.164636288908884E-04  2.7951631E-04 -5.886026916852152E-05  2.7948526E-04  7.511720341135160E-04  2.7953089E-04 -6.326159306846156E-05  2.7949686E-04  1.431851907760163E-04  2.7951952E-04  7.187054641890501E-05  2.7948822E-04  8.596846619230815E-05  2.7952838E-04  4.725406953451122E-05          0
 154.0  2.383644297525027E-03  2.7952486E-04 -7.795245603294219E-04  2.7948692E-04  1.452523969626522E-04  2.7948207E-04  1.625485658211458E-04  2.7953361E-04  3.851932173863397E-05  2.7950282E-04  9.004273767083833E-04  2.7951311E-04 -1.862468729726568E-04  2.7954659E-04  2.161623187522053E-04  2.7947022E-04  6.197787305153376E-05  2.7950893E-04 -2.371041522582779E-05  2.7950735E-04  4.645823180673190E-05          0
 157.5  2.164783886549894E-03  2.7953181E-04 -5.458520861019444E-04  2.7948034E-04  1.938138085701641E-04  2.7950713E-04 -8.914290846879973E-05  2.7950877E-04  1.748248947327165E-04  2.7948233E-04  6.113584043347021E-04  2.7953387E-04 -7.198661040996956E-06  2.7954014E-04  2.965559104528636E-04  2.7947629E-04  2.409834960657455E-04  2.7950672E-04  1.418790761561876E-04  2.7950967E-04  4.568711033352826E-05          0
