   1.0.0 # v: lpa-xrd version
5.00e+13 # d: dislocation density [m^-2]
 1  1  0 # z: direction of 'l' (line vector) [uvw]
 1  1  0 # b: Burgers vector direction [uvw]
 2  0  0 # g: diffraction vector direction (hkl)
0.250000 # C: contrast coefficient [1]
0.404940 # a: cell parameter [nm]
    6400 # s: side of the region of interest [nm] PBC1
0.345000 # nu: Poisson's number [1]
    2048 # nd: number of dislocations in the input file
  200000 # np: number of random points
#    L                   cos1       err_cos1                   sin1       err_sin1                   cos2       err_cos2                   sin2       err_sin2                   cos3       err_cos3                   sin3       err_sin3                   cos4       err_cos4                   sin4       err_sin4                   cos5       err_cos5                   sin5       err_sin5                   eps2       nrpo
   5.0  9.945750800770116E-01  1.6840186E-05  6.806785407253752E-05  3.7493834E-05  9.819970201812160E-01  3.1894896E-05  1.260486919167836E-04  6.7489370E-05  9.639763674276063E-01  4.7675510E-05  1.701865963918954E-04  9.3676804E-05  9.416652243794926E-01  6.3740748E-05  2.513432351151137E-04  1.1672285E-04  9.159624349982041E-01  7.9614022E-05  3.078438744387115E-04  1.3712641E-04  1.988888798263826E-05          0
  10.0  9.812598902466385E-01  3.4378947E-05  1.445375857185921E-04  6.7943627E-05  9.408775601061389E-01  6.5168750E-05  2.628043856442715E-04  1.1692719E-04  8.869246067728074E-01  9.5803733E-05  3.614035740711698E-04  1.5536212E-04  8.248779620628816E-01  1.2430778E-04  4.267882779261360E-04  1.8559265E-04  7.585571827952146E-01  1.5007513E-04  5.312009515612718E-04  2.0920673E-04  1.765872339561808E-05          0
  15.0  9.620841240010750E-01  5.2014939E-05  2.265955340329146E-04  9.4405200E-05  8.858502542588375E-01  9.7017749E-05  4.023445572165738E-04  1.5556710E-04  7.911217493722904E-01  1.3822822E-04  5.473024855582502E-04  1.9825620E-04  6.899862799473045E-01  1.7321260E-04  5.557079592542688E-04  2.2757688E-04  5.901919529877314E-01  2.0153918E-04  4.645982769358893E-04  2.4721600E-04  1.632736506051286E-05          0
  20.0  9.383568097697044E-01  6.9347793E-05  3.252952057453177E-04  1.1768706E-04  8.225951761360848E-01  1.2620192E-04  5.171307074723913E-04  1.8589599E-04  6.889086649731372E-01  1.7377969E-04  5.740566140866488E-04  2.2765417E-04  5.572980077386730E-01  2.0982553E-04  3.679122641810375E-04  2.5218692E-04  4.381172161576057E-01  2.3552168E-04  3.516320504895113E-04  2.6583899E-04  1.536467681014381E-05          0
  25.0  9.110811520186914E-01  8.6123973E-05  4.160122782457517E-04  1.3827010E-04  7.551021332666462E-01  1.5226353E-04  6.142525962715617E-04  2.0957638E-04  5.882440492440079E-01  2.0227265E-04  4.768098641916889E-04  2.4734293E-04  4.373108555283788E-01  2.3569990E-04  3.110631975566590E-04  2.6588800E-04  3.127604546245965E-01  2.5634602E-04  4.489332104677920E-04  2.7407705E-04  1.461211666041236E-05          0
  30.0  8.810938766443754E-01  1.0215718E-04  5.336189380919100E-04  1.5649536E-04  6.862749619154922E-01  1.7508186E-04  6.179596951444296E-04  2.2789942E-04  4.937249476741430E-01  2.2443619E-04  3.800025458367343E-04  2.6015831E-04  3.346206299855427E-01  2.5316361E-04  4.191839835225687E-04  2.7300226E-04  2.156934655852606E-01  2.6820517E-04  8.163473598063097E-04  2.7732650E-04  1.399343943255042E-05          0
  35.0  8.490108082212906E-01  1.1740348E-04  6.340381731455274E-04  1.7265361E-04  6.181344708082623E-01  1.9479201E-04  6.471639119241704E-04  2.4191172E-04  4.081524064598433E-01  2.4117315E-04  3.833979764082810E-04  2.6820428E-04  2.502993335352540E-01  2.6441150E-04  6.206972459751210E-04  2.7642391E-04  1.441440303633784E-01  2.7452304E-04  1.244489105838451E-03  2.7841438E-04  1.347477841369557E-05          0
  40.0  8.154175058978765E-01  1.3181682E-04  7.332627451244073E-04  1.8693844E-04  5.523204598041961E-01  2.1149553E-04  6.011297954587955E-04  2.5250275E-04  3.327163553700027E-01  2.5350658E-04  3.994463469439783E-04  2.7304830E-04  1.832463206237790E-01  2.7133170E-04  9.886141808667507E-04  2.7793728E-04  9.363825313805785E-02  2.7753453E-04  1.474944403768593E-03  2.7882539E-04  1.303126812192727E-05          0
  45.0  7.808194243214285E-01  1.4532221E-04  7.927330436832529E-04  1.9956040E-04  4.898172793136334E-01  2.2551250E-04  5.299027631098902E-04  2.6038068E-04  2.676865843628708E-01  2.6235117E-04  5.240278266047623E-04  2.7584261E-04  1.315241367953612E-01  2.7539767E-04  1.342493273367049E-03  2.7853028E-04  5.939681400245852E-02  2.7869400E-04  1.462461019851122E-03  2.7916646E-04  1.263947725514282E-05          0
  50.0  7.455936247245137E-01  1.5795728E-04  8.327601879259604E-04  2.1067966E-04  4.313748187098082E-01  2.3711594E-04  5.077686034888095E-04  2.6614296E-04  2.127487247872466E-01  2.6853991E-04  7.596876863596978E-04  2.7735937E-04  9.269728993477803E-02  2.7758247E-04  1.546926080176217E-03  2.7882541E-04  3.698752403880166E-02  2.7910631E-04  1.049339248144788E-03  2.7938875E-04  1.228961148754073E-05          0
  55.0  7.101029341346025E-01  1.6972380E-04  8.656942042059204E-04  2.2044240E-04  3.774527111462934E-01  2.4659662E-04  5.582829883979066E-04  2.7028251E-04  1.670342902215279E-01  2.7276805E-04  1.033878120698589E-03  2.7813285E-04  6.429179308625395E-02  2.7857940E-04  1.576674720068118E-03  2.7910298E-04  2.298630369182915E-02  2.7925545E-04  4.312155739431065E-04  2.7950112E-04  1.197529529510647E-05          0
  60.0  6.745800506995585E-01  1.8066225E-04  8.972602306792243E-04  2.2899759E-04  3.281954208339344E-01  2.5426689E-04  6.676782807449873E-04  2.7319625E-04  1.296477748718769E-01  2.7553759E-04  1.184261413332782E-03  2.7853200E-04  4.404895540274426E-02  2.7899159E-04  1.343341698673854E-03  2.7933133E-04  1.468495172066888E-02  2.7935146E-04 -2.085580756848067E-04  2.7951483E-04  1.169238518408222E-05          0
  65.0  6.393764712428217E-01  1.9074260E-04  9.038675980340529E-04  2.3646552E-04  2.836710513606022E-01  2.6039959E-04  7.532457379160449E-04  2.7519641E-04  9.946372928588025E-02  2.7725903E-04  1.334951173486542E-03  2.7878059E-04  3.003044940736903E-02  2.7917248E-04  1.040501769364725E-03  2.7946413E-04  9.867603728812135E-03  2.7937345E-04 -7.798340278932887E-04  2.7954396E-04  1.143229715109457E-05          0
  70.0  6.046502265143021E-01  2.0001271E-04  8.767633005920864E-04  2.4297413E-04  2.437066903851174E-01  2.6526715E-04  7.750124172861059E-04  2.7652618E-04  7.552583847140822E-02  2.7824569E-04  1.434173793634507E-03  2.7898825E-04  2.065570011366590E-02  2.7927732E-04  4.712723108704299E-04  2.7951207E-04  7.026671018216593E-03  2.7943830E-04 -9.950019478080258E-04  2.7951081E-04  1.118933403103096E-05          0
  75.0  5.705414176331594E-01  2.0853952E-04  8.254049119016177E-04  2.4861444E-04  2.082001122362781E-01  2.6904483E-04  8.620005711203666E-04  2.7741000E-04  5.684531173105282E-02  2.7874706E-04  1.357971059681994E-03  2.7919824E-04  1.440196035010485E-02  2.7932715E-04 -1.309183248135432E-04  2.7954246E-04  5.246141582075614E-03  2.7949310E-04 -9.098144541928280E-04  2.7947626E-04  1.096631022570985E-05          0
  80.0  5.373052780133390E-01  2.1632212E-04  7.849359839881905E-04  2.5347470E-04  1.769531187607274E-01  2.7192904E-04  9.265007896841275E-04  2.7799218E-04  4.261125848949134E-02  2.7900770E-04  1.219516454011652E-03  2.7935148E-04  1.027721795694693E-02  2.7936303E-04 -5.188076516763002E-04  2.7955049E-04  3.788687749187544E-03  2.7955328E-04 -5.118933109724467E-04  2.7942812E-04  1.075677496317188E-05          0
  85.0  5.050185297484165E-01  2.2340193E-04  7.217877537794783E-04  2.5765975E-04  1.495645437471539E-01  2.7408981E-04  1.004746909377112E-03  2.7839100E-04  3.180360437364702E-02  2.7916712E-04  1.088266101061954E-03  2.7943221E-04  7.454310855204769E-03  2.7940189E-04 -5.772397321941524E-04  2.7954064E-04  2.632310481771366E-03  2.7962244E-04 -5.222755831178554E-06  2.7936671E-04  1.056079554726073E-05          0
  90.0  4.738041866470887E-01  2.2980363E-04  6.477086870866414E-04  2.6125812E-04  1.256613945607775E-01  2.7570736E-04  1.160391668122907E-03  2.7864920E-04  2.372208991724461E-02  2.7922370E-04  8.092444945659798E-04  2.7951509E-04  5.624835284573070E-03  2.7946780E-04 -5.211429998560304E-04  2.7949428E-04  1.652789243991452E-03  2.7958387E-04  1.109680609926923E-04  2.7941009E-04  1.037454089037539E-05          0
  95.0  4.436448710239163E-01  2.3562032E-04  6.025969535893512E-04  2.6432351E-04  1.050415235936906E-01  2.7688604E-04  1.336329266898912E-03  2.7882519E-04  1.767500104157097E-02  2.7926687E-04  4.791996822563150E-04  2.7955690E-04  4.374657448090447E-03  2.7949097E-04 -5.043296817371977E-04  2.7948389E-04  7.796043171812743E-04  2.7949927E-04  1.418517016556009E-04  2.7949724E-04  1.019935426260462E-05          0
 100.0  4.146608211238433E-01  2.4086975E-04  5.862878602623095E-04  2.6692321E-04  8.736804976190832E-02  2.7774407E-04  1.375156552714109E-03  2.7893647E-04  1.324649964861317E-02  2.7929767E-04  1.110136920174864E-04  2.7957880E-04  3.579807273378673E-03  2.7955109E-04 -3.503553636956143E-04  2.7943195E-04 -3.302847040781975E-05  2.7941064E-04  1.473168481175766E-04  2.7958826E-04  1.003379976704899E-05          0
 105.0  3.869099051014109E-01  2.4558481E-04  5.380985530938389E-04  2.6912026E-04  7.229833329593666E-02  2.7831927E-04  1.420513212418652E-03  2.7904832E-04  1.009546193856845E-02  2.7932121E-04 -2.252797732583822E-04  2.7958847E-04  2.776620043754627E-03  2.7959979E-04 -1.620445413250287E-04  2.7938765E-04 -6.153188520987164E-04  2.7932592E-04 -4.485005435420249E-05  2.7967588E-04  9.874535090078389E-06          0
 110.0  3.603689278787728E-01  2.4981580E-04  5.123632957163916E-04  2.7097013E-04  5.951489532105363E-02  2.7866954E-04  1.485305518036657E-03  2.7918275E-04  7.850825739393547E-03  2.7935248E-04 -4.064077285955196E-04  2.7958080E-04  1.819115946895188E-03  2.7961225E-04 -6.378022147453797E-05  2.7937894E-04 -9.562753506382176E-04  2.7925084E-04 -2.767021800732750E-04  2.7975218E-04  9.723608737217860E-06          0
 115.0  3.350564700113615E-01  2.5360419E-04  5.033476446871038E-04  2.7251516E-04  4.877128385756361E-02  2.7888763E-04  1.474152062369301E-03  2.7930220E-04  6.352392756447483E-03  2.7939946E-04 -5.098629796556906E-04  2.7955035E-04  9.715544624501700E-04  2.7957715E-04  6.475036517392737E-05  2.7941688E-04 -9.595125466280234E-04  2.7926702E-04 -3.217187155182797E-04  2.7973719E-04  9.578399769283763E-06          0
 120.0  3.109653514740299E-01  2.5698677E-04  4.745932795655732E-04  2.7379961E-04  3.979395791460105E-02  2.7899733E-04  1.367006527179321E-03  2.7942591E-04  5.262938404506480E-03  2.7943802E-04 -7.120752380049473E-04  2.7952430E-04  9.809238245393943E-05  2.7949809E-04  2.028506941867316E-04  2.7949855E-04 -1.013894358149921E-03  2.7934696E-04 -2.199759233849767E-04  2.7965847E-04  9.440637463671241E-06          0
 125.0  2.881134295417948E-01  2.5999960E-04  4.637779689215075E-04  2.7485505E-04  3.238330668483445E-02  2.7907721E-04  1.276165068046415E-03  2.7950680E-04  4.455617743509082E-03  2.7946963E-04 -7.099208504653938E-04  2.7950148E-04 -4.640469926191299E-04  2.7941134E-04  2.349512158439325E-04  2.7958724E-04 -8.808688130104140E-04  2.7943394E-04 -6.746813856732097E-05  2.7957176E-04  9.310469075602456E-06          0
 130.0  2.665296737221160E-01  2.6266659E-04  4.717992810956615E-04  2.7571636E-04  2.631307222466574E-02  2.7912963E-04  1.113236350095152E-03  2.7956367E-04  3.765762987648249E-03  2.7951790E-04 -6.103845247901938E-04  2.7945928E-04 -8.530964662619349E-04  2.7932396E-04  1.789581497894314E-04  2.7967660E-04 -5.635045931199525E-04  2.7948300E-04  9.155419504983450E-05  2.7952299E-04  9.184424044433755E-06          0
 135.0  2.461678836437801E-01  2.6501452E-04  4.551802536873975E-04  2.7642354E-04  2.131553158074621E-02  2.7918427E-04  9.334299289177630E-04  2.7958413E-04  3.220562138106328E-03  2.7955248E-04 -5.112504427537882E-04  2.7942888E-04 -9.794649668379736E-04  2.7925310E-04 -2.291795783629315E-05  2.7974984E-04 -3.773067323703946E-04  2.7948321E-04  2.661312877871969E-04  2.7952398E-04  9.063429373150580E-06          0
 140.0  2.269684882725750E-01  2.6709090E-04  4.123122020374342E-04  2.7699025E-04  1.730080687992652E-02  2.7920656E-04  7.534177388747846E-04  2.7961427E-04  2.633863431638773E-03  2.7961143E-04 -3.996470210167204E-04  2.7937303E-04 -1.168043541621529E-03  2.7922359E-04 -2.354909680878296E-04  2.7978085E-04 -2.357054715191197E-04  2.7946246E-04  3.683096184446288E-04  2.7954569E-04  8.947138802221154E-06          0
 145.0  2.089299563976702E-01  2.6890063E-04  3.854740815594960E-04  2.7745571E-04  1.399583456879845E-02  2.7924982E-04  5.587438935425193E-04  2.7960822E-04  2.033164613258334E-03  2.7965129E-04 -2.601538466858742E-04  2.7933602E-04 -1.099361828731237E-03  2.7928162E-04 -2.890855798731492E-04  2.7972422E-04 -4.836691209395684E-05  2.7945420E-04  5.138354444756794E-04  2.7955431E-04  8.834582824219120E-06          0
 150.0  1.919858773749968E-01  2.7047670E-04  3.769714834407508E-04  2.7783674E-04  1.128721098483735E-02  2.7928226E-04  3.711488143078566E-04  2.7960312E-04  1.443644115689809E-03  2.7962862E-04 -1.398832469560440E-04  2.7936081E-04 -1.033806915001002E-03  2.7932458E-04 -2.786809843964428E-04  2.7968272E-04  1.420579404381376E-04  2.7945584E-04  5.588774474988569E-04  2.7955276E-04  8.726296823932747E-06          0
 155.0  1.761096932675018E-01  2.7185065E-04  3.635051977416420E-04  2.7814032E-04  9.127490707281982E-03  2.7932971E-04  2.211485418348359E-04  2.7957517E-04  9.840737449287676E-04  2.7957879E-04  7.584923860225804E-05  2.7941300E-04 -8.078245044186519E-04  2.7941265E-04 -2.641601107873324E-04  2.7959552E-04  3.252351930704865E-04  2.7951016E-04  6.660698136322230E-04  2.7949872E-04  8.621260699123551E-06          0
 160.0  1.613190222363131E-01  2.7303997E-04  3.277738631523869E-04  2.7837898E-04  7.428158012392885E-03  2.7937524E-04  6.605027162404569E-05  2.7954429E-04  5.937123418524158E-04  2.7950431E-04  2.053093641815272E-04  2.7948920E-04 -5.616642119904178E-04  2.7946940E-04 -5.049778167951117E-05  2.7953897E-04  6.259324754407831E-04  2.7953589E-04  7.832138862071431E-04  2.7947297E-04  8.518929624894715E-06          0
 165.0  1.475232834489942E-01  2.7408078E-04  3.025605121325214E-04  2.7855523E-04  6.175554783426645E-03  2.7940665E-04 -6.906226746394151E-05  2.7952423E-04  2.080077859244970E-04  2.7943039E-04  3.848822661017214E-04  2.7956455E-04 -3.933020039127265E-04  2.7949647E-04  1.576346914818623E-04  2.7951164E-04  8.860940616373805E-04  2.7952824E-04  7.057657699879984E-04  2.7948044E-04  8.420494123378779E-06          0
 170.0  1.346483595191716E-01  2.7497435E-04  3.216541902081412E-04  2.7869708E-04  5.166823147712483E-03  2.7942856E-04 -1.789071229254259E-04  2.7951201E-04 -4.038196250940458E-05  2.7934996E-04  5.216706350332660E-04  2.7964622E-04 -2.796005685354718E-04  2.7950575E-04  4.035529848476775E-04  2.7950245E-04  1.076138629363917E-03  2.7955602E-04  4.603577816006846E-04  2.7945251E-04  8.325127718858949E-06          0
 175.0  1.226678896877900E-01  2.7575152E-04  3.195042990167436E-04  2.7879746E-04  4.456849649532258E-03  2.7946833E-04 -1.760113820214398E-04  2.7948029E-04 -2.638234131060642E-04  2.7928775E-04  6.486513369083585E-04  2.7970952E-04 -2.800645885269566E-05  2.7952506E-04  5.758768094052596E-04  2.7948296E-04  1.146294503809396E-03  2.7954885E-04  1.263674250638847E-04  2.7945967E-04  8.232265186383955E-06          0
 180.0  1.114989688693618E-01  2.7641843E-04  2.984817625816309E-04  2.7887466E-04  3.911657688548540E-03  2.7949408E-04 -1.483725973807497E-04  2.7946105E-04 -3.660071858717741E-04  2.7929031E-04  6.489187782175642E-04  2.7970817E-04  1.273353228452156E-04  2.7954689E-04  6.865634148186199E-04  2.7946126E-04  1.002168590199136E-03  2.7949852E-04 -8.642226188274796E-05  2.7951050E-04  8.143298293062092E-06          0
 185.0  1.012048425760777E-01  2.7698588E-04  2.832431211153686E-04  2.7893030E-04  3.521292616642412E-03  2.7951117E-04 -6.886716127604641E-05  2.7944982E-04 -4.755528994298385E-04  2.7930963E-04  6.516541352638149E-04  2.7969074E-04  2.222623898989187E-04  2.7954055E-04  6.966091458802052E-04  2.7946770E-04  7.459607258963309E-04  2.7950608E-04 -4.138734545104142E-05  2.7950391E-04  8.055600220581609E-06          0
 190.0  9.170339914120312E-02  2.7747469E-04  2.882043541725986E-04  2.7896332E-04  3.291737702527605E-03  2.7953708E-04  1.721919654275154E-05  2.7942889E-04 -6.755439412700329E-04  2.7931437E-04  6.148453767448914E-04  2.7968722E-04  3.840094897973919E-04  2.7953994E-04  7.035641300421008E-04  2.7946830E-04  4.742946644029849E-04  2.7950205E-04 -4.985431769120159E-05  2.7950855E-04  7.971331911466711E-06          0
 195.0  8.297289983514594E-02  2.7789076E-04  3.496842444903075E-04  2.7898182E-04  3.164693360581629E-03  2.7956627E-04  4.820334587971688E-05  2.7940408E-04 -7.763396159309478E-04  2.7937731E-04  6.243131192021954E-04  2.7962517E-04  5.734211251622055E-04  2.7955881E-04  8.203813028615478E-04  2.7944948E-04  1.509156765115991E-04  2.7952245E-04 -4.833417431579093E-05  2.7948816E-04  7.888891654752735E-06          0
 200.0  7.492573917931843E-02  2.7823918E-04  3.694404099967115E-04  2.7899639E-04  3.067182587923874E-03  2.7957223E-04  7.459758801505069E-05  2.7940226E-04 -7.471975859553496E-04  2.7942558E-04  5.851933245589246E-04  2.7957774E-04  5.984728596958067E-04  2.7959082E-04  9.128433973822353E-04  2.7941803E-04 -1.184608681339578E-04  2.7957451E-04  8.092931791943050E-05  2.7943619E-04  7.809501211505399E-06          0
 205.0  6.754050328712630E-02  2.7853177E-04  3.935886338480022E-04  2.7900440E-04  3.014385847997657E-03  2.7956561E-04  2.159755825276843E-04  2.7941225E-04 -5.879578466755972E-04  2.7946355E-04  5.430549975755719E-04  2.7954032E-04  5.368296740110555E-04  2.7958512E-04  1.023378055488012E-03  2.7942458E-04 -2.455114117350763E-04  2.7956842E-04  2.148139167540635E-04  2.7944266E-04  7.731918218202078E-06          0
 210.0  6.072368847136875E-02  2.7877936E-04  4.598189278867560E-04  2.7900761E-04  2.993921531970553E-03  2.7953628E-04  2.937177149733314E-04  2.7944472E-04 -4.598799499394612E-04  2.7947767E-04  5.220824496842521E-04  2.7952640E-04  3.137090404795978E-04  2.7954620E-04  1.015826619909165E-03  2.7946359E-04 -3.938555951440081E-04  2.7951479E-04  4.612755975493166E-04  2.7949607E-04  7.656303652059268E-06          0
 215.0  5.447944718769982E-02  2.7897667E-04  5.314656050056743E-04  2.7901693E-04  2.929708444687738E-03  2.7949786E-04  3.499107330019197E-04  2.7948568E-04 -4.203095380571973E-04  2.7948429E-04  4.586601840546197E-04  2.7951998E-04  2.940482577352643E-05  2.7952896E-04  9.002851983166019E-04  2.7948086E-04 -5.467115961675505E-04  2.7947191E-04  5.956410677427663E-04  2.7953871E-04  7.582445116956975E-06          0
 220.0  4.878660435733207E-02  2.7912830E-04  5.773892299594270E-04  2.7903530E-04  2.802488066431297E-03  2.7947580E-04  4.236380532170881E-04  2.7951012E-04 -4.189275255355039E-04  2.7947628E-04  3.770155836287780E-04  2.7952798E-04 -1.368766131952178E-04  2.7951447E-04  7.408298533862648E-04  2.7949592E-04 -6.083076635592064E-04  2.7944476E-04  6.180222464651912E-04  2.7956544E-04  7.510224763423137E-06          0
 225.0  4.360389890046993E-02  2.7924922E-04  5.944141288052312E-04  2.7905304E-04  2.677987515658608E-03  2.7948086E-04  4.474019080629404E-04  2.7950758E-04 -3.800073172256019E-04  2.7948879E-04  4.003125644115021E-04  2.7951583E-04 -1.087839631113880E-04  2.7946446E-04  6.117064575962775E-04  2.7954684E-04 -5.447430445662694E-04  2.7942769E-04  6.550592313807531E-04  2.7958269E-04  7.440344122274170E-06          0
 230.0  3.884147874917591E-02  2.7934206E-04  6.051348868944971E-04  2.7907406E-04  2.526813739953218E-03  2.7950196E-04  5.079448218021697E-04  2.7948843E-04 -3.287946835281476E-04  2.7945842E-04  4.405184183922032E-04  2.7954660E-04  3.599457146469208E-05  2.7942461E-04  5.597816193284094E-04  2.7958711E-04 -5.802993983445807E-04  2.7946555E-04  5.175771685703460E-04  2.7954557E-04  7.372477636163764E-06          0
 235.0  3.452106285926965E-02  2.7940985E-04  6.175467447779822E-04  2.7909862E-04  2.351606952017690E-03  2.7949390E-04  5.544754752768407E-04  2.7949818E-04 -2.171460101142929E-04  2.7944144E-04  4.900833487433888E-04  2.7956415E-04 -2.693665082193568E-05  2.7942681E-04  4.451112954123971E-04  2.7958459E-04 -6.205114084170347E-04  2.7949187E-04  4.026072401101185E-04  2.7952002E-04  7.305980295783678E-06          0
 240.0  3.056361375176716E-02  2.7946983E-04  6.433217459403213E-04  2.7911409E-04  2.241077815210029E-03  2.7947949E-04  5.386653525435551E-04  2.7951372E-04 -2.325495778411244E-04  2.7943356E-04  3.898239923664092E-04  2.7957228E-04 -1.331399379031910E-04  2.7949769E-04  1.802152438900414E-04  2.7951318E-04 -7.101145198313519E-04  2.7950122E-04  4.049289672222791E-04  2.7951092E-04  7.241260377213104E-06          0
 245.0  2.702428603894485E-02  2.7951089E-04  6.663599276668028E-04  2.7913322E-04  2.106368396761961E-03  2.7947167E-04  5.355906793631845E-04  2.7952251E-04 -2.215384567624349E-04  2.7942431E-04  3.913626416275748E-04  2.7958203E-04 -1.920506809643025E-04  2.7952605E-04 -8.886384132598122E-05  2.7948396E-04 -8.592075881253782E-04  2.7946514E-04  4.289730882479638E-04  2.7954736E-04  7.177323163814898E-06          0
 250.0  2.381349732683475E-02  2.7954117E-04  6.601634328339842E-04  2.7915190E-04  1.975907676269679E-03  2.7946504E-04  4.805116808711691E-04  2.7952962E-04 -1.667986067393817E-04  2.7942062E-04  4.187953891801730E-04  2.7958620E-04 -2.413836535906937E-04  2.7952710E-04 -2.297898518339521E-04  2.7948214E-04 -9.176883176677823E-04  2.7947355E-04  3.602060197677647E-04  2.7953887E-04  7.114911773903437E-06          0
 255.0  2.090258211946390E-02  2.7956947E-04  6.628776930324763E-04  2.7916250E-04  1.898255134043838E-03  2.7944547E-04  4.865189186647633E-04  2.7954970E-04 -1.074198995908310E-04  2.7943622E-04  4.426214172190579E-04  2.7957075E-04 -3.833151653645222E-04  2.7953382E-04 -4.025537547892358E-04  2.7947455E-04 -6.222490656887651E-04  2.7950176E-04  1.417083574225096E-04  2.7951111E-04  7.054191768294346E-06          0
 260.0  1.832733704655928E-02  2.7959311E-04  6.642720365034717E-04  2.7916906E-04  1.850409604289046E-03  2.7945203E-04  4.553050893752098E-04  2.7954326E-04 -1.827800794717724E-05  2.7941604E-04  5.703400573816847E-04  2.7959092E-04 -3.360521360207368E-04  2.7955564E-04 -4.030663823320747E-04  2.7945209E-04 -6.237931292637331E-04  2.7954788E-04 -1.706537610693686E-04  2.7946504E-04  6.994498372829527E-06          0
 265.0  1.603025843685181E-02  2.7959713E-04  6.652706532864405E-04  2.7918920E-04  1.706315058358293E-03  2.7947239E-04  4.170726443479698E-04  2.7952331E-04  9.361374957515459E-05  2.7941299E-04  6.837582412952362E-04  2.7959351E-04 -1.932588411716988E-04  2.7953244E-04 -2.811628452924148E-04  2.7947542E-04 -6.023116544545846E-04  2.7950415E-04 -2.579519762063918E-04  2.7950830E-04  6.936530075820004E-06          0
 270.0  1.400521311544926E-02  2.7960210E-04  6.369607223919593E-04  2.7920329E-04  1.606050850863957E-03  2.7945019E-04  4.322532419708331E-04  2.7954567E-04  2.662486535315080E-04  2.7938890E-04  6.913976861764955E-04  2.7961731E-04 -3.542255399616784E-04  2.7949971E-04 -2.619141792144407E-04  2.7950837E-04 -4.834803286391987E-04  2.7949408E-04 -1.365718500838470E-04  2.7951737E-04  6.880118520233179E-06          0
 275.0  1.216631913827904E-02  2.7961100E-04  6.406143687397905E-04  2.7920967E-04  1.562321497980581E-03  2.7942859E-04  3.416192432208102E-04  2.7956756E-04  3.612270619144576E-04  2.7939284E-04  6.358207637726774E-04  2.7961284E-04 -5.105484715707393E-04  2.7947380E-04 -2.898149155866568E-04  2.7953446E-04 -4.591928458162040E-04  2.7949071E-04 -1.361033019031631E-04  2.7951999E-04  6.825060716320388E-06          0
 280.0  1.056819890347770E-02  2.7961432E-04  6.258849884734875E-04  2.7921813E-04  1.504157810943865E-03  2.7943235E-04  3.442863002996713E-04  2.7956360E-04  4.787039096427832E-04  2.7940171E-04  6.563537139530531E-04  2.7960372E-04 -4.842105916070171E-04  2.7944530E-04 -3.310113886877041E-04  2.7956354E-04 -4.686428866779134E-04  2.7951045E-04 -2.176983521146213E-04  2.7950031E-04  6.771570180603322E-06          0
 285.0  9.158486527541386E-03  2.7960420E-04  5.972802347224930E-04  2.7923812E-04  1.367047773201924E-03  2.7942123E-04  3.812211837212879E-04  2.7957413E-04  5.209405002874542E-04  2.7942001E-04  5.481699570212959E-04  2.7958535E-04 -5.625087274408096E-04  2.7943600E-04 -4.507841475261113E-04  2.7957308E-04 -2.911968745413065E-04  2.7952894E-04 -1.698760586603732E-04  2.7948176E-04  6.719566783538183E-06          0
 290.0  7.900437440292995E-03  2.7959212E-04  5.500982499112681E-04  2.7925811E-04  1.230769236246996E-03  2.7940535E-04  4.162375393920297E-04  2.7958943E-04  5.070960568546380E-04  2.7943689E-04  5.035317844338628E-04  2.7956824E-04 -6.745253806676092E-04  2.7944193E-04 -3.540213777641932E-04  2.7956755E-04 -3.978050829895257E-04  2.7951364E-04 -2.188195921734255E-04  2.7949732E-04  6.669122145290454E-06          0
 295.0  6.820423223702778E-03  2.7956813E-04  5.005014438603190E-04  2.7928869E-04  1.021822826643282E-03  2.7937920E-04  3.805423431404151E-04  2.7961547E-04  3.985459551062301E-04  2.7944181E-04  4.146031809988431E-04  2.7956340E-04 -8.606043712521333E-04  2.7945463E-04 -3.008485663778126E-04  2.7955545E-04 -5.625332464515191E-04  2.7958157E-04 -1.703203621073394E-04  2.7942998E-04  6.620116487936364E-06          0
 300.0  5.852778558559099E-03  2.7954044E-04  4.308154882870539E-04  2.7932215E-04  7.929934418627057E-04  2.7937035E-04  2.855612777936748E-04  2.7962416E-04  2.713977267654796E-04  2.7943773E-04  2.916711107478283E-04  2.7956790E-04 -9.235111321900342E-04  2.7946021E-04 -2.473284832817064E-04  2.7955014E-04 -6.001814119814470E-04  2.7959110E-04 -1.228308298152661E-04  2.7942102E-04  6.572123753745176E-06          0
 305.0  5.035157940548662E-03  2.7952375E-04  3.595256140356089E-04  2.7934385E-04  6.484559911156884E-04  2.7936227E-04  2.769619073989379E-04  2.7963195E-04  2.576424676309357E-04  2.7942880E-04  1.536678114993045E-04  2.7957762E-04 -9.815204266229866E-04  2.7941537E-04 -1.344830451207552E-04  2.7959512E-04 -5.828983772412441E-04  2.7961017E-04 -6.635283448887744E-05  2.7940256E-04  6.525603300104600E-06          0
 310.0  4.326460581063060E-03  2.7951297E-04  2.931407285663148E-04  2.7935876E-04  5.518120201099461E-04  2.7935538E-04  3.225079154609176E-04  2.7963876E-04  2.819592709975609E-04  2.7944880E-04 -4.513584865058903E-05  2.7955805E-04 -1.030420274447273E-03  2.7939883E-04 -2.014405322740207E-04  2.7961187E-04 -5.908164791743865E-04  2.7961977E-04 -2.423838950268322E-04  2.7939308E-04  6.480029830476114E-06          0
 315.0  3.770714026020429E-03  2.7949537E-04  2.117382323373271E-04  2.7938001E-04  4.123522088471303E-04  2.7934911E-04  3.100031175380624E-04  2.7964526E-04  3.831134445049245E-04  2.7947715E-04 -3.314210887146660E-04  2.7952973E-04 -1.075037737749107E-03  2.7937640E-04 -2.614157174823736E-04  2.7963424E-04 -7.343847918317430E-04  2.7958082E-04 -5.056832255800810E-04  2.7943172E-04  6.435305805136461E-06          0
 320.0  3.259263356678578E-03  2.7949002E-04  9.163918039890645E-05  2.7938907E-04  3.600761688763312E-04  2.7936979E-04  2.412226417002118E-04  2.7962489E-04  4.166462980818604E-04  2.7952658E-04 -5.363360078543622E-04  2.7948036E-04 -9.269888836490221E-04  2.7936764E-04 -1.715020091859571E-04  2.7964292E-04 -8.940497969035187E-04  2.7952714E-04 -6.911399785250745E-04  2.7948446E-04  6.391346590718823E-06          0
 325.0  2.879509239728567E-03  2.7947868E-04  2.792561426666134E-05  2.7940402E-04  2.665075001498074E-04  2.7938455E-04  2.509344672155281E-04  2.7961060E-04  4.962908871000874E-04  2.7953659E-04 -6.020535898251688E-04  2.7947051E-04 -8.217925972700600E-04  2.7938909E-04 -3.464154650883035E-05  2.7962201E-04 -8.772549386917015E-04  2.7951886E-04 -9.681299019437869E-04  2.7949234E-04  6.348329639927060E-06          0
 330.0  2.577453333932344E-03  2.7947243E-04 -4.923987246347665E-05  2.7941287E-04  2.141960254293257E-04  2.7940961E-04  2.416557288650544E-04  2.7958652E-04  4.963589434384482E-04  2.7957590E-04 -6.369670017708452E-04  2.7943111E-04 -6.435606210172637E-04  2.7945813E-04  1.809481242266272E-04  2.7955334E-04 -7.046885273385403E-04  2.7953512E-04 -1.228578876236563E-03  2.7947608E-04  6.306216794581644E-06          0
 335.0  2.329364581645311E-03  2.7947291E-04 -1.833866315751242E-04  2.7941509E-04  2.111906268829412E-04  2.7945224E-04  1.790778307762566E-04  2.7954455E-04  4.922141533438202E-04  2.7962538E-04 -6.418064985905237E-04  2.7938178E-04 -3.385136120830589E-04  2.7950103E-04  1.653216479278668E-04  2.7951054E-04 -5.717751862656831E-04  2.7953401E-04 -1.498177115961805E-03  2.7947728E-04  6.265000697522779E-06          0
 340.0  2.108631551436327E-03  2.7947085E-04 -3.408038764818361E-04  2.7942002E-04  1.878320808231860E-04  2.7948966E-04  1.976861744406200E-04  2.7950791E-04  4.436855968265018E-04  2.7962316E-04 -5.916046915162216E-04  2.7938397E-04 -7.106378232816985E-05  2.7950247E-04  1.648507423347717E-04  2.7950861E-04 -5.128688067784036E-04  2.7951529E-04 -1.527554296562142E-03  2.7949649E-04  6.224042574534466E-06          0
 345.0  1.973596668910933E-03  2.7946009E-04 -4.832960315660255E-04  2.7943363E-04  1.030965525612840E-04  2.7950585E-04  2.453241432399033E-04  2.7949264E-04  3.553461775183129E-04  2.7964089E-04 -4.418415738719646E-04  2.7936640E-04  4.338950932418406E-05  2.7950586E-04  1.491731917707763E-04  2.7950496E-04 -5.310930709581695E-04  2.7950171E-04 -1.344258591471376E-03  2.7951089E-04  6.183560658158687E-06          0
 350.0  1.835622660905159E-03  2.7945215E-04 -6.271255749413997E-04  2.7944417E-04  3.952989956423834E-05  2.7950566E-04  3.255885571687351E-04  2.7949369E-04  3.098959138748610E-04  2.7965256E-04 -3.267700727104481E-04  2.7935462E-04  3.940699253214916E-05  2.7946672E-04  8.710248665378610E-05  2.7954406E-04 -4.450179204998388E-04  2.7952667E-04 -1.247139300128773E-03  2.7948683E-04  6.144052457290030E-06          0
 355.0  1.764434806512366E-03  2.7944595E-04 -7.422014746634625E-04  2.7945277E-04 -9.630550947688277E-06  2.7948178E-04  4.352253524852683E-04  2.7951781E-04  2.801225915113433E-04  2.7962238E-04 -9.072080077440154E-05  2.7938492E-04 -1.316256516775632E-04  2.7948069E-04  1.601634532490170E-04  2.7952991E-04 -3.419430047703929E-04  2.7952944E-04 -1.140808795059998E-03  2.7948437E-04  6.104837738058793E-06          0
 360.0  1.725114316677073E-03  2.7943857E-04 -8.431009667093035E-04  2.7946199E-04 -6.499436361830943E-05  2.7946775E-04  4.971982981347464E-04  2.7953164E-04  3.526486766447809E-04  2.7958070E-04  1.251264033997891E-04  2.7942671E-04 -2.305831730392981E-04  2.7951179E-04  1.120578417860874E-04  2.7949834E-04 -1.794197159345168E-04  2.7950341E-04 -9.702484316697364E-04  2.7951054E-04  6.066515643695475E-06          0
 365.0  1.706580578268975E-03  2.7943096E-04 -9.435792529818351E-04  2.7947169E-04 -1.256526857734456E-04  2.7944228E-04  6.243478189955272E-04  2.7955715E-04  3.135626745245012E-04  2.7954114E-04  3.764252155669166E-04  2.7946616E-04 -4.120256230374022E-04  2.7953016E-04  1.136160744304346E-04  2.7947993E-04  9.490024478021924E-05  2.7949505E-04 -8.230765149775040E-04  2.7951902E-04  6.028700024295187E-06          0
 370.0  1.728636240543792E-03  2.7942704E-04 -1.032191276099961E-03  2.7947739E-04 -1.608069829674671E-04  2.7940614E-04  6.864421004409448E-04  2.7959350E-04  3.084415196432254E-04  2.7951131E-04  6.829052122205564E-04  2.7949568E-04 -6.726246132097977E-04  2.7953219E-04 -3.363252507745494E-05  2.7947822E-04  2.710957764345128E-04  2.7948855E-04 -7.332245070020204E-04  2.7952525E-04  5.991491411531137E-06          0
 375.0  1.741235082852711E-03  2.7941811E-04 -1.086290638838106E-03  2.7948859E-04 -2.331857150791760E-04  2.7938017E-04  7.398050271714759E-04  2.7961957E-04  3.115281083718839E-04  2.7948859E-04  8.758507877295366E-04  2.7951810E-04 -8.598737755632836E-04  2.7952339E-04 -1.606675965042825E-04  2.7948709E-04  4.557066674730407E-04  2.7943434E-04 -4.867804092454582E-04  2.7957958E-04  5.954655064635795E-06          0
 380.0  1.757572321207811E-03  2.7942074E-04 -1.144796693120268E-03  2.7948724E-04 -2.206782774796264E-04  2.7935679E-04  7.952755121393519E-04  2.7964319E-04  2.695885288248608E-04  2.7947715E-04  8.740884785326708E-04  2.7952957E-04 -1.030217257589451E-03  2.7950773E-04 -4.987249099284254E-04  2.7950320E-04  6.937342162863550E-04  2.7936300E-04 -2.338484149988393E-04  2.7965082E-04  5.918489133922256E-06          0
 385.0  1.808912660123831E-03  2.7942545E-04 -1.178833929758317E-03  2.7948387E-04 -1.935882028340123E-04  2.7934115E-04  8.619326260814675E-04  2.7965881E-04  3.818109478782734E-04  2.7949104E-04  8.534414128472776E-04  2.7951603E-04 -1.143572147530413E-03  2.7949394E-04 -8.013905165407951E-04  2.7951686E-04  1.045581532879971E-03  2.7935592E-04 -1.314259039006814E-04  2.7965793E-04  5.882568442310033E-06          0
 390.0  1.865069946175796E-03  2.7941783E-04 -1.225316016086001E-03  2.7949289E-04 -2.541518026498962E-04  2.7931567E-04  9.294516394979373E-04  2.7968407E-04  5.325756309665687E-04  2.7949554E-04  6.857150828012175E-04  2.7951167E-04 -1.327262596586447E-03  2.7949021E-04 -1.084958883115360E-03  2.7951981E-04  1.202511726417468E-03  2.7938908E-04  2.620939496578665E-05  2.7962475E-04  5.847087965052179E-06          0
 395.0  1.884926122363270E-03  2.7941533E-04 -1.274577708294932E-03  2.7949672E-04 -2.784072823032146E-04  2.7931953E-04  1.020652340930642E-03  2.7967981E-04  6.064263676442851E-04  2.7950461E-04  6.335088165081641E-04  2.7950200E-04 -1.300637517503593E-03  2.7948047E-04 -1.246899155113015E-03  2.7952948E-04  1.217742474372317E-03  2.7939699E-04  2.036942164651647E-04  2.7961673E-04  5.812476700976863E-06          0
 400.0  1.945372181745741E-03  2.7940697E-04 -1.340383352953054E-03  2.7950675E-04 -3.461213674217726E-04  2.7932070E-04  1.099349285669876E-03  2.7967829E-04  7.103079782664196E-04  2.7952460E-04  4.509442581851450E-04  2.7948171E-04 -1.293322532487612E-03  2.7946965E-04 -1.314492085960124E-03  2.7954043E-04  9.924877554086686E-04  2.7944105E-04  1.965342817465166E-04  2.7957290E-04  5.778077843154436E-06          0
 405.0  1.988445211213220E-03  2.7941908E-04 -1.364282248766327E-03  2.7949597E-04 -2.677928141893530E-04  2.7932049E-04  1.104958824467922E-03  2.7967808E-04  7.507700569168096E-04  2.7953291E-04  2.282777502735895E-04  2.7947325E-04 -1.296661818240192E-03  2.7944808E-04 -1.293619586816924E-03  2.7956201E-04  5.563370300594494E-04  2.7946422E-04  5.756318333933409E-05  2.7954998E-04  5.743858234498741E-06          0
 410.0  2.033971801477798E-03  2.7942254E-04 -1.370774008304607E-03  2.7949399E-04 -2.516889636764486E-04  2.7933437E-04  1.112325167592737E-03  2.7966376E-04  7.220204657333560E-04  2.7954568E-04  8.044909678216484E-05  2.7946028E-04 -1.198618915733333E-03  2.7947806E-04 -1.060381665912208E-03  2.7953288E-04  2.600867583271612E-04  2.7941080E-04 -3.908173135174295E-05  2.7960335E-04  5.710229891951882E-06          0
 415.0  2.088673522157039E-03  2.7941738E-04 -1.431304827022284E-03  2.7950046E-04 -2.974817672781052E-04  2.7934760E-04  1.148282252588695E-03  2.7964995E-04  6.962865351978220E-04  2.7956487E-04  4.937731050350835E-05  2.7944078E-04 -1.104319043218101E-03  2.7950735E-04 -8.778603367692018E-04  2.7950452E-04 -1.643681063765942E-04  2.7940878E-04 -2.394485318845807E-04  2.7960517E-04  5.676970274885793E-06          0
 420.0  2.138880604346013E-03  2.7941100E-04 -1.516383416866011E-03  2.7950779E-04 -3.490543611290080E-04  2.7938688E-04  1.133020540547151E-03  2.7960952E-04  5.782199573929472E-04  2.7953414E-04  3.548918045926254E-05  2.7947125E-04 -8.203930109990057E-04  2.7951743E-04 -6.019482458991183E-04  2.7949530E-04 -5.877153217319929E-04  2.7944818E-04 -2.174099258122831E-04  2.7956513E-04  5.644188432180376E-06          0
 425.0  2.165926846043501E-03  2.7940615E-04 -1.558788910876302E-03  2.7951348E-04 -3.892208853431717E-04  2.7942668E-04  1.141307983575330E-03  2.7956837E-04  4.822826129050212E-04  2.7951799E-04  3.085279764615729E-05  2.7948764E-04 -5.317787864715421E-04  2.7948018E-04 -4.114249662699258E-04  2.7953317E-04 -7.238723217369466E-04  2.7949456E-04 -2.000594299846793E-04  2.7951791E-04  5.611651791770449E-06          0
 430.0  2.202633213820564E-03  2.7940596E-04 -1.607515933023327E-03  2.7951440E-04 -3.959163210500741E-04  2.7945813E-04  1.161913952792472E-03  2.7953554E-04  4.903096707101497E-04  2.7952878E-04 -6.079015711983027E-05  2.7947736E-04 -3.015927829168501E-04  2.7948775E-04 -2.577669478587896E-04  2.7952562E-04 -8.031509052144599E-04  2.7947715E-04 -2.479014961121337E-04  2.7953465E-04  5.579469199270332E-06          0
 435.0  2.238726309094090E-03  2.7939227E-04 -1.617355594898117E-03  2.7952821E-04 -4.981574744286450E-04  2.7950416E-04  1.161111290023674E-03  2.7948825E-04  2.892960217651751E-04  2.7950598E-04 -2.572196023243719E-05  2.7950067E-04  3.372802057538779E-05  2.7951338E-04 -2.113672301829881E-04  2.7950019E-04 -8.001891346880979E-04  2.7944453E-04 -2.887843578572726E-04  2.7956731E-04  5.547814774098999E-06          0
 440.0  2.293618279688838E-03  2.7937849E-04 -1.600754055867750E-03  2.7954199E-04 -6.009678589044755E-04  2.7955005E-04  1.056356960199402E-03  2.7944136E-04  1.908208817911307E-04  2.7948997E-04  9.050954124835702E-06  2.7951724E-04  3.675901204987911E-04  2.7950080E-04 -2.864344163090596E-04  2.7951286E-04 -9.059950891952478E-04  2.7939603E-04 -3.314971941911132E-04  2.7961551E-04  5.516218897581459E-06          0
 445.0  2.329310389908376E-03  2.7937602E-04 -1.584845491050566E-03  2.7954439E-04 -6.229620279774469E-04  2.7958826E-04  9.746703013342613E-04  2.7940183E-04  7.508044018689833E-05  2.7948068E-04 -7.063028054080946E-05  2.7952708E-04  6.494278737348712E-04  2.7946595E-04 -5.207988229973562E-04  2.7954740E-04 -1.155569734462488E-03  2.7939275E-04 -3.538894553207294E-04  2.7961834E-04  5.485499464167126E-06          0
 450.0  2.332239679322005E-03  2.7937183E-04 -1.551490711032362E-03  2.7954817E-04 -6.548699159832857E-04  2.7962336E-04  9.450264605273757E-04  2.7936536E-04 -2.421753393198198E-05  2.7948064E-04 -1.163788560314633E-04  2.7952767E-04  9.095242043788734E-04  2.7943914E-04 -5.309516466337301E-04  2.7957341E-04 -1.154370926271368E-03  2.7943627E-04 -3.196584849109025E-04  2.7957538E-04  5.454800551729948E-06          0
 455.0  2.363315200333710E-03  2.7937517E-04 -1.513850245004171E-03  2.7954443E-04 -6.331188990104969E-04  2.7963332E-04  8.870312332632885E-04  2.7935405E-04 -2.157235422560290E-04  2.7950030E-04 -6.898041090641985E-06  2.7950848E-04  9.918384612870562E-04  2.7940165E-04 -6.806340372209242E-04  2.7961010E-04 -1.296279988892234E-03  2.7947825E-04 -1.815822332614004E-04  2.7953395E-04  5.424222620713276E-06          0
 460.0  2.378522059638265E-03  2.7936619E-04 -1.462600969283403E-03  2.7955317E-04 -7.006714512068789E-04  2.7964647E-04  8.226192382855742E-04  2.7933981E-04 -3.285558050678951E-04  2.7950829E-04  9.153266133114294E-05  2.7950105E-04  1.096731476180749E-03  2.7939791E-04 -7.873417946452329E-04  2.7961309E-04 -1.263264411750187E-03  2.7949714E-04 -7.061136988558962E-05  2.7951545E-04  5.394238755781055E-06          0
 465.0  2.365878095446696E-03  2.7937750E-04 -1.380368368698386E-03  2.7954139E-04 -6.217527173894576E-04  2.7965270E-04  7.904612045230700E-04  2.7933292E-04 -3.215810142257809E-04  2.7952870E-04  6.460435794812780E-05  2.7948059E-04  1.147921557706433E-03  2.7942546E-04 -5.873386063739523E-04  2.7958541E-04 -1.171264793638684E-03  2.7947610E-04  1.191463884953887E-04  2.7953659E-04  5.364631974111369E-06          0
 470.0  2.336488360218039E-03  2.7939088E-04 -1.280574925309433E-03  2.7952777E-04 -5.295565978609316E-04  2.7964223E-04  7.678802849957942E-04  2.7934322E-04 -2.299524801427345E-04  2.7952464E-04  5.908619864474572E-05  2.7948433E-04  1.078180722977140E-03  2.7945190E-04 -4.356107877624394E-04  2.7955841E-04 -1.012119756399246E-03  2.7949922E-04  2.445354686254646E-04  2.7951376E-04  5.335372323475076E-06          0
 475.0  2.347515145789510E-03  2.7940677E-04 -1.195618143744837E-03  2.7951160E-04 -4.213493605490390E-04  2.7963929E-04  7.589951354758432E-04  2.7934648E-04 -8.075821627859126E-05  2.7952520E-04 -8.053462215618838E-05  2.7948337E-04  1.059634785565120E-03  2.7947875E-04 -2.790856785076736E-04  2.7953163E-04 -8.074570241888952E-04  2.7948349E-04  3.700073683543815E-04  2.7952965E-04  5.306154796355918E-06          0
 480.0  2.358034208964721E-03  2.7942751E-04 -1.132312974015273E-03  2.7949065E-04 -2.785314138512674E-04  2.7962687E-04  7.206358984296376E-04  2.7935988E-04  7.297774348318542E-05  2.7954921E-04 -9.273250892195602E-05  2.7945860E-04  9.688804866298875E-04  2.7948041E-04 -1.131071035482549E-04  2.7952994E-04 -6.392354343880231E-04  2.7946107E-04  4.151691117742360E-04  2.7955230E-04  5.277341086362282E-06          0
 485.0  2.332407568871472E-03  2.7944274E-04 -1.054790501287268E-03  2.7947575E-04 -1.777804342402451E-04  2.7962366E-04  6.836288619490164E-04  2.7936389E-04  2.164937867837651E-04  2.7957988E-04 -1.588807489615437E-04  2.7942726E-04  9.440619192534968E-04  2.7948821E-04  5.584878975112832E-05  2.7952214E-04 -6.888716120696851E-04  2.7946530E-04  5.367328041324816E-04  2.7954804E-04  5.248696560908110E-06          0
 490.0  2.323034832145243E-03  2.7944819E-04 -9.569883258751827E-04  2.7947085E-04 -1.464905998742717E-04  2.7962686E-04  6.408253522253982E-04  2.7936136E-04  4.377171022225047E-04  2.7957721E-04 -3.894389151836708E-04  2.7942947E-04  9.659456188354451E-04  2.7950875E-04  1.275708193112954E-04  2.7950191E-04 -4.920269686250213E-04  2.7947047E-04  5.120043042358577E-04  2.7954299E-04  5.220440907031713E-06          0
 495.0  2.323384081835671E-03  2.7945644E-04 -8.876119090180522E-04  2.7946343E-04 -9.513974603754971E-05  2.7962461E-04  6.302437357936068E-04  2.7936446E-04  6.344886040548851E-04  2.7957050E-04 -6.349477992615084E-04  2.7943604E-04  9.474433497116399E-04  2.7947845E-04  2.604993035325729E-04  2.7953230E-04 -2.571044418426858E-04  2.7947733E-04  4.288289547641319E-04  2.7953597E-04  5.192344206811856E-06          0
 500.0  2.323568273672408E-03  2.7946581E-04 -8.217348498513218E-04  2.7945470E-04 -3.356119911441510E-05  2.7959966E-04  6.564008854694070E-04  2.7939074E-04  6.907920675655610E-04  2.7954392E-04 -7.728665759523019E-04  2.7946267E-04  7.637844396987336E-04  2.7952765E-04  3.644138852498065E-04  2.7948332E-04  3.443150051104968E-05  2.7949406E-04  4.957233775552137E-04  2.7951918E-04  5.164424210041563E-06          0
 505.0  2.349752368994312E-03  2.7948164E-04 -7.385747014060106E-04  2.7943959E-04  7.266569325869506E-05  2.7958863E-04  6.887065165428036E-04  2.7940298E-04  6.752480378155264E-04  2.7950110E-04 -9.300451757152879E-04  2.7950566E-04  6.795407572322760E-04  2.7955291E-04  5.197084225570350E-04  2.7945785E-04  4.739799890423614E-04  2.7951587E-04  5.233552255081255E-04  2.7949713E-04  5.136831546553605E-06          0
 510.0  2.389207877995090E-03  2.7949403E-04 -6.913869402564667E-04  2.7942782E-04  1.535355052361332E-04  2.7958926E-04  6.737899249132513E-04  2.7940364E-04  7.407152778875583E-04  2.7951239E-04 -9.952479434951174E-04  2.7949445E-04  6.775733251163736E-04  2.7950827E-04  5.448978615128916E-04  2.7950311E-04  7.150694868954271E-04  2.7952573E-04  4.724751637296703E-04  2.7948763E-04  5.109531751269238E-06          0
 515.0  2.457376872182916E-03  2.7951833E-04 -6.284173471103715E-04  2.7940437E-04  3.201835957342292E-04  2.7957215E-04  6.132763945246350E-04  2.7942172E-04  8.312710851750202E-04  2.7951829E-04 -8.338199492662225E-04  2.7948894E-04  5.499963568166886E-04  2.7950936E-04  3.878073869538600E-04  2.7950239E-04  8.983553417873848E-04  2.7953972E-04  3.193494367491476E-04  2.7947391E-04  5.082498307953043E-06          0
 520.0  2.502962859719674E-03  2.7953755E-04 -5.519937563213203E-04  2.7938606E-04  4.507591790054186E-04  2.7954774E-04  6.648429796112948E-04  2.7944684E-04  8.643541304218381E-04  2.7953292E-04 -5.728877833745822E-04  2.7947452E-04  3.710206112622632E-04  2.7955350E-04  2.708790817085646E-04  2.7945838E-04  8.136248386394511E-04  2.7957880E-04  4.193275138556343E-04  2.7943500E-04  5.055590942690979E-06          0
 525.0  2.586798461162402E-03  2.7956177E-04 -4.884044148657850E-04  2.7936266E-04  6.190886541850606E-04  2.7954165E-04  6.420782653442046E-04  2.7945353E-04  7.853303696427849E-04  2.7954958E-04 -3.004802722543217E-04  2.7945813E-04  3.239536328270049E-04  2.7955549E-04  2.097007759976416E-04  2.7945635E-04  6.568078646877559E-04  2.7955809E-04  5.484708190262356E-04  2.7945585E-04  5.029211210012941E-06          0
 530.0  2.622080904706316E-03  2.7959178E-04 -4.230687176780092E-04  2.7933349E-04  8.278635185249416E-04  2.7950640E-04  6.418013626967495E-04  2.7948902E-04  7.516335472200934E-04  2.7956283E-04 -1.046149612638336E-04  2.7944478E-04  6.934819294465599E-05  2.7956290E-04  6.650704277388298E-05  2.7944940E-04  4.683804919925745E-04  2.7952192E-04  6.213162143234316E-04  2.7949161E-04  5.002965987451198E-06          0
 535.0  2.710832677087156E-03  2.7962281E-04 -3.741983484693755E-04  2.7930323E-04  1.045684269045195E-03  2.7947915E-04  5.940461388605293E-04  2.7951650E-04  7.177921066635526E-04  2.7956687E-04  6.819038006163346E-05  2.7944030E-04 -1.278608248434745E-04  2.7958541E-04 -6.100956095328712E-05  2.7942694E-04  6.009693760113562E-04  2.7947732E-04  7.607668774196450E-04  2.7953530E-04  4.977052554883498E-06          0
 540.0  2.791004352929112E-03  2.7963978E-04 -2.952389878616615E-04  2.7928644E-04  1.165896654232214E-03  2.7945204E-04  5.159863735766596E-04  2.7954391E-04  6.412566468830886E-04  2.7952455E-04  2.301245267911105E-04  2.7948172E-04 -3.241709621330288E-04  2.7957121E-04 -1.350383713314053E-04  2.7944091E-04  8.134191462093469E-04  2.7945599E-04  7.220366714651906E-04  2.7955632E-04  4.951187167109389E-06          0
 545.0  2.873061373950151E-03  2.7965173E-04 -2.464891400169647E-04  2.7927508E-04  1.249808531532844E-03  2.7943970E-04  4.852900100653555E-04  2.7955706E-04  5.103399925048799E-04  2.7949637E-04  2.642505479764765E-04  2.7950879E-04 -4.165751605766110E-04  2.7954976E-04 -2.533104759288224E-04  2.7946209E-04  9.055939721446320E-04  2.7948145E-04  7.677813485893589E-04  2.7953101E-04  4.925636362125846E-06          0
 550.0  2.906889925554245E-03  2.7966630E-04 -2.046433769050146E-04  2.7926110E-04  1.352075799842655E-03  2.7942443E-04  4.706429554846272E-04  2.7957254E-04  4.016811279086530E-04  2.7946791E-04  3.291871410325508E-04  2.7953627E-04 -5.282418388176234E-04  2.7948662E-04 -2.986620553034753E-04  2.7952487E-04  9.022950343737607E-04  2.7949999E-04  8.775571154961755E-04  2.7951280E-04  4.900265603818746E-06          0
 555.0  2.963760241809014E-03  2.7966609E-04 -1.620154634180489E-04  2.7926205E-04  1.349502854624082E-03  2.7939967E-04  4.228008173326716E-04  2.7959765E-04  3.052849151372287E-04  2.7944770E-04  3.501451594562710E-04  2.7955597E-04 -7.087303080470920E-04  2.7945214E-04 -3.200666001732691E-04  2.7955877E-04  9.709638384165686E-04  2.7952425E-04  8.589446834856632E-04  2.7948899E-04  4.875148882527791E-06          0
 560.0  3.019835871162052E-03  2.7967513E-04 -1.411964720784451E-04  2.7925325E-04  1.415430378386123E-03  2.7935613E-04  3.457251936525117E-04  2.7964120E-04  1.418754714659480E-04  2.7948124E-04  4.157967056348846E-04  2.7952237E-04 -1.022175426310003E-03  2.7944532E-04 -3.358271943643257E-04  2.7956534E-04  1.081095073123549E-03  2.7957269E-04  5.884192028564628E-04  2.7944104E-04  4.850319805711994E-06          0
 565.0  3.038012656239503E-03  2.7967083E-04 -1.557102715183972E-04  2.7925819E-04  1.384007574113280E-03  2.7933200E-04  2.504741501699598E-04  2.7966558E-04 -1.152601903269463E-05  2.7950260E-04  4.335097071811415E-04  2.7950113E-04 -1.198726301546525E-03  2.7949215E-04 -2.903222899314642E-04  2.7951844E-04  1.022156591743932E-03  2.7952008E-04  3.651853956395274E-04  2.7949405E-04  4.825628285172847E-06          0
 570.0  3.066835661487263E-03  2.7965930E-04 -1.801051211909309E-04  2.7927060E-04  1.300409853696181E-03  2.7933459E-04  2.290239012337937E-04  2.7966363E-04 -1.041406348127230E-04  2.7949698E-04  4.519736727417960E-04  2.7950721E-04 -1.186407624563648E-03  2.7955457E-04 -2.700432233731943E-04  2.7945605E-04  9.132498521103496E-04  2.7951193E-04  2.489758827904414E-04  2.7950253E-04  4.801492558767586E-06          0
 575.0  3.065691931049452E-03  2.7965108E-04 -2.230980799191305E-04  2.7927959E-04  1.241741463993120E-03  2.7934010E-04  2.006747667546691E-04  2.7965849E-04 -9.876028828313397E-05  2.7950919E-04  4.821618094068468E-04  2.7949527E-04 -1.150861904976559E-03  2.7957321E-04 -2.052634409575886E-04  2.7943760E-04  1.050830447693128E-03  2.7953411E-04  3.975234408235679E-05  2.7948022E-04  4.777352647704695E-06          0
 580.0  3.050239256564375E-03  2.7964163E-04 -2.356904428095311E-04  2.7928950E-04  1.174506430378611E-03  2.7935972E-04  2.368887143158532E-04  2.7963901E-04  4.262630985051813E-05  2.7947635E-04  5.052048426074684E-04  2.7952859E-04 -1.013932504544522E-03  2.7957537E-04 -1.929784031982332E-04  2.7943561E-04  1.042194711118315E-03  2.7953924E-04 -3.697079919194314E-05  2.7947483E-04  4.753634760331857E-06          0
 585.0  3.033264192988514E-03  2.7962924E-04 -2.944861061719129E-04  2.7930270E-04  1.084675876822097E-03  2.7936024E-04  2.161849668439379E-04  2.7963861E-04  2.487157992862791E-04  2.7946445E-04  5.708975151366725E-04  2.7954088E-04 -1.013454398144908E-03  2.7959783E-04 -8.319221331966006E-06  2.7941285E-04  9.679364605352300E-04  2.7951756E-04 -1.656265229306749E-04  2.7949626E-04  4.730198069050318E-06          0
 590.0  2.979006964984083E-03  2.7960765E-04 -3.681134424229470E-04  2.7932539E-04  9.287881616400935E-04  2.7936670E-04  2.016052346870118E-04  2.7963262E-04  4.246443570640761E-04  2.7942568E-04  6.609304007574967E-04  2.7957998E-04 -9.706524062895652E-04  2.7957381E-04 -4.214757479959028E-05  2.7943684E-04  8.441231470585181E-04  2.7948630E-04 -1.795895210691386E-04  2.7952729E-04  4.706828315042402E-06          0
 595.0  2.922946579327672E-03  2.7958932E-04 -3.853340791632706E-04  2.7934453E-04  7.970003617105003E-04  2.7938815E-04  2.154268444961552E-04  2.7961122E-04  6.023786272585866E-04  2.7940921E-04  7.608126697051492E-04  2.7959625E-04 -8.184570416802425E-04  2.7956063E-04 -1.178564296243619E-05  2.7945021E-04  7.215832347370814E-04  2.7950838E-04 -1.917381002783313E-05  2.7950510E-04  4.683692166335820E-06          0
 600.0  2.858489134535148E-03  2.7957302E-04 -4.296614921765416E-04  2.7936129E-04  6.809673521869833E-04  2.7943927E-04  2.464475837590627E-04  2.7956000E-04  7.876095878530167E-04  2.7939573E-04  8.350531575997756E-04  2.7960998E-04 -4.512074518822676E-04  2.7954759E-04  2.043979583077826E-05  2.7946305E-04  6.522282445111687E-04  2.7951453E-04  3.383776566075205E-04  2.7949870E-04  4.660839182839092E-06          0
 605.0  2.761674957536784E-03  2.7956576E-04 -4.671256847507873E-04  2.7936895E-04  6.301516029713597E-04  2.7948629E-04  2.648786397505885E-04  2.7951328E-04  8.818165424398146E-04  2.7938349E-04  8.377292031659896E-04  2.7962263E-04 -1.134812455250647E-04  2.7956799E-04 -3.929258333195419E-05  2.7944245E-04  6.119521610612537E-04  2.7951546E-04  4.601582485572611E-04  2.7949767E-04  4.638196730447368E-06          0
 610.0  2.623385802125792E-03  2.7955656E-04 -5.041867124660423E-04  2.7937882E-04  5.652504377986260E-04  2.7954966E-04  3.054389605351469E-04  2.7945000E-04  9.340043445457202E-04  2.7936166E-04  8.086303890190090E-04  2.7964487E-04  3.421746864899028E-04  2.7958210E-04 -7.058868977482142E-05  2.7942795E-04  4.089910180335411E-04  2.7951577E-04  4.885510780429568E-04  2.7949782E-04  4.615953815673347E-06          0
 615.0  2.507371185308023E-03  2.7954564E-04 -5.390157457694266E-04  2.7938970E-04  4.901451082968931E-04  2.7959858E-04  3.370589067487907E-04  2.7940140E-04  1.076158356777750E-03  2.7938973E-04  6.828239985366141E-04  2.7961701E-04  6.954847333374228E-04  2.7959339E-04 -1.430102846504573E-04  2.7941640E-04  2.744742282998541E-04  2.7950274E-04  5.868291128322896E-04  2.7951085E-04  4.593822155227394E-06          0
 620.0  2.405882401522670E-03  2.7954073E-04 -5.525736245608850E-04  2.7939462E-04  4.589147098908934E-04  2.7962633E-04  4.243633699240306E-04  2.7937397E-04  1.223854184319586E-03  2.7938478E-04  5.573462815213308E-04  2.7962187E-04  8.973073274769496E-04  2.7955741E-04 -7.190877442939580E-05  2.7945277E-04  2.720338143842471E-04  2.7949645E-04  5.853135185997810E-04  2.7951748E-04  4.571897930573089E-06          0
 625.0  2.267174807986971E-03  2.7953829E-04 -5.595701848860471E-04  2.7939720E-04  4.444618429627775E-04  2.7963033E-04  5.280143875703703E-04  2.7937060E-04  1.259700943213914E-03  2.7940369E-04  4.807605117782551E-04  2.7960312E-04  9.273917513705214E-04  2.7954365E-04 -6.314847488669637E-05  2.7946677E-04  3.962598562567762E-04  2.7952677E-04  5.197153240090603E-04  2.7948714E-04  4.550133779536633E-06          0
 630.0  2.118750546067407E-03  2.7954028E-04 -5.787197966932033E-04  2.7939530E-04  4.628483783149791E-04  2.7962460E-04  6.470314784516461E-04  2.7937708E-04  1.403451134010140E-03  2.7942316E-04  4.077615617624550E-04  2.7958386E-04  8.870885511000814E-04  2.7951349E-04 -9.180306913643055E-05  2.7949737E-04  4.679354780767043E-04  2.7955173E-04  4.728419047611206E-04  2.7946253E-04  4.528509554900261E-06          0
 635.0  1.967373161139025E-03  2.7954684E-04 -5.811030675717346E-04  2.7938884E-04  5.137083162977319E-04  2.7961497E-04  8.026502400655545E-04  2.7938698E-04  1.432168819897506E-03  2.7945015E-04  3.233186782577253E-04  2.7955704E-04  8.200100871748014E-04  2.7945644E-04 -6.042592713990567E-05  2.7955463E-04  4.996193416419093E-04  2.7954801E-04  4.883800358757183E-04  2.7946649E-04  4.507078385360433E-06          0
