   1.0.0 # v: lpa-xrd version
5.00e+13 # d: dislocation density [m^-2]
 1  1  0 # z: direction of 'l' (line vector) [uvw]
 1  1  0 # b: Burgers vector direction [uvw]
 2  0  0 # g: diffraction vector direction (hkl)
0.250000 # C: contrast coefficient [1]
0.404940 # a: cell parameter [nm]
    6400 # s: side of the region of interest [nm] PBC1
0.345000 # nu: Poisson's number [1]
    2048 # nd: number of dislocations in the input file
  200000 # np: number of random points
#    L                   cos1       err_cos1                   sin1       err_sin1                   cos2       err_cos2                   sin2       err_sin2                   cos3       err_cos3                   sin3       err_sin3                   cos4       err_cos4                   sin4       err_sin4                   cos5       err_cos5                   sin5       err_sin5                   eps2       nrpo
   5.0  9.952380316342164E-01  1.6668418E-05  1.319806218654615E-04  3.4730241E-05  9.845582254388954E-01  3.0649274E-05  2.768468800932835E-04  6.2031463E-05  9.694120949308624E-01  4.4998562E-05  4.218954563653387E-04  8.5941640E-05  9.507384266683105E-01  5.9353770E-05  5.992672368012287E-04  1.0718879E-04  9.292269188476612E-01  7.3467434E-05  7.934277891368969E-04  1.2622404E-04  1.767517366957729E-05          0
  10.0  9.838242097847543E-01  3.3257460E-05  2.734523705380463E-04  6.2506541E-05  9.499811173881554E-01  6.0741178E-05  5.966746441465520E-04  1.0746075E-04  9.047234990009639E-01  8.8086495E-05  9.414347160164204E-04  1.4349536E-04  8.521589739865058E-01  1.1389887E-04  1.281078576361583E-03  1.7263665E-04  7.953342422276454E-01  1.3760002E-04  1.498155578555316E-03  1.9612925E-04  1.538423195578418E-05          0
  15.0  9.675346811200347E-01  4.9457805E-05  4.540994671980417E-04  8.6792837E-05  9.035603700998173E-01  8.9452506E-05  9.290922523777145E-04  1.4379523E-04  8.230000535299197E-01  1.2687847E-04  1.364535185581130E-03  1.8522590E-04  7.352736717540272E-01  1.5974375E-04  1.679149964290895E-03  2.1504018E-04  6.465401267223722E-01  1.8759921E-04  1.835198323876944E-03  2.3604913E-04  1.402807066325346E-05          0
  20.0  9.473339289188218E-01  6.5335541E-05  6.243166620379479E-04  1.0841278E-04  8.495279202804170E-01  1.1618042E-04  1.184765617922574E-03  1.7314189E-04  7.338895445909301E-01  1.6050641E-04  1.613057751608153E-03  2.1521140E-04  6.161841584731995E-01  1.9628324E-04  1.840863077891309E-03  2.4160455E-04  5.055895785265951E-01  2.2355660E-04  1.936779849998678E-03  2.5748705E-04  1.308508474397621E-05          0
  25.0  9.239854373923280E-01  8.0754786E-05  7.848525846584375E-04  1.2777506E-04  7.909770223810215E-01  1.4055093E-04  1.368143311688526E-03  1.9678935E-04  6.436586109824897E-01  1.8878934E-04  1.827279968639144E-03  2.3633093E-04  5.041758500507160E-01  2.2395428E-04  1.950398998385003E-03  2.5757413E-04  3.834106647577504E-01  2.4751189E-04  1.862662510934414E-03  2.6829025E-04  1.235692961452109E-05          0
  30.0  8.980896006904332E-01  9.5639739E-05  9.432883774316959E-04  1.4516188E-04  7.302189272192032E-01  1.6247044E-04  1.546948317590823E-03  2.1568811E-04  5.564362673242577E-01  2.1194895E-04  1.909048161275715E-03  2.5083987E-04  4.043611139524427E-01  2.4390126E-04  1.907774642279618E-03  2.6678798E-04  2.838282521149413E-01  2.6222723E-04  1.697023246763611E-03  2.7360072E-04  1.176469033959602E-05          0
  35.0  8.701568811380429E-01  1.0988270E-04  1.088498283783338E-03  1.6081232E-04  6.689075289149843E-01  1.8201939E-04  1.630264529968137E-03  2.3062198E-04  4.750052121939547E-01  2.3035477E-04  1.913057307007947E-03  2.6057245E-04  3.190162457547240E-01  2.5755165E-04  1.794316318004892E-03  2.7198140E-04  2.062931574645231E-01  2.7058923E-04  1.663333906965167E-03  2.7629782E-04  1.126659107965182E-05          0
  40.0  8.406385563263521E-01  1.2345124E-04  1.203065304265899E-03  1.7488133E-04  6.084369431201376E-01  1.9916501E-04  1.638188410798902E-03  2.4231340E-04  4.010257265767792E-01  2.4459022E-04  1.918855406696085E-03  2.6694371E-04  2.482130135602468E-01  2.6643173E-04  1.744129771848935E-03  2.7494667E-04  1.481798307937010E-01  2.7498402E-04  1.682129565687752E-03  2.7778415E-04  1.083242746702372E-05          0
  45.0  8.098684742415648E-01  1.3638984E-04  1.307691078375663E-03  1.8749661E-04  5.499030828213012E-01  2.1399267E-04  1.637255085583890E-03  2.5135611E-04  3.353094924584598E-01  2.5524362E-04  1.917700904754122E-03  2.7109432E-04  1.910493093309520E-01  2.7192365E-04  1.669191110322530E-03  2.7670117E-04  1.059148733661520E-01  2.7717263E-04  1.584352493555674E-03  2.7863340E-04  1.045172918624596E-05          0
  50.0  7.782409996942727E-01  1.4859487E-04  1.405232094207375E-03  1.9880373E-04  4.939758198524714E-01  2.2671356E-04  1.670118497746754E-03  2.5824899E-04  2.778691551656700E-01  2.6302545E-04  1.863487760394819E-03  2.7379008E-04  1.460683165230663E-01  2.7512389E-04  1.592569300672948E-03  2.7782079E-04  7.576980814953886E-02  2.7823119E-04  1.417935496424102E-03  2.7912089E-04  1.010924349210770E-05          0
  55.0  7.459356760499410E-01  1.6015578E-04  1.500022516459249E-03  2.0891427E-04  4.411942209814880E-01  2.3746661E-04  1.658585109537264E-03  2.6345950E-04  2.286449766282015E-01  2.6850551E-04  1.797164983519007E-03  2.7557925E-04  1.112569362492209E-01  2.7693898E-04  1.615247371531387E-03  2.7854034E-04  5.451694428547589E-02  2.7877542E-04  1.153766449059238E-03  2.7936041E-04  9.803372467508062E-06          0
  60.0  7.132704064959735E-01  1.7104272E-04  1.547937938596897E-03  2.1791116E-04  3.920255400179707E-01  2.4641325E-04  1.644949343300382E-03  2.6735871E-04  1.870060242335629E-01  2.7226074E-04  1.839512335840603E-03  2.7680079E-04  8.475248321039898E-02  2.7796104E-04  1.422891439660200E-03  2.7898531E-04  3.954576692835611E-02  2.7903346E-04  6.636362164809523E-04  2.7950380E-04  9.525356554906983E-06          0
  65.0  6.804642670934397E-01  1.8124118E-04  1.602072739061560E-03  2.2590864E-04  3.465770426528839E-01  2.5377777E-04  1.635121658283316E-03  2.7025931E-04  1.522569873727724E-01  2.7475386E-04  1.848592019962527E-03  2.7766708E-04  6.478314413167126E-02  2.7852297E-04  1.143216265530351E-03  2.7926691E-04  2.878277800858755E-02  2.7913891E-04  2.390576099002222E-04  2.7961110E-04  9.269250568964568E-06          0
  70.0  6.477221431943694E-01  1.9076829E-04  1.637832430970540E-03  2.3298826E-04  3.049793288159658E-01  2.5971672E-04  1.623696962690627E-03  2.7244131E-04  1.236338155786746E-01  2.7639825E-04  1.692160405587422E-03  2.7826083E-04  4.962248548575437E-02  2.7884089E-04  6.952997422990310E-04  2.7944028E-04  2.099187554159389E-02  2.7920713E-04  2.283582124900977E-04  2.7965752E-04  9.032606924006020E-06          0
  75.0  6.151980491596887E-01  1.9964979E-04  1.607389529413084E-03  2.3923251E-04  2.672252276617060E-01  2.6443604E-04  1.596526789434363E-03  2.7409071E-04  1.001946236243771E-01  2.7745130E-04  1.499699465176777E-03  2.7869001E-04  3.808546825328871E-02  2.7902940E-04  5.451141396186781E-04  2.7954035E-04  1.539045377909452E-02  2.7928612E-04  4.940928558068794E-05  2.7964143E-04  8.813681499750591E-06          0
  80.0  5.830878882830880E-01  2.0788454E-04  1.590105584390822E-03  2.4471724E-04  2.332401191447354E-01  2.6816716E-04  1.594944392493609E-03  2.7531162E-04  8.120215319177561E-02  2.7809032E-04  1.377070308485074E-03  2.7902342E-04  2.950576213170466E-02  2.7914322E-04  3.522861035227982E-04  2.7959438E-04  1.121505275783969E-02  2.7933638E-04  6.267420298601534E-05  2.7962561E-04  8.607785821022446E-06          0
  85.0  5.514615139866689E-01  2.1550936E-04  1.591157124059251E-03  2.4952598E-04  2.028107699979528E-01  2.7106157E-04  1.562512313349238E-03  2.7624250E-04  6.587045421597555E-02  2.7849449E-04  1.198102016864217E-03  2.7925650E-04  2.294367261930472E-02  2.7921128E-04  1.460747418830033E-04  2.7962799E-04  7.914117587216350E-03  2.7936024E-04  8.927519625266173E-05  2.7962115E-04  8.415698930620431E-06          0
  90.0  5.204383469259789E-01  2.2255945E-04  1.533672018714601E-03  2.5371102E-04  1.758469492218747E-01  2.7325731E-04  1.545596078799557E-03  2.7696809E-04  5.356614552116671E-02  2.7876350E-04  1.091601312108099E-03  2.7940333E-04  1.782059467607660E-02  2.7925479E-04  9.056013993863994E-05  2.7964745E-04  5.405824455866320E-03  2.7937978E-04  1.925042406544230E-04  2.7961187E-04  8.235390850115527E-06          0
  95.0  4.901485991746833E-01  2.2903630E-04  1.523270819058578E-03  2.5734393E-04  1.520767761563437E-01  2.7489796E-04  1.611976022384383E-03  2.7754449E-04  4.378775683005743E-02  2.7894642E-04  9.137352143765278E-04  2.7949165E-04  1.374467681197884E-02  2.7928702E-04 -7.025167882004170E-05  2.7965428E-04  3.449651487966499E-03  2.7942556E-04  3.190072500383098E-04  2.7957197E-04  8.065950369848793E-06          0
 100.0  4.606579738372948E-01  2.3495690E-04  1.490271128467068E-03  2.6049703E-04  1.311721031326415E-01  2.7612218E-04  1.608707791660058E-03  2.7799784E-04  3.595873478854932E-02  2.7908500E-04  7.109546026864103E-04  2.7953220E-04  1.053886697120267E-02  2.7935583E-04 -9.171642116434042E-05  2.7960897E-04  2.061507208191761E-03  2.7944640E-04  3.581211388841331E-04  2.7955448E-04  7.905985765995178E-06          0
 105.0  4.320756402530756E-01  2.4034451E-04  1.448959259136301E-03  2.6321809E-04  1.129276882054458E-01  2.7703193E-04  1.548706555387277E-03  2.7834628E-04  2.965823516707195E-02  2.7916916E-04  5.575268920308819E-04  2.7956793E-04  8.073589306892420E-03  2.7941323E-04 -6.615361578770436E-05  2.7956540E-04  1.161970454152053E-03  2.7946846E-04  3.041962771817742E-04  2.7953480E-04  7.754130663586043E-06          0
 110.0  4.044202444168080E-01  2.4524410E-04  1.385142515265085E-03  2.6555225E-04  9.712581474378573E-02  2.7768228E-04  1.478509009233610E-03  2.7863233E-04  2.452959558513495E-02  2.7921435E-04  5.044185784212167E-04  2.7960418E-04  6.051369368114114E-03  2.7942437E-04 -8.426576548039346E-05  2.7956345E-04  5.141449430947459E-04  2.7951161E-04  2.130453762788925E-04  2.7949338E-04  7.609590410926693E-06          0
 115.0  3.777940468645936E-01  2.4966941E-04  1.353622657276179E-03  2.6754643E-04  8.351441592978849E-02  2.7815744E-04  1.458345128590339E-03  2.7885077E-04  2.037175517208542E-02  2.7924018E-04  4.729727204719427E-04  2.7963318E-04  4.511927182749273E-03  2.7945737E-04 -2.455323668666588E-04  2.7953585E-04  2.935998687312232E-05  2.7953515E-04  1.777585867114769E-04  2.7947139E-04  7.471042871943254E-06          0
 120.0  3.522036114326985E-01  2.5364657E-04  1.298421915635928E-03  2.6925286E-04  7.178468444872027E-02  2.7849663E-04  1.380267002247471E-03  2.7902554E-04  1.699087056697833E-02  2.7926518E-04  2.930220151277743E-04  2.7964537E-04  3.283391499657018E-03  2.7946028E-04 -3.379412590531913E-04  2.7953748E-04 -3.418962341744890E-04  2.7958382E-04  1.140088819045088E-05  2.7942349E-04  7.339438290681331E-06          0
 125.0  3.276407928843850E-01  2.5721367E-04  1.207793940786625E-03  2.7070855E-04  6.171971396761789E-02  2.7874367E-04  1.314409923706832E-03  2.7915811E-04  1.421685010183621E-02  2.7930863E-04  1.749296943806446E-04  2.7962786E-04  2.354630700378013E-03  2.7945761E-04 -4.116174774808125E-04  2.7954303E-04 -7.822736493732819E-04  2.7955723E-04 -1.688961247699633E-04  2.7945098E-04  7.213643797403553E-06          0
 130.0  3.041604549803593E-01  2.6039517E-04  1.137215084622395E-03  2.7194364E-04  5.313739773729953E-02  2.7889826E-04  1.287733996632714E-03  2.7928212E-04  1.179854162123378E-02  2.7935009E-04  8.041613108282118E-05  2.7960486E-04  1.481001656089941E-03  2.7945091E-04 -3.617008507700321E-04  2.7955193E-04 -1.140308755941145E-03  2.7952759E-04 -4.608267952014941E-04  2.7948123E-04  7.093343623747446E-06          0
 135.0  2.817534107548230E-01  2.6322065E-04  1.060291683483097E-03  2.7299183E-04  4.582314992824169E-02  2.7901417E-04  1.181961777232698E-03  2.7937204E-04  9.804874104230343E-03  2.7938072E-04  6.412739231179598E-05  2.7958694E-04  8.526471387910354E-04  2.7947194E-04 -2.781732692556381E-04  2.7953264E-04 -1.405138185905549E-03  2.7952017E-04 -7.684351266719758E-04  2.7948885E-04  6.977341924913468E-06          0
 140.0  2.603642042805839E-01  2.6574053E-04  9.681952929947463E-04  2.7386674E-04  3.969700423719968E-02  2.7906608E-04  1.072349443013807E-03  2.7946987E-04  8.086203924111381E-03  2.7941703E-04 -5.971546204890847E-06  2.7956002E-04  1.656255755539364E-04  2.7949911E-04 -2.249423256267899E-04  2.7950664E-04 -1.502051869538431E-03  2.7950387E-04 -1.121082839643769E-03  2.7950502E-04  6.866842721280386E-06          0
 145.0  2.400368256654470E-01  2.6795652E-04  8.713792950450052E-04  2.7460779E-04  3.449355924196417E-02  2.7910132E-04  9.570108130722674E-04  2.7954527E-04  6.612162739834747E-03  2.7942001E-04 -2.234572148843592E-05  2.7956372E-04 -3.652252812431070E-04  2.7951320E-04 -2.825110816114604E-04  2.7949293E-04 -1.490206078003272E-03  2.7948612E-04 -1.221552535098249E-03  2.7952241E-04  6.761853919882976E-06          0
 150.0  2.207897516248227E-01  2.6988990E-04  7.665103115462304E-04  2.7523711E-04  3.006461631561621E-02  2.7913643E-04  8.410667328166026E-04  2.7959290E-04  5.294835320513481E-03  2.7942716E-04  7.754999245937960E-05  2.7956186E-04 -6.992917884145041E-04  2.7953111E-04 -4.544919695811010E-04  2.7947481E-04 -1.490616160569586E-03  2.7947311E-04 -1.359745452887230E-03  2.7953523E-04  6.661145105407224E-06          0
 155.0  2.026332839192486E-01  2.7156866E-04  6.384847117493946E-04  2.7576764E-04  2.632436370581434E-02  2.7916858E-04  7.451088185221975E-04  2.7962221E-04  4.159240376693898E-03  2.7944603E-04  1.338340845671291E-04  2.7954643E-04 -9.041625632552698E-04  2.7954288E-04 -6.292042763375404E-04  2.7946338E-04 -1.548179085917112E-03  2.7946313E-04 -1.469016364792002E-03  2.7954509E-04  6.564327551937198E-06          0
 160.0  1.855133631417580E-01  2.7301959E-04  5.280350848122036E-04  2.7621751E-04  2.314725943340606E-02  2.7919318E-04  6.533261342050208E-04  2.7964354E-04  3.251774631959129E-03  2.7944538E-04  1.137669617315441E-04  2.7954972E-04 -1.055299197406624E-03  2.7953632E-04 -7.984139412588332E-04  2.7947027E-04 -1.552539244223485E-03  2.7947838E-04 -1.453225713177632E-03  2.7952993E-04  6.471616076130566E-06          0
 165.0  1.694449963896568E-01  2.7426182E-04  4.189622427292567E-04  2.7659985E-04  2.044101888208579E-02  2.7922391E-04  5.821252084051482E-04  2.7964740E-04  2.379402913110210E-03  2.7946776E-04  1.510636713668177E-04  2.7952912E-04 -1.081437991050877E-03  2.7949300E-04 -9.064634278012130E-04  2.7951389E-04 -1.562441659550125E-03  2.7952329E-04 -1.545471375526028E-03  2.7948559E-04  6.382307554395523E-06          0
 170.0  1.543983882929636E-01  2.7532100E-04  3.023999631189528E-04  2.7692399E-04  1.814531161552302E-02  2.7923251E-04  5.290285915910020E-04  2.7966443E-04  1.594578684307045E-03  2.7949798E-04 -1.062883571869937E-07  2.7950045E-04 -1.205450838464819E-03  2.7946093E-04 -8.614016597266989E-04  2.7954625E-04 -1.418245269864106E-03  2.7954239E-04 -1.549488701384481E-03  2.7946736E-04  6.296009975029950E-06          0
 175.0  1.403363972421919E-01  2.7620889E-04  1.836969717911165E-04  2.7720910E-04  1.612366258275683E-02  2.7927285E-04  4.998029117330557E-04  2.7964416E-04  9.839412468283181E-04  2.7953144E-04 -4.086523392729837E-05  2.7946825E-04 -1.063537712918891E-03  2.7943421E-04 -9.745189962079104E-04  2.7957321E-04 -1.461098514771072E-03  2.7955424E-04 -1.676341718366920E-03  2.7945596E-04  6.212943860289084E-06          0
 180.0  1.272697518000422E-01  2.7694306E-04  1.032184896748686E-04  2.7746260E-04  1.432667142064432E-02  2.7929183E-04  4.078528896374359E-04  2.7964076E-04  5.846919494207767E-04  2.7954405E-04 -7.614817944066734E-05  2.7945646E-04 -1.043042693806418E-03  2.7943559E-04 -1.031327648323572E-03  2.7957190E-04 -1.301557397267083E-03  2.7958032E-04 -1.668246710384712E-03  2.7943021E-04  6.131638303733744E-06          0
 185.0  1.151516522206892E-01  2.7753865E-04  5.274623414114039E-05  2.7769484E-04  1.267766458081420E-02  2.7930682E-04  3.469424166096565E-04  2.7963847E-04  2.352527757434842E-04  2.7958826E-04 -1.860861874388746E-04  2.7941313E-04 -1.031327385176812E-03  2.7946611E-04 -1.031714998938232E-03  2.7954210E-04 -1.131284374215503E-03  2.7954569E-04 -1.550745133630674E-03  2.7946508E-04  6.053232991394619E-06          0
 190.0  1.039301655197758E-01  2.7802817E-04 -2.834531846721542E-05  2.7789681E-04  1.124287412779790E-02  2.7932488E-04  2.798461598073207E-04  2.7963015E-04 -7.590727530813797E-05  2.7963117E-04 -4.192275220856746E-04  2.7937069E-04 -9.765575361525476E-04  2.7944175E-04 -1.184123876317459E-03  2.7956694E-04 -9.730877838493281E-04  2.7954756E-04 -1.284206038621466E-03  2.7946334E-04  5.976890824244576E-06          0
 195.0  9.357813805292735E-02  2.7842192E-04 -1.321939725761936E-04  2.7807738E-04  9.958249231309439E-03  2.7934646E-04  2.524104968395954E-04  2.7961644E-04 -3.603270212034802E-04  2.7966856E-04 -5.687649429155634E-04  2.7933394E-04 -8.808611872341600E-04  2.7944458E-04 -1.160647517517508E-03  2.7956456E-04 -8.143700527299789E-04  2.7953656E-04 -1.090123435585971E-03  2.7947432E-04  5.902654218399288E-06          0
 200.0  8.408391708988434E-02  2.7872224E-04 -2.398791447673234E-04  2.7825073E-04  8.725888533337363E-03  2.7935058E-04  2.303159192708201E-04  2.7961842E-04 -5.073142557227548E-04  2.7967075E-04 -6.591283061674492E-04  2.7933241E-04 -8.979809369305463E-04  2.7947360E-04 -1.087966728024228E-03  2.7953565E-04 -6.059331018505188E-04  2.7948093E-04 -1.041467542625191E-03  2.7952958E-04  5.830120536827199E-06          0
 205.0  7.540170512459572E-02  2.7896468E-04 -3.047250573815742E-04  2.7839714E-04  7.686594470894374E-03  2.7935718E-04  2.450704043190085E-04  2.7961599E-04 -5.801189355588906E-04  2.7969467E-04 -7.774481558468413E-04  2.7930852E-04 -8.840534402130378E-04  2.7949785E-04 -1.081800237956696E-03  2.7951158E-04 -4.107885521284455E-04  2.7943415E-04 -8.596738967795288E-04  2.7957624E-04  5.760008010993104E-06          0
 210.0  6.752250202245805E-02  2.7915231E-04 -3.532412632880238E-04  2.7852524E-04  6.775193804042311E-03  2.7934306E-04  2.303694187388420E-04  2.7963286E-04 -7.352540587508137E-04  2.7969648E-04 -9.705896902274475E-04  2.7930683E-04 -1.009587607772800E-03  2.7953849E-04 -1.067332098464296E-03  2.7947080E-04  6.920376055239639E-05  2.7941003E-04 -9.827114699324116E-04  2.7960027E-04  5.691930373245075E-06          0
 215.0  6.037418596641069E-02  2.7929828E-04 -4.040525407073222E-04  2.7863546E-04  5.990874644158247E-03  2.7932828E-04  3.270378677543891E-04  2.7964965E-04 -8.341725925174463E-04  2.7969395E-04 -1.141733226962537E-03  2.7930954E-04 -1.133564839619532E-03  2.7956359E-04 -1.002692992189925E-03  2.7944549E-04  4.151797336348871E-04  2.7940201E-04 -9.144616474282266E-04  2.7960850E-04  5.625093919464595E-06          0
 220.0  5.389532358743751E-02  2.7940573E-04 -3.986993560054007E-04  2.7873552E-04  5.278900393197587E-03  2.7933160E-04  4.101014064066820E-04  2.7964801E-04 -1.009726305965150E-03  2.7968346E-04 -1.233531040724871E-03  2.7932022E-04 -1.123630045556490E-03  2.7960342E-04 -1.026103109900544E-03  2.7940599E-04  4.724913682658064E-04  2.7938754E-04 -8.702506153823756E-04  2.7962294E-04  5.559991638504448E-06          0
 225.0  4.805296772551408E-02  2.7948309E-04 -3.805392738969092E-04  2.7882547E-04  4.641014798722072E-03  2.7933803E-04  4.780240906105064E-04  2.7964292E-04 -1.041759492034634E-03  2.7965450E-04 -1.304671333947557E-03  2.7934911E-04 -1.087608022190145E-03  2.7961341E-04 -1.110075530819371E-03  2.7939614E-04  4.751446484143765E-04  2.7943641E-04 -8.219985102209684E-04  2.7957465E-04  5.496144273118460E-06          0
 230.0  4.283072148633198E-02  2.7953380E-04 -3.604659016395594E-04  2.7890801E-04  4.056136281663160E-03  2.7935192E-04  5.328800656950986E-04  2.7963012E-04 -9.923452465710764E-04  2.7961056E-04 -1.366928810687232E-03  2.7939286E-04 -9.948962217623707E-04  2.7963030E-04 -1.127296502573719E-03  2.7937889E-04  7.513691975033234E-04  2.7947827E-04 -6.503051852643802E-04  2.7953253E-04  5.433805068549643E-06          0
 235.0  3.817071842469885E-02  2.7955751E-04 -3.718703878687797E-04  2.7899047E-04  3.471985827537882E-03  2.7937761E-04  5.947182567179749E-04  2.7960539E-04 -9.561870913014120E-04  2.7958929E-04 -1.333008900301463E-03  2.7941416E-04 -8.169161004638686E-04  2.7959976E-04 -1.059686851552255E-03  2.7940952E-04  9.014255685660172E-04  2.7946868E-04 -5.278679777431026E-04  2.7954213E-04  5.372765556751458E-06          0
 240.0  3.401235586409524E-02  2.7957785E-04 -3.486383812309104E-04  2.7905450E-04  3.019399539052310E-03  2.7942197E-04  6.647648130434261E-04  2.7956180E-04 -8.946883108097058E-04  2.7954979E-04 -1.370456582492167E-03  2.7945357E-04 -5.027715940063921E-04  2.7958082E-04 -9.467508755613343E-04  2.7942926E-04  9.334937068771114E-04  2.7946881E-04 -5.128571693896126E-04  2.7954183E-04  5.313215877559391E-06          0
 245.0  3.038059115980633E-02  2.7958123E-04 -2.696565124004743E-04  2.7911716E-04  2.577270208453523E-03  2.7947350E-04  8.320217552794291E-04  2.7951118E-04 -7.917593442056670E-04  2.7949548E-04 -1.358174815395853E-03  2.7950789E-04 -1.380377627754880E-04  2.7952617E-04 -8.269850316446264E-04  2.7948445E-04  7.262963398491047E-04  2.7947509E-04 -5.915293897085475E-04  2.7953540E-04  5.255148563416252E-06          0
 250.0  2.718808821554539E-02  2.7957037E-04 -2.046403655119897E-04  2.7917978E-04  2.132828417709832E-03  2.7951883E-04  9.883282406785920E-04  2.7946697E-04 -6.797610972452835E-04  2.7947320E-04 -1.271949013582039E-03  2.7953075E-04  1.831851398289018E-04  2.7951110E-04 -7.426132893292202E-04  2.7949980E-04  5.038415034182106E-04  2.7947695E-04 -5.465736758750125E-04  2.7953372E-04  5.197988472245066E-06          0
 255.0  2.439558888614076E-02  2.7955543E-04 -1.394449429995993E-04  2.7923542E-04  1.739212708994805E-03  2.7957963E-04  1.022826216955169E-03  2.7940703E-04 -6.261006514414602E-04  2.7945280E-04 -1.179636049726581E-03  2.7955171E-04  6.155201821568781E-04  2.7949588E-04 -6.684866376340350E-04  2.7951483E-04  3.684376687630282E-04  2.7947280E-04 -4.585213432239151E-04  2.7953819E-04  5.141976400611870E-06          0
 260.0  2.197908907734700E-02  2.7954518E-04 -2.136588505622923E-05  2.7927706E-04  1.442821858544503E-03  2.7963385E-04  1.021917615993259E-03  2.7935322E-04 -5.361027567572322E-04  2.7943276E-04 -1.190568120499429E-03  2.7957147E-04  1.003029457247363E-03  2.7949431E-04 -4.409046085437846E-04  2.7951581E-04  2.880454627061994E-04  2.7948425E-04 -3.178569121742874E-04  2.7952720E-04  5.086942711899892E-06          0
 265.0  1.991340909600457E-02  2.7952760E-04  1.152937287842149E-04  2.7931920E-04  1.144405131292010E-03  2.7967901E-04  1.013452790787477E-03  2.7930810E-04 -3.479717188655504E-04  2.7943783E-04 -1.077953218359003E-03  2.7956636E-04  1.328075074012319E-03  2.7950413E-04 -2.799778692258804E-04  2.7950525E-04  8.368629130865986E-05  2.7945162E-04 -1.974366877274264E-04  2.7955999E-04  5.033073687369870E-06          0
 270.0  1.811063279656654E-02  2.7951311E-04  2.580191702692434E-04  2.7935318E-04  9.042765865947835E-04  2.7970237E-04  1.007878645307520E-03  2.7928527E-04 -3.075538195998255E-04  2.7945205E-04 -9.517975229195959E-04  2.7955215E-04  1.494042165002525E-03  2.7951004E-04 -2.584888420841134E-04  2.7949867E-04  2.751658683527970E-06  2.7945069E-04 -2.898144248191243E-04  2.7956078E-04  4.980173307489336E-06          0
 275.0  1.652789591848763E-02  2.7950476E-04  4.242510901651753E-04  2.7937706E-04  7.337935501947148E-04  2.7971702E-04  1.014245338606958E-03  2.7927167E-04 -3.545549101554233E-04  2.7944452E-04 -7.906988981506224E-04  2.7955913E-04  1.596171909866639E-03  2.7950010E-04 -1.410860223051770E-04  2.7950836E-04 -1.579296481030729E-05  2.7945305E-04 -2.868213514054581E-04  2.7955845E-04  4.928444184115478E-06          0
 280.0  1.521152467930428E-02  2.7948642E-04  5.717880508050212E-04  2.7940700E-04  5.188690666508102E-04  2.7971766E-04  9.619120477408010E-04  2.7927216E-04 -3.125878200562540E-04  2.7946567E-04 -6.485318989194974E-04  2.7953767E-04  1.597614299282786E-03  2.7951385E-04 -6.099189611325576E-05  2.7949468E-04  1.461969491135549E-04  2.7942233E-04 -1.944890889538616E-04  2.7958938E-04  4.877734872138138E-06          0
 285.0  1.411659610998918E-02  2.7947551E-04  7.585785236176278E-04  2.7942684E-04  3.757995960348786E-04  2.7972189E-04  8.650782595657239E-04  2.7926929E-04 -1.732106019497278E-04  2.7947869E-04 -5.851522365652094E-04  2.7952473E-04  1.622997686842627E-03  2.7955098E-04 -1.359339656961476E-05  2.7945784E-04  2.162915049513904E-04  2.7940886E-04 -7.329688978392530E-05  2.7960312E-04  4.828077841847583E-06          0
 290.0  1.313950780128772E-02  2.7946916E-04  9.514926180897469E-04  2.7944051E-04  2.772793223412586E-04  2.7969817E-04  7.465392760796761E-04  2.7929435E-04  2.364785032570258E-05  2.7950740E-04 -4.443029006362631E-04  2.7949623E-04  1.449499659025548E-03  2.7958303E-04  1.913711371294168E-05  2.7942657E-04  2.936297990602351E-04  2.7942486E-04 -3.667578970793562E-05  2.7958742E-04  4.779270506520164E-06          0
 295.0  1.231801227230579E-02  2.7946087E-04  1.120546730724501E-03  2.7945467E-04  1.756269738068168E-04  2.7966350E-04  5.652338007932161E-04  2.7933025E-04  1.978442275464331E-04  2.7953253E-04 -4.575970791408997E-04  2.7947117E-04  1.198152651794198E-03  2.7962255E-04 -8.173598039619920E-05  2.7938770E-04  4.548768550868112E-04  2.7943369E-04 -1.602160535755192E-04  2.7957884E-04  4.731385315904377E-06          0
 300.0  1.158080842160397E-02  2.7944555E-04  1.323799513387532E-03  2.7947455E-04  3.093856767832004E-05  2.7963814E-04  4.261656444859431E-04  2.7935656E-04  2.503375301076715E-04  2.7954346E-04 -4.313953972372614E-04  2.7946058E-04  1.015020729347798E-03  2.7962642E-04  8.167150394919273E-05  2.7938401E-04  5.137448933229641E-04  2.7949333E-04 -4.529494204930038E-04  2.7951956E-04  4.684424067181610E-06          0
 305.0  1.097754216318981E-02  2.7943393E-04  1.497184616914968E-03  2.7948990E-04 -8.092359669214572E-05  2.7963169E-04  2.577071389625601E-04  2.7936372E-04  1.683008296813280E-04  2.7953163E-04 -3.888683563916848E-04  2.7947262E-04  9.684544981099217E-04  2.7959855E-04  1.799290898196832E-04  2.7941179E-04  3.876363138937952E-04  2.7947027E-04 -5.472635518281775E-04  2.7954286E-04  4.638283837476216E-06          0
 310.0  1.043948411531600E-02  2.7942351E-04  1.654288876267909E-03  2.7950344E-04 -1.793667039797217E-04  2.7960271E-04  7.312756318722920E-05  2.7939355E-04  9.878075555136634E-05  2.7952995E-04 -4.021888669108928E-04  2.7947464E-04  7.577371847333450E-04  2.7955933E-04  2.776926864575935E-04  2.7945072E-04  2.673782678811147E-04  2.7947506E-04 -4.824074384285590E-04  2.7953811E-04  4.592940222499609E-06          0
 315.0  9.968678640795285E-03  2.7941868E-04  1.778567406377415E-03  2.7951045E-04 -2.330840322448307E-04  2.7956784E-04 -9.770081909263911E-05  2.7942915E-04  1.723492874127674E-04  2.7953175E-04 -3.147179643804755E-04  2.7947330E-04  5.048480279925501E-04  2.7950569E-04  2.872239575969493E-04  2.7950427E-04  1.500852309218063E-04  2.7946226E-04 -5.431676041226915E-04  2.7955053E-04  4.548471337963000E-06          0
 320.0  9.540581577661980E-03  2.7942302E-04  1.884023022207566E-03  2.7950769E-04 -2.179983486401486E-04  2.7953491E-04 -2.442413772874374E-04  2.7946274E-04  2.623928104147087E-04  2.7952155E-04 -3.597515364770153E-04  2.7948375E-04  2.662818434658741E-04  2.7947020E-04  4.520255521195001E-04  2.7953952E-04  4.021596025605597E-05  2.7947328E-04 -4.993443555033135E-04  2.7953960E-04  4.504981383762767E-06          0
 325.0  9.137387695000930E-03  2.7942594E-04  2.006509468058685E-03  2.7950624E-04 -2.111478939313532E-04  2.7950264E-04 -3.390219044384675E-04  2.7949592E-04  3.044525150268644E-04  2.7950137E-04 -4.115956342410810E-04  2.7950423E-04  3.093489614509830E-05  2.7945880E-04  7.324740495395195E-04  2.7955077E-04  1.078464950222118E-05  2.7949361E-04 -2.547369801906061E-04  2.7951901E-04  4.462321588011552E-06          0
 330.0  8.772267316590830E-03  2.7943823E-04  2.095441845445348E-03  2.7949534E-04 -1.359007814089345E-04  2.7949222E-04 -3.173684396341584E-04  2.7950714E-04  3.338758783695146E-04  2.7950146E-04 -4.818215695089271E-04  2.7950439E-04 -4.928518943024280E-05  2.7943556E-04  8.967219393746089E-04  2.7957374E-04 -1.768324479684323E-04  2.7948712E-04 -1.525861865235058E-04  2.7952505E-04  4.420467158400754E-06          0
 335.0  8.468758403695603E-03  2.7944093E-04  2.158593707148501E-03  2.7949386E-04 -1.274699557285942E-04  2.7947444E-04 -3.239285590607849E-04  2.7952544E-04  3.147630064356209E-04  2.7950299E-04 -6.994470078239362E-04  2.7950317E-04 -1.810531758625227E-04  2.7939027E-04  9.663730580474369E-04  2.7961853E-04 -3.105510436925823E-04  2.7943737E-04 -3.418839051332273E-05  2.7957514E-04  4.379250316521485E-06          0
 340.0  8.206218491692776E-03  2.7945160E-04  2.220626257082125E-03  2.7948402E-04 -6.025270736055566E-05  2.7944982E-04 -3.026229743282942E-04  2.7955045E-04  3.403726748374040E-04  2.7951440E-04 -8.170060805386987E-04  2.7949185E-04 -3.605721289458381E-04  2.7940738E-04  1.043684623271739E-03  2.7960162E-04 -3.029197697992117E-04  2.7943965E-04  8.223875128164933E-05  2.7957320E-04  4.338907144888419E-06          0
 345.0  7.942584030392594E-03  2.7947751E-04  2.268014443490719E-03  2.7945882E-04  1.159667529654050E-04  2.7942453E-04 -2.566983808464331E-04  2.7957576E-04  3.428175784682397E-04  2.7950654E-04 -8.071723340864550E-04  2.7949981E-04 -5.441450186026561E-04  2.7942581E-04  1.056134017607940E-03  2.7958391E-04 -1.976099768177691E-04  2.7948117E-04  8.781724939747391E-05  2.7953188E-04  4.299351714802930E-06          0
 350.0  7.698141647459494E-03  2.7950331E-04  2.297857904841928E-03  2.7943365E-04  2.912184517354780E-04  2.7940642E-04 -2.257565338890554E-04  2.7959379E-04  3.620456724596188E-04  2.7947602E-04 -7.081766187881846E-04  2.7953042E-04 -6.761968423865585E-04  2.7945712E-04  9.393724601590518E-04  2.7955362E-04 -8.113166889350174E-05  2.7948791E-04  1.778718820333182E-04  2.7952580E-04  4.260447305955941E-06          0
 355.0  7.491087251758291E-03  2.7953005E-04  2.298595813372191E-03  2.7940700E-04  4.782049409903761E-04  2.7940055E-04 -2.463673713467619E-04  2.7959938E-04  3.091153872557048E-04  2.7946318E-04 -7.375431627979533E-04  2.7954328E-04 -7.183136034628645E-04  2.7947871E-04  7.195916842753042E-04  2.7953297E-04  1.061601543119493E-04  2.7947345E-04  8.522514932794818E-05  2.7954015E-04  4.222241610382832E-06          0
 360.0  7.299660345663128E-03  2.7954222E-04  2.296814234027775E-03  2.7939498E-04  5.603388031148686E-04  2.7938421E-04 -1.596548090288509E-04  2.7961546E-04  3.452135964210489E-04  2.7944971E-04 -7.399576518718337E-04  2.7955665E-04 -8.366799325728450E-04  2.7948901E-04  5.579274449840196E-04  2.7952343E-04  2.569272232293229E-04  2.7948921E-04 -1.286490761208597E-04  2.7952418E-04  4.184632673991593E-06          0
 365.0  7.112095103693819E-03  2.7956283E-04  2.300820381611694E-03  2.7937437E-04  7.033712834413699E-04  2.7939982E-04 -5.551022253914777E-05  2.7959961E-04  4.209308553083021E-04  2.7946787E-04 -7.956233313581990E-04  2.7953821E-04 -7.253679280007846E-04  2.7948246E-04  3.435510497259269E-04  2.7953047E-04  3.943026359768727E-04  2.7950087E-04 -2.815719962560933E-04  2.7951198E-04  4.147902505600977E-06          0
 370.0  6.943550707756046E-03  2.7955940E-04  2.290436696281844E-03  2.7937780E-04  6.757138732952964E-04  2.7942078E-04  1.020231596655313E-04  2.7957840E-04  4.268775492010425E-04  2.7946435E-04 -7.839577123473950E-04  2.7954163E-04 -5.752337036633857E-04  2.7948378E-04  1.304132429001823E-04  2.7952951E-04  5.027115736893483E-04  2.7945225E-04 -3.670103584476502E-04  2.7956034E-04  4.111787202387781E-06          0
 375.0  6.794323784567356E-03  2.7954759E-04  2.253992892292301E-03  2.7938970E-04  5.884531194558888E-04  2.7944272E-04  2.965360405005861E-04  2.7955612E-04  3.644505119425815E-04  2.7945108E-04 -7.386257025984717E-04  2.7955528E-04 -4.185611730458082E-04  2.7949229E-04  5.188858765296255E-05  2.7952118E-04  4.719181745790447E-04  2.7943276E-04 -5.443401033456722E-04  2.7957954E-04  4.076246918561269E-06          0
 380.0  6.640998215279353E-03  2.7954278E-04  2.217097103640370E-03  2.7939490E-04  5.500128591568514E-04  2.7946687E-04  4.472956532315279E-04  2.7953179E-04  2.770982890410281E-04  2.7945804E-04 -7.178075454659671E-04  2.7954876E-04 -2.458020898114934E-04  2.7949587E-04 -1.565915337456153E-04  2.7951751E-04  4.534359284748215E-04  2.7940799E-04 -5.491497650413230E-04  2.7960424E-04  4.041282887999424E-06          0
 385.0  6.449186192715835E-03  2.7953677E-04  2.189339314494739E-03  2.7940133E-04  5.017860167300451E-04  2.7946686E-04  5.679368236696154E-04  2.7953131E-04  1.048888086013255E-04  2.7948056E-04 -6.671734491811135E-04  2.7952628E-04 -2.431051863385712E-04  2.7950846E-04 -3.403165530255202E-04  2.7950447E-04  5.100728345926346E-04  2.7941833E-04 -7.261507860622771E-04  2.7959364E-04  4.006992172552157E-06          0
 390.0  6.254356463406963E-03  2.7953014E-04  2.118932579550903E-03  2.7940855E-04  4.483128924514741E-04  2.7945510E-04  6.821006906942684E-04  2.7954249E-04 -8.892688528552381E-05  2.7949338E-04 -5.549485096134997E-04  2.7951321E-04 -3.242068695586690E-04  2.7953085E-04 -4.419845104983575E-04  2.7948141E-04  3.801287243739855E-04  2.7945633E-04 -6.884701634017361E-04  2.7955579E-04  3.973264875013521E-06          0
 395.0  6.108398907354751E-03  2.7952464E-04  2.017940057323558E-03  2.7941406E-04  4.054951761481045E-04  2.7944320E-04  7.860684077684701E-04  2.7955384E-04 -3.331965786391906E-04  2.7949824E-04 -5.081013562282884E-04  2.7950800E-04 -4.060704381774638E-04  2.7954274E-04 -5.808171823104417E-04  2.7946939E-04  2.493965018938525E-04  2.7948198E-04 -6.238778249055897E-04  2.7953037E-04  3.940070050977288E-06          0
 400.0  5.979014847928324E-03  2.7951121E-04  1.879538049091977E-03  2.7942777E-04  3.059459447919045E-04  2.7943035E-04  8.143645469890875E-04  2.7956632E-04 -5.482293320105540E-04  2.7949600E-04 -4.348179599454459E-04  2.7950977E-04 -4.956077111782690E-04  2.7957058E-04 -6.414296299179529E-04  2.7944121E-04  1.373857451466365E-04  2.7950215E-04 -6.088300709291862E-04  2.7951059E-04  3.907287470468889E-06          0
 405.0  5.833970143095346E-03  2.7949801E-04  1.800473705202060E-03  2.7944130E-04  2.077155408207067E-04  2.7941627E-04  7.666480142603760E-04  2.7958011E-04 -6.354692952200685E-04  2.7950591E-04 -3.596588392643679E-04  2.7949929E-04 -5.932883052062765E-04  2.7959455E-04 -5.720609391848346E-04  2.7941728E-04  6.232220468995484E-05  2.7952818E-04 -6.358198319825009E-04  2.7948474E-04  3.875302337271137E-06          0
 410.0  5.683863753071471E-03  2.7949394E-04  1.722147834705610E-03  2.7944552E-04  1.747438541427739E-04  2.7941249E-04  7.347716716437770E-04  2.7958359E-04 -6.188413191579506E-04  2.7948373E-04 -3.269775168942480E-04  2.7952127E-04 -6.175787949296672E-04  2.7957114E-04 -3.556095477609227E-04  2.7944071E-04 -2.334545476895771E-04  2.7949895E-04 -7.736931600470696E-04  2.7951339E-04  3.843745966444863E-06          0
 415.0  5.566906229144163E-03  2.7947938E-04  1.643472230761983E-03  2.7946050E-04  6.727470472741068E-05  2.7939574E-04  7.258059232599990E-04  2.7959987E-04 -6.617296024744793E-04  2.7947254E-04 -3.405232209397664E-04  2.7953242E-04 -7.338570706674311E-04  2.7958095E-04 -1.582336569085867E-04  2.7943039E-04 -3.276449549370081E-04  2.7949773E-04 -7.315790481865142E-04  2.7951446E-04  3.812598969285936E-06          0
 420.0  5.440677580112092E-03  2.7946358E-04  1.572838678216738E-03  2.7947675E-04 -4.947459421609422E-05  2.7939203E-04  7.560997856151595E-04  2.7960296E-04 -6.445846447191661E-04  2.7946308E-04 -3.769315379237821E-04  2.7954177E-04 -7.580028677803522E-04  2.7956259E-04 -5.277509492117714E-05  2.7944878E-04 -2.038607789472765E-04  2.7949762E-04 -6.003185021334120E-04  2.7951461E-04  3.782037099678288E-06          0
 425.0  5.337834826933053E-03  2.7946686E-04  1.504923118033026E-03  2.7947376E-04 -2.888531755058569E-05  2.7939089E-04  6.716180535011048E-04  2.7960399E-04 -6.678556817934521E-04  2.7949427E-04 -3.702927876736901E-04  2.7951035E-04 -7.638958246192343E-04  2.7954238E-04  6.545195640079938E-05  2.7946934E-04  1.641149601886920E-05  2.7948550E-04 -4.851607365063493E-04  2.7952667E-04  3.752126540228668E-06          0
 430.0  5.202296884122927E-03  2.7946469E-04  1.429173196318428E-03  2.7947662E-04 -4.820831905130940E-05  2.7939463E-04  5.792997326177289E-04  2.7960008E-04 -5.914899513538860E-04  2.7952076E-04 -4.142784893664200E-04  2.7948325E-04 -7.361798234757279E-04  2.7953030E-04  8.539372875925132E-05  2.7948169E-04  4.812004901230673E-05  2.7947176E-04 -2.808354828510949E-04  2.7954009E-04  3.722768663615863E-06          0
 435.0  5.069041018672173E-03  2.7946973E-04  1.350641060728255E-03  2.7947217E-04 -1.428868160393496E-05  2.7939837E-04  5.168494083696966E-04  2.7959596E-04 -4.985524545643758E-04  2.7954184E-04 -4.541865037514369E-04  2.7946173E-04 -7.074387354331986E-04  2.7950644E-04  1.943556340097035E-04  2.7950563E-04  1.749079971866976E-04  2.7943073E-04 -2.648361178034555E-04  2.7958121E-04  3.693891860931347E-06          0
 440.0  4.929443654714208E-03  2.7947298E-04  1.304402590536658E-03  2.7946980E-04  6.459393805837875E-06  2.7939580E-04  4.379676263330227E-04  2.7959825E-04 -4.064266088190136E-04  2.7952304E-04 -5.592671488923199E-04  2.7948030E-04 -7.248733389441556E-04  2.7951027E-04  1.558056479586612E-04  2.7950155E-04  2.407835055952466E-04  2.7944827E-04 -2.766330420641521E-04  2.7956396E-04  3.665458202203839E-06          0
 445.0  4.792496115791999E-03  2.7947548E-04  1.285560591232484E-03  2.7946782E-04  2.285146288447733E-05  2.7940965E-04  3.734383950656320E-04  2.7958403E-04 -2.817123392817699E-04  2.7951489E-04 -6.168902727321726E-04  2.7948826E-04 -6.238630177434445E-04  2.7946777E-04  1.383477637236990E-04  2.7954380E-04  2.223441326374152E-04  2.7946262E-04 -1.673407296109056E-04  2.7954976E-04  3.637627477614085E-06          0
 450.0  4.691218741883654E-03  2.7948354E-04  1.262785760588867E-03  2.7946013E-04  8.007154194911018E-05  2.7941543E-04  2.705764483372593E-04  2.7957788E-04 -1.648835801349078E-04  2.7949300E-04 -6.879343629376711E-04  2.7950989E-04 -5.805296182196167E-04  2.7943586E-04 -2.848157561844031E-05  2.7957531E-04  3.592278963992428E-04  2.7946246E-04 -1.553152100427420E-04  2.7955042E-04  3.610428911887824E-06          0
 455.0  4.603399230384354E-03  2.7948609E-04  1.206614362197433E-03  2.7945794E-04  9.773290208433611E-05  2.7940789E-04  1.169596624115884E-04  2.7958521E-04 -1.103707136791010E-06  2.7944963E-04 -8.526830541645351E-04  2.7955347E-04 -6.326151576301147E-04  2.7943845E-04 -3.648419331384643E-04  2.7957218E-04  4.305527518923200E-04  2.7947477E-04 -2.686367136554686E-04  2.7953874E-04  3.583560750336960E-06          0
 460.0  4.522930965238337E-03  2.7948587E-04  1.135160975125125E-03  2.7945858E-04  9.496938801640663E-05  2.7940584E-04 -7.146015676386159E-05  2.7958730E-04  1.781511147963572E-04  2.7943634E-04 -8.675416099256669E-04  2.7956697E-04 -6.470509313597041E-04  2.7944823E-04 -7.076491235501109E-04  2.7956178E-04  6.298643864763762E-04  2.7947285E-04 -3.634147318197520E-04  2.7954059E-04  3.557125637868346E-06          0
 465.0  4.395048128359140E-03  2.7949547E-04  1.028202381619338E-03  2.7944911E-04  1.634549849978640E-04  2.7939284E-04 -2.645909038819220E-04  2.7960024E-04  3.544981656207981E-04  2.7943645E-04 -9.211092997241798E-04  2.7956626E-04 -7.375132296310714E-04  2.7945790E-04 -9.724722954663832E-04  2.7955134E-04  6.577934736151294E-04  2.7948618E-04 -5.323640193278158E-04  2.7952751E-04  3.531340425083289E-06          0
 470.0  4.300749666250910E-03  2.7950004E-04  9.607793800873970E-04  2.7944473E-04  1.959327153737051E-04  2.7936842E-04 -3.747626060728326E-04  2.7962469E-04  5.421705881748790E-04  2.7945730E-04 -7.996077588275083E-04  2.7954520E-04 -9.104125393312857E-04  2.7948430E-04 -1.137122093589240E-03  2.7952428E-04  5.765883520369333E-04  2.7948468E-04 -4.902376395044862E-04  2.7952904E-04  3.505841043765002E-06          0
 475.0  4.195969708933797E-03  2.7950513E-04  8.963663921218946E-04  2.7943987E-04  2.325720358200520E-04  2.7933700E-04 -5.275280043579116E-04  2.7965612E-04  7.248984808818861E-04  2.7949493E-04 -7.267839188515472E-04  2.7950798E-04 -1.133799916487171E-03  2.7948169E-04 -1.174837643497269E-03  2.7952660E-04  3.256678500653935E-04  2.7947585E-04 -5.629980817390934E-04  2.7953799E-04  3.480764488719580E-06          0
 480.0  4.091586374168503E-03  2.7950433E-04  8.178459310882410E-04  2.7944084E-04  2.260482398125046E-04  2.7932524E-04 -6.746511992316389E-04  2.7966811E-04  8.664692453198156E-04  2.7952432E-04 -7.125335962105716E-04  2.7947935E-04 -1.217199948554225E-03  2.7949308E-04 -1.115932280617521E-03  2.7951502E-04  5.183869407101994E-05  2.7950462E-04 -7.781336209387767E-04  2.7950936E-04  3.455988562982090E-06          0
 485.0  3.978489259786839E-03  2.7951574E-04  7.274692655009120E-04  2.7942989E-04  3.061495444854566E-04  2.7932038E-04 -8.039363735946753E-04  2.7967305E-04  1.032414541522110E-03  2.7954133E-04 -7.206348086828027E-04  2.7946265E-04 -1.252811501928702E-03  2.7949758E-04 -9.854272610560187E-04  2.7951041E-04 -1.681007047031305E-04  2.7948381E-04 -8.253926464142273E-04  2.7953030E-04  3.431625737437463E-06          0
 490.0  3.935405364796628E-03  2.7952715E-04  6.453256470663294E-04  2.7941845E-04  3.874198566586026E-04  2.7930610E-04 -9.598833902496045E-04  2.7968718E-04  1.134757749638250E-03  2.7954178E-04 -6.883877338074373E-04  2.7946267E-04 -1.354753682455417E-03  2.7951293E-04 -8.597788674098424E-04  2.7949435E-04 -3.105239557450938E-04  2.7948229E-04 -9.806484051190099E-04  2.7953214E-04  3.407362718913660E-06          0
 495.0  3.867139099639386E-03  2.7954081E-04  5.825826252183193E-04  2.7940496E-04  4.837345950416767E-04  2.7931296E-04 -1.023301036091682E-03  2.7968036E-04  1.128567096936238E-03  2.7951696E-04 -6.612520916287643E-04  2.7948856E-04 -1.304807563718517E-03  2.7956903E-04 -7.820871814143761E-04  2.7943813E-04 -1.996083644092625E-04  2.7949886E-04 -1.166173968295995E-03  2.7951545E-04  3.383641675145607E-06          0
 500.0  3.800453212249243E-03  2.7954636E-04  5.387544825092241E-04  2.7939965E-04  5.222208016671685E-04  2.7932059E-04 -1.023839998447506E-03  2.7967288E-04  1.184969562866879E-03  2.7951320E-04 -7.270756143539095E-04  2.7949324E-04 -1.250144126337162E-03  2.7959277E-04 -6.596877757483490E-04  2.7941377E-04 -1.952249396253273E-04  2.7951109E-04 -1.182004994220138E-03  2.7950273E-04  3.360137522569126E-06          0
 505.0  3.736358517068948E-03  2.7954988E-04  4.830227337859418E-04  2.7939697E-04  5.425509907879169E-04  2.7933052E-04 -1.039318043377125E-03  2.7966297E-04  1.189112462413494E-03  2.7952291E-04 -6.625386948843633E-04  2.7948397E-04 -1.179323484397065E-03  2.7960532E-04 -5.967440789265482E-04  2.7940154E-04 -2.228030442358061E-04  2.7952528E-04 -1.110537988214871E-03  2.7948779E-04  3.336988963779174E-06          0
 510.0  3.690717383740404E-03  2.7956220E-04  4.321763763535318E-04  2.7938496E-04  6.268957058983572E-04  2.7933436E-04 -1.043012090055175E-03  2.7965909E-04  1.089922526548281E-03  2.7950699E-04 -6.041912966349478E-04  2.7949973E-04 -1.151775686394663E-03  2.7959813E-04 -6.586928855569089E-04  2.7940924E-04 -2.647910552901684E-04  2.7955710E-04 -1.105125882044847E-03  2.7945518E-04  3.314126399664892E-06          0
 515.0  3.665245618417703E-03  2.7957632E-04  3.830049745812541E-04  2.7937115E-04  7.246502302121558E-04  2.7931283E-04 -9.527605914072954E-04  2.7968085E-04  1.047654527285267E-03  2.7948073E-04 -6.237974877608394E-04  2.7952586E-04 -1.307318956325140E-03  2.7958719E-04 -6.221424464708208E-04  2.7942090E-04 -4.414870319266853E-04  2.7961340E-04 -9.066750875212446E-04  2.7939852E-04  3.291533072337589E-06          0
 520.0  3.636154117804140E-03  2.7958419E-04  3.385213940509533E-04  2.7936369E-04  7.780981061224664E-04  2.7931259E-04 -8.800427137438294E-04  2.7968139E-04  1.062684869470322E-03  2.7945859E-04 -7.269919633723600E-04  2.7954794E-04 -1.311812641597344E-03  2.7959783E-04 -6.347544347056599E-04  2.7941118E-04 -3.851651776498381E-04  2.7964428E-04 -5.961377640005841E-04  2.7936777E-04  3.269282233892343E-06          0
 525.0  3.630951801466544E-03  2.7958839E-04  2.975427234183755E-04  2.7936000E-04  8.040401426810363E-04  2.7930636E-04 -8.277306387458680E-04  2.7968770E-04  1.079213443980829E-03  2.7941585E-04 -7.888398128917662E-04  2.7959075E-04 -1.358563590241841E-03  2.7959576E-04 -6.779904975055663E-04  2.7941370E-04 -4.803756871562327E-04  2.7960655E-04 -2.892643327863555E-04  2.7940562E-04  3.247315739183184E-06          0
 530.0  3.629039071501545E-03  2.7959187E-04  2.790635698309733E-04  2.7935677E-04  8.264243078198711E-04  2.7929520E-04 -8.307818087509883E-04  2.7969895E-04  1.118096593346462E-03  2.7939119E-04 -9.277893468100566E-04  2.7961554E-04 -1.440357056094280E-03  2.7958227E-04 -7.450596168173652E-04  2.7942741E-04 -5.449787623515825E-04  2.7958620E-04  7.429521472553615E-06  2.7942584E-04  3.225569794573811E-06          0
 535.0  3.630444030589625E-03  2.7959314E-04  1.987414483153431E-04  2.7935553E-04  8.349870030271067E-04  2.7929588E-04 -8.526141689914583E-04  2.7969834E-04  1.153564819766738E-03  2.7940501E-04 -9.474439266329751E-04  2.7960159E-04 -1.437917357185181E-03  2.7955323E-04 -8.355579144963126E-04  2.7945614E-04 -5.665364431595092E-04  2.7953334E-04  2.979124184193223E-04  2.7947894E-04  3.204237539121248E-06          0
 540.0  3.578159963659323E-03  2.7960937E-04  1.483074520206631E-04  2.7933967E-04  9.489849584115831E-04  2.7930241E-04 -8.428374361613525E-04  2.7969192E-04  1.116714105863313E-03  2.7940408E-04 -1.040691248193509E-03  2.7960244E-04 -1.393564821616561E-03  2.7953968E-04 -9.354637339102389E-04  2.7946958E-04 -5.356154054046615E-04  2.7946083E-04  3.047782826260565E-04  2.7955156E-04  3.183143630795700E-06          0
 545.0  3.552032292235865E-03  2.7960651E-04  1.041380785071174E-04  2.7934302E-04  9.267821059570098E-04  2.7930265E-04 -8.469978536694868E-04  2.7969173E-04  1.182201509632744E-03  2.7939827E-04 -1.172700294590482E-03  2.7960803E-04 -1.393626658072391E-03  2.7957024E-04 -9.259753850116367E-04  2.7943894E-04 -4.855893008481620E-04  2.7946113E-04  3.599717536490132E-04  2.7955155E-04  3.162266440961156E-06          0
 550.0  3.530879105411060E-03  2.7961275E-04  4.583922594180627E-05  2.7933703E-04  9.714042328484103E-04  2.7931177E-04 -8.348858915128566E-04  2.7968274E-04  1.138049850454227E-03  2.7940046E-04 -1.299661198173806E-03  2.7960552E-04 -1.330087073926163E-03  2.7958828E-04 -9.270496011287042E-04  2.7942106E-04 -2.759315522140501E-04  2.7951063E-04  4.019425160809733E-04  2.7950226E-04  3.141560525931692E-06          0
 555.0  3.474922602063530E-03  2.7961250E-04  1.359868904327109E-06  2.7933707E-04  9.706333735971830E-04  2.7933222E-04 -8.487005683600017E-04  2.7966217E-04  1.118018990213442E-03  2.7938481E-04 -1.413746792257934E-03  2.7962073E-04 -1.186252056411722E-03  2.7957167E-04 -8.685775872149701E-04  2.7943788E-04  2.197225964572960E-06  2.7953903E-04  3.428482460939781E-04  2.7947424E-04  3.121165485797971E-06          0
 560.0  3.443861609737627E-03  2.7960560E-04 -2.233753948308303E-05  2.7934388E-04  9.233458509299506E-04  2.7935867E-04 -8.519719533692445E-04  2.7963564E-04  1.138153931420565E-03  2.7938487E-04 -1.510974131380528E-03  2.7962037E-04 -9.993550356947206E-04  2.7955806E-04 -7.996449330949854E-04  2.7945141E-04  5.979329671163986E-05  2.7954612E-04  4.715657389772776E-04  2.7946720E-04  3.100941257298126E-06          0
 565.0  3.370983396035491E-03  2.7959585E-04 -9.601332008511303E-05  2.7935392E-04  8.535046985054198E-04  2.7938482E-04 -7.843147042238944E-04  2.7960980E-04  1.192688694713011E-03  2.7939979E-04 -1.554356600294848E-03  2.7960524E-04 -8.162061474123554E-04  2.7952401E-04 -7.693775635591313E-04  2.7948544E-04  8.499457841136911E-05  2.7956050E-04  6.428051075559779E-04  2.7945265E-04  3.080897788073395E-06          0
 570.0  3.351808185028510E-03  2.7958663E-04 -1.267106639623288E-04  2.7936260E-04  7.896043194168972E-04  2.7940334E-04 -7.409568326453783E-04  2.7959159E-04  1.138141125198278E-03  2.7943710E-04 -1.651313818624263E-03  2.7956825E-04 -6.875868021021243E-04  2.7946774E-04 -7.151008569483150E-04  2.7954193E-04  8.294066166195785E-05  2.7954468E-04  7.057927713316584E-04  2.7946791E-04  3.061144983679874E-06          0
 575.0  3.309868330540153E-03  2.7957415E-04 -1.182207744350271E-04  2.7937453E-04  7.024096681534223E-04  2.7939665E-04 -6.317446650367462E-04  2.7959913E-04  1.092158934064977E-03  2.7949638E-04 -1.819632908923579E-03  2.7950911E-04 -7.413436818642228E-04  2.7946876E-04 -7.227352368413850E-04  2.7954101E-04  1.807928297458520E-04  2.7956307E-04  7.525736102509386E-04  2.7944899E-04  3.041568375403526E-06          0
 580.0  3.208943214373560E-03  2.7957129E-04 -9.570086189924446E-05  2.7937688E-04  6.843136823360073E-04  2.7938571E-04 -5.770900641434241E-04  2.7961066E-04  1.084560600482839E-03  2.7956287E-04 -1.936077851935115E-03  2.7944294E-04 -8.249301945727146E-04  2.7944595E-04 -7.333148516627150E-04  2.7956368E-04  3.072445763077823E-04  2.7956592E-04  7.964541042560630E-04  2.7944599E-04  3.022263072490611E-06          0
 585.0  3.121083825046899E-03  2.7955702E-04 -7.309956813884359E-05  2.7939041E-04  5.850619733336530E-04  2.7937816E-04 -4.769609423443866E-04  2.7961849E-04  9.993294854166550E-04  2.7958410E-04 -1.920400078169504E-03  2.7942198E-04 -8.831046509602754E-04  2.7949261E-04 -8.141801784380053E-04  2.7951709E-04  2.895872477903468E-04  2.7956201E-04  9.086333589650197E-04  2.7944971E-04  3.003273157223367E-06          0
 590.0  3.036945149850336E-03  2.7954920E-04  1.020327350056078E-05  2.7939676E-04  5.339995695082465E-04  2.7937631E-04 -4.617878441350127E-04  2.7962062E-04  1.007103392131019E-03  2.7957232E-04 -1.874374005759559E-03  2.7943440E-04 -8.988792854977654E-04  2.7949852E-04 -8.412724743115181E-04  2.7951178E-04  5.880385099812623E-05  2.7954284E-04  8.241653757140088E-04  2.7946879E-04  2.984421374783134E-06          0
 595.0  2.928243837188920E-03  2.7954157E-04  3.137917064515973E-05  2.7940257E-04  4.855850465401030E-04  2.7938910E-04 -4.125088206750246E-04  2.7960828E-04  9.816418387428383E-04  2.7954597E-04 -1.873792271805027E-03  2.7946143E-04 -8.086720519804071E-04  2.7951051E-04 -7.824908751735154E-04  2.7950045E-04 -1.207905290406887E-04  2.7951434E-04  6.062611604430295E-04  2.7949703E-04  2.965936312894477E-06          0
 600.0  2.839571341137797E-03  2.7954334E-04  7.385510933764345E-05  2.7939862E-04  5.066730936542532E-04  2.7939092E-04 -3.140822107137521E-04  2.7960683E-04  9.663356182296833E-04  2.7952730E-04 -1.859589131485007E-03  2.7948032E-04 -7.960261527878129E-04  2.7955260E-04 -6.806482500117736E-04  2.7945887E-04 -1.747497309708164E-04  2.7949484E-04  3.459293185623449E-04  2.7951660E-04  2.947626751951260E-06          0
 605.0  2.750720748826256E-03  2.7954114E-04  1.598021773698814E-04  2.7939826E-04  5.017327177144453E-04  2.7941814E-04 -2.335180636381634E-04  2.7957986E-04  8.331007945085774E-04  2.7951663E-04 -1.780627726928394E-03  2.7949114E-04 -5.995573975569894E-04  2.7956232E-04 -6.047523576762244E-04  2.7944944E-04 -2.784707115645081E-04  2.7944186E-04  1.666614250405932E-04  2.7956930E-04  2.929465354068075E-06          0
 610.0  2.623802027410630E-03  2.7954242E-04  2.173618917747716E-04  2.7939478E-04  5.204101492788145E-04  2.7945866E-04 -1.592350223931708E-04  2.7953973E-04  7.691715835555314E-04  2.7951872E-04 -1.662953209829181E-03  2.7948930E-04 -3.078150148992673E-04  2.7953501E-04 -5.917140513320566E-04  2.7947656E-04 -3.715257037926592E-04  2.7942653E-04  1.424130232018771E-04  2.7958506E-04  2.911569448818926E-06          0
 615.0  2.483458744058234E-03  2.7954276E-04  2.543966758321542E-04  2.7939172E-04  5.314669494307681E-04  2.7951550E-04 -9.237352105751704E-05  2.7948318E-04  6.582327359721833E-04  2.7951024E-04 -1.572785036496717E-03  2.7949766E-04  1.014111131707687E-04  2.7954027E-04 -5.443347947335522E-04  2.7947127E-04 -3.401621633895242E-04  2.7944782E-04 -1.241811585076875E-05  2.7956425E-04  2.893895476463094E-06          0
 620.0  2.323457248809121E-03  2.7953031E-04  2.678013078056026E-04  2.7940119E-04  4.525130651684119E-04  2.7956541E-04 -6.727050284167497E-06  2.7943289E-04  6.030733038632566E-04  2.7947166E-04 -1.437788632243938E-03  2.7953597E-04  4.639044189716445E-04  2.7948840E-04 -4.132215789822269E-04  2.7952285E-04 -1.857671831161760E-04  2.7943579E-04 -2.178125569511147E-04  2.7957703E-04  2.876393711531110E-06          0
 625.0  2.148434330133734E-03  2.7952056E-04  3.089287210351506E-04  2.7940799E-04  3.940638610806600E-04  2.7960262E-04  1.288163537644584E-04  2.7939515E-04  6.993364392793246E-04  2.7947944E-04 -1.351183389177239E-03  2.7952825E-04  7.352450617196580E-04  2.7952020E-04 -2.774836681642589E-04  2.7949041E-04 -1.128111987797389E-04  2.7942465E-04 -4.771320318704778E-04  2.7958788E-04  2.859098026990431E-06          0
 630.0  1.962284364798207E-03  2.7952114E-04  3.446720169043119E-04  2.7940441E-04  4.103154534040702E-04  2.7963309E-04  1.629803265190747E-04  2.7936423E-04  7.368175799751230E-04  2.7949176E-04 -1.189677648011350E-03  2.7951554E-04  9.589633088727244E-04  2.7954191E-04 -1.070302014359800E-04  2.7946835E-04 -1.241303127534842E-04  2.7945577E-04 -8.074926902021686E-04  2.7955632E-04  2.841925903984686E-06          0
 635.0  1.772347190374961E-03  2.7952042E-04  4.172507376361966E-04  2.7940232E-04  4.161856990455540E-04  2.7964004E-04  2.405330573320351E-04  2.7935683E-04  7.219181963666621E-04  2.7952240E-04 -9.176332261144728E-04  2.7948472E-04  1.013623667057619E-03  2.7956337E-04 -1.064240373729014E-04  2.7944654E-04 -6.324267864023247E-05  2.7947776E-04 -9.030700462872602E-04  2.7953380E-04  2.825069336508689E-06          0
