   1.0.1 # v: lpa-xrd version
1.28e+16 # d: dislocation density [m^-2]
 1  1  0 # z: direction of 'l' (line vector) [uvw]
 1  1  0 # b: Burgers vector direction [uvw]
 2  0  0 # g: diffraction vector direction (hkl)
0.250000 # C: contrast coefficient [1]
0.404600 # a: cell parameter [nm]
    6400 # s: side of the region of interest [nm] PBC1
0.345000 # nu: Poisson's number [1]
  524288 # nd: number of dislocations in the input file
 1000000 # np: number of random points
#    L                   cos1       err_cos1                   sin1       err_sin1                   cos2       err_cos2                   sin2       err_sin2                   cos3       err_cos3                   sin3       err_sin3                   cos4       err_cos4                   sin4       err_sin4                   cos5       err_cos5                   sin5       err_sin5                   eps2       nrpo
   1.5  8.942543840279793E-01  4.2880004E-05  1.510747737541448E-04  6.6488531E-05  7.170596471647527E-01  7.6175324E-05  2.766085459569430E-04  9.6843660E-05  5.456196576931671E-01  9.6564161E-05  3.382494662771184E-04  1.1234392E-04  3.997265907657458E-01  1.0900041E-04  3.341819133085205E-04  1.1989352E-04  2.823071374278120E-01  1.1656201E-04  3.315037507547359E-04  1.2317229E-04  4.910553854628919E-03          0
   3.0  7.115501966569976E-01  7.7668280E-05  2.318967121697613E-04  9.6927699E-05  3.986846876347296E-01  1.0911618E-04  3.696333926085115E-04  1.1989670E-04  1.919595363150680E-01  1.2089795E-04  4.660483279354732E-04  1.2442242E-04  7.993641424324838E-02  1.2422803E-04  5.043816524024492E-04  1.2496734E-04  2.889188665443988E-02  1.2489682E-04  2.978085882224243E-04  1.2499648E-04  4.342255562655922E-03          0
   4.5  5.399105029184859E-01  9.7522470E-05  3.098090307305513E-04  1.1237822E-04  1.917054847656171E-01  1.2090760E-04  3.920062546396712E-04  1.2442528E-04  4.888879078999693E-02  1.2470567E-04  2.814823692328692E-04  1.2499239E-04  9.133300789060656E-03  1.2499377E-04  4.172055960235867E-05  1.2499428E-04  1.044634894353940E-03  1.2500523E-04  8.890883800560654E-07  1.2499359E-04  4.007991137511330E-03          0
   6.0  3.958536206656497E-01  1.0943513E-04  3.465703604050763E-04  1.1989919E-04  7.989782371021611E-02  1.2424005E-04  4.432889658516812E-04  1.2495620E-04  9.029236368476095E-03  1.2499632E-04 -6.688927659225334E-05  1.2499195E-04  6.732258723667350E-04  1.2500374E-04  1.204909604079106E-04  1.2499528E-04  2.286254752222541E-05  1.2500108E-04 -2.569845992793125E-04  1.2499844E-04  3.768184297345505E-03          0
   7.5  2.800575373810444E-01  1.1672753E-04  4.063034695439497E-04  1.2317589E-04  2.892330071149138E-02  1.2489363E-04  1.983916648976544E-04  1.2499959E-04  1.132133227812693E-03  1.2500327E-04 -2.254393256789953E-05  1.2499543E-04 -7.323368121573388E-06  1.2500011E-04 -3.543055470802809E-04  1.2499939E-04  9.980069662326287E-05  1.2499069E-04 -6.500505307942307E-04  1.2500904E-04  3.582050648090218E-03          0
   9.0  1.910818510279189E-01  1.2093280E-04  5.231354371007535E-04  1.2443039E-04  9.047332644935655E-03  1.2499413E-04 -9.528534899099785E-05  1.2499395E-04  1.016321043169437E-05  1.2502805E-04 -8.307104542260087E-05  1.2497126E-04  8.811623565390546E-05  1.2499770E-04 -7.396585133326169E-04  1.2500192E-04 -6.467597943077590E-06  1.2499843E-04 -2.238154859903896E-04  1.2500126E-04  3.430685901969930E-03          0
  10.5  1.257438925437458E-01  1.2315840E-04  4.307509242860811E-04  1.2484695E-04  2.408717049602722E-03  1.2499476E-04 -1.541725165183901E-04  1.2500323E-04  7.355741593613188E-05  1.2499261E-04 -4.066514645650172E-04  1.2500704E-04 -5.759155775896535E-05  1.2498044E-04 -3.882125745683340E-04  1.2501918E-04  3.668597158874060E-04  1.2496313E-04 -2.686655829744958E-04  1.2503658E-04  3.303533543422895E-03          0
  12.0  7.977019847031547E-02  1.2423436E-04  3.310673463117695E-04  1.2496426E-04  5.420976658955865E-04  1.2500083E-04 -1.912126618382339E-05  1.2499825E-04  2.084966251800198E-04  1.2499827E-04 -5.928959804926744E-04  1.2500141E-04  2.232883623773272E-05  1.2499461E-04 -9.908509770785127E-05  1.2500505E-04  1.604607199856410E-04  1.2500417E-04 -2.031577833576199E-04  1.2499572E-04  3.193298955988705E-03          0
  13.5  4.892084482822449E-02  1.2470194E-04  2.487104946732419E-04  1.2499581E-04  4.569034368535914E-05  1.2501582E-04 -7.412082983791278E-05  1.2498353E-04 -5.321518231671531E-05  1.2498784E-04 -3.614826740934122E-04  1.2501191E-04  2.577187215568909E-04  1.2498262E-04 -9.190971247731670E-05  1.2501710E-04 -1.037283016226375E-04  1.2500059E-04 -2.315346249797621E-04  1.2499931E-04  3.096265130881141E-03          0
  15.0  2.895459763361492E-02  1.2489525E-04  1.163672768480738E-04  1.2499776E-04  2.024526963994610E-05  1.2499999E-04 -3.258700855283360E-04  1.2499954E-04 -8.444402395219273E-05  1.2499058E-04 -2.624951292167975E-05  1.2500911E-04  2.126503884996533E-06  1.2499087E-04 -1.104165437546680E-04  1.2500896E-04  6.838250415149180E-05  1.2499637E-04 -3.842729718989714E-04  1.2500356E-04  3.009523415283573E-03          0
  16.5  1.667909040494921E-02  1.2496542E-04 -6.680616434951652E-05  1.2499793E-04  2.111100153393754E-05  1.2500176E-04 -4.864001485217805E-04  1.2499787E-04  1.051494016213186E-04  1.2499897E-04  9.968378762578365E-05  1.2500081E-04  2.901100339665276E-05  1.2500724E-04 -1.434715272003307E-04  1.2499269E-04 -2.023020546636757E-04  1.2499065E-04 -1.377316247439122E-04  1.2500926E-04  2.931167671891109E-03          0
  18.0  9.325698364847168E-03  1.2499089E-04 -1.022237527763108E-04  1.2499651E-04  4.604968092704913E-05  1.2499987E-04 -5.936331795095041E-04  1.2499980E-04  4.098039955180094E-04  1.2499038E-04 -1.539632347586341E-04  1.2500942E-04 -1.308983450163382E-06  1.2501059E-04 -2.685922823360890E-04  1.2498932E-04 -3.276968767400824E-05  1.2500500E-04 -1.982007333582872E-05  1.2499488E-04  2.859716206534686E-03          0
  19.5  5.011912679358100E-03  1.2499951E-04 -9.221333316793823E-05  1.2499583E-04  5.907651511786083E-05  1.2500721E-04 -5.309650845679004E-04  1.2499243E-04  1.354007985548723E-04  1.2499113E-04  4.140194980815208E-05  1.2500877E-04  1.169561706080997E-04  1.2501093E-04 -2.904708875017194E-04  1.2498899E-04 -1.451197600120734E-04  1.2498048E-04 -6.975446672777211E-05  1.2501943E-04  2.794106307267515E-03          0
  21.0  2.589043297582370E-03  1.2500318E-04 -5.684126084238413E-05  1.2499467E-04  7.925859932880095E-05  1.2498636E-04 -3.270405397581771E-04  1.2501330E-04 -1.130387193601948E-04  1.2499908E-04  2.092122419321735E-05  1.2500086E-04 -2.166004684604656E-04  1.2499912E-04 -3.208537002550943E-05  1.2500079E-04 -1.332766097018287E-04  1.2500363E-04  6.652968617594153E-05  1.2499630E-04  2.733387812992111E-03          0
  22.5  1.319009482971110E-03  1.2499806E-04 -4.041694341973021E-05  1.2500065E-04 -1.569529010744988E-05  1.2498575E-04 -7.534678803249664E-05  1.2501390E-04 -1.583090062842420E-04  1.2500961E-04  6.049904165152634E-05  1.2499028E-04 -2.268449059705349E-04  1.2500783E-04  9.693873624446820E-05  1.2499215E-04  1.163678441568198E-05  1.2499115E-04  2.866870692065700E-04  1.2500883E-04  2.676886569281204E-03          0
  24.0  6.655669947975406E-04  1.2500150E-04 -4.085126245215242E-05  1.2499758E-04  3.390635604052040E-05  1.2498573E-04  8.999417512454554E-05  1.2501395E-04  3.082774605108138E-05  1.2500861E-04 -1.233492925150755E-05  1.2499124E-04 -2.272506381718487E-04  1.2501089E-04 -7.523662769941135E-05  1.2498904E-04 -3.687435082781228E-04  1.2500631E-04  1.210876150394648E-04  1.2499363E-04  2.624113637710142E-03          0
  25.5  3.183031523570372E-04  1.2500676E-04 -5.117510736142084E-06  1.2499252E-04  1.151304551508029E-04  1.2498475E-04  1.038453071651233E-04  1.2501496E-04 -2.545581814885461E-06  1.2500514E-04 -8.483340238959817E-05  1.2499473E-04 -2.423626361450037E-04  1.2500277E-04 -1.663203078597769E-04  1.2499717E-04  6.572434391290499E-05  1.2499726E-04  1.731898275803832E-04  1.2500263E-04  2.574431880991902E-03          0
  27.0  1.369981800386656E-04  1.2501837E-04  2.994763459625215E-05  1.2498105E-04  2.987984353707197E-04  1.2499179E-04  5.604294349853900E-05  1.2500803E-04 -2.175205792446437E-04  1.2500086E-04 -2.001567946210438E-04  1.2499904E-04 -1.300694444982746E-04  1.2499175E-04  2.198053631238406E-04  1.2500819E-04  3.203723248324012E-05  1.2498849E-04  1.498406090836988E-04  1.2501144E-04  2.527624621238052E-03          0
  28.5  4.957793340927831E-05  1.2501583E-04  2.472768094175407E-05  1.2498364E-04  2.570129850647126E-04  1.2499299E-04  1.457413955436675E-04  1.2500687E-04 -1.442188707779222E-04  1.2500558E-04 -2.138655754828530E-04  1.2499436E-04 -1.108617857286916E-04  1.2499993E-04  2.036182919907973E-04  1.2500004E-04  2.024100587510977E-04  1.2500668E-04  7.452627847923244E-06  1.2499328E-04  2.483313791703160E-03          0
  30.0  1.334033377219842E-05  1.2501584E-04  8.905716670617027E-06  1.2498367E-04  2.569299352546008E-04  1.2498940E-04  1.777209557606042E-04  1.2501049E-04 -1.985207649175718E-04  1.2499762E-04 -1.408480109828352E-04  1.2500234E-04 -1.686254086556780E-04  1.2498642E-04  1.960853286503767E-04  1.2501352E-04 -1.975769663739534E-05  1.2499829E-04  3.643368750612318E-05  1.2500167E-04  2.441370818522219E-03          0
  31.5  5.832758839804708E-05  1.2500595E-04 -5.211508545211703E-05  1.2499360E-04  9.827096632382886E-05  1.2499939E-04  4.656165911270965E-05  1.2500052E-04 -1.989423034476087E-04  1.2499565E-04 -6.045350649039619E-05  1.2500426E-04 -8.870149278155492E-06  1.2500466E-04  4.772007796658115E-05  1.2499529E-04  7.978575387457558E-05  1.2501162E-04 -1.772578212147688E-05  1.2498836E-04  2.401577636806546E-03          0
  33.0  1.093361431677005E-04  1.2499314E-04 -4.436231958278883E-05  1.2500643E-04 -1.069923871260195E-04  1.2500615E-04 -1.245798790465122E-05  1.2499376E-04 -1.601104401461817E-04  1.2502238E-04  5.224862067848963E-05  1.2497750E-04  9.936278941413721E-05  1.2500811E-04 -1.551311697067638E-04  1.2499185E-04 -8.057077701513599E-05  1.2500462E-04  1.989762109661971E-05  1.2499539E-04  2.363722663678613E-03          0
  34.5  1.577780176471023E-04  1.2499876E-04 -6.997916018125262E-05  1.2500087E-04 -1.753396059926541E-05  1.2500165E-04 -2.134572809229934E-05  1.2499827E-04 -5.568448523062798E-05  1.2499594E-04  1.346400460691320E-04  1.2500400E-04  2.691314073210093E-05  1.2500327E-04 -3.758869706362714E-04  1.2499670E-04 -2.747025008621892E-04  1.2500433E-04  1.586474959782697E-05  1.2499564E-04  2.327564917760944E-03          0
  36.0  2.571351068023834E-04  1.2499588E-04 -9.366727216329840E-05  1.2500380E-04 -6.347572754130555E-05  1.2500875E-04  4.725124570545407E-05  1.2499118E-04  5.708838999287791E-05  1.2500282E-04  2.688602861987839E-04  1.2499712E-04  1.403443592862461E-04  1.2498908E-04 -9.964078096104636E-05  1.2501090E-04 -1.008681574895054E-04  1.2499499E-04  5.798207936372893E-05  1.2500498E-04  2.293039983238686E-03          0
  37.5  2.477239220710990E-04  1.2499588E-04 -1.088069372809636E-04  1.2500379E-04 -6.303730808862589E-05  1.2499918E-04 -1.385683580342820E-04  1.2500073E-04 -3.805794138864110E-05  1.2499654E-04  4.381129205397183E-05  1.2500340E-04 -1.247419462579058E-05  1.2500369E-04 -1.229152978730059E-04  1.2499633E-04 -7.560246687264287E-05  1.2500816E-04 -1.832798780107265E-05  1.2499183E-04  2.259909741899665E-03          0
  39.0  1.938139722410723E-04  1.2499767E-04 -8.420096507121591E-05  1.2500199E-04 -3.416624379826943E-05  1.2498998E-04 -2.353386552062133E-04  1.2500991E-04 -1.054987416455060E-04  1.2500094E-04  6.970572681750242E-05  1.2499902E-04 -1.595439486843707E-04  1.2500840E-04  4.767712149392188E-05  1.2499158E-04 -3.680642891982445E-04  1.2499601E-04 -3.680300902258626E-05  1.2500392E-04  2.228074765044850E-03          0
