   1.0.1 # v: lpa-xrd version
5.00e+13 # d: dislocation density [m^-2]
 1  1  0 # z: direction of 'l' (line vector) [uvw]
 1  1  0 # b: Burgers vector direction [uvw]
 2  0  0 # g: diffraction vector direction (hkl)
0.250000 # C: contrast coefficient [1]
0.404600 # a: cell parameter [nm]
    6400 # s: side of the region of interest [nm] PBC1
0.345000 # nu: Poisson's number [1]
    2048 # nd: number of dislocations in the input file
 1000000 # np: number of random points
#    L                   cos1       err_cos1                   sin1       err_sin1                   cos2       err_cos2                   sin2       err_sin2                   cos3       err_cos3                   sin3       err_sin3                   cos4       err_cos4                   sin4       err_sin4                   cos5       err_cos5                   sin5       err_sin5                   eps2       nrpo
   5.0  9.929669345995074E-01  7.8546266E-06 -5.037484251488073E-05  1.9208074E-05  9.759170310127926E-01  1.6152578E-05 -1.089164055190655E-04  3.4594376E-05  9.513955438976766E-01  2.5763350E-05 -1.645929325146886E-04  4.7276571E-05  9.215441740017470E-01  3.5742023E-05 -2.134412942244512E-04  5.7622726E-05  8.882086533252085E-01  4.5363597E-05 -2.927614913744918E-04  6.6079623E-05  2.524478248216458E-05          0
  10.0  9.752375545815736E-01  1.7098785E-05 -9.836764398155604E-05  3.4738944E-05  9.209061353133614E-01  3.6179733E-05 -2.314822621459086E-04  5.7669916E-05  8.523856024476488E-01  5.4412099E-05 -3.681058782148013E-04  7.3106910E-05  7.801464268797123E-01  6.8953766E-05 -5.312811441481324E-04  8.4144810E-05  7.098193784990283E-01  7.9753319E-05 -6.752510094046220E-04  9.2609501E-05  2.301627547929976E-05          0
  15.0  9.497153517672388E-01  2.7279487E-05 -1.624051107564585E-04  4.7483843E-05  8.516270084167384E-01  5.4749045E-05 -4.015141839295304E-04  7.3134230E-05  7.440928632259571E-01  7.4910953E-05 -6.077522315780393E-04  8.8635342E-05  6.432991085094157E-01  8.7746991E-05 -7.799085050342177E-04  9.9367577E-05  5.521867884420952E-01  9.6283018E-05 -7.801527404339616E-04  1.0703468E-04  2.171791081982616E-05          0
  20.0  9.187385322607526E-01  3.7608008E-05 -2.442558808131482E-04  5.7840324E-05  7.789105831534032E-01  6.9374490E-05 -5.536955536659112E-04  8.4162322E-05  6.430013346432820E-01  8.7813543E-05 -7.852727321594052E-04  9.9370963E-05  5.237203401072097E-01  9.8582403E-05 -7.695294598843378E-04  1.0903854E-04  4.192043103950042E-01  1.0592259E-04 -2.696466034020099E-04  1.1494270E-04  2.079543954976352E-05          0
  25.0  8.843393215712531E-01  4.7405615E-05 -3.330453284319532E-04  6.6276647E-05  7.084322189038907E-01  8.0119964E-05 -7.161530539684128E-04  9.2632280E-05  5.518783327188388E-01  9.6343543E-05 -8.148359300887221E-04  1.0702887E-04  4.191588978657028E-01  1.0592894E-04 -2.879725275628520E-04  1.1494169E-04  3.077053347092282E-01  1.1227787E-04  1.316918911846866E-03  1.1892438E-04  2.007744903029468E-05          0
  30.0  8.481309426909717E-01  5.6279670E-05 -4.312678246524613E-04  7.3250048E-05  6.422623335306102E-01  8.7974109E-05 -8.477344032738008E-04  9.9381573E-05  4.695702011064017E-01  1.0258874E-04 -6.081206939532137E-04  1.1236730E-04  3.282416675297855E-01  1.1121039E-04  8.420678287241190E-04  1.1835370E-04  2.180833632008440E-01  1.1638848E-04  4.294288425592095E-03  1.2069577E-04  1.949055362305052E-05          0
  35.0  8.113506627857839E-01  6.4049632E-05 -5.265888967005842E-04  7.9142642E-05  5.806029891777610E-01  9.3936378E-05 -9.220437565695683E-04  1.0477507E-04  3.951110018298659E-01  1.0742361E-04 -1.244252323856316E-04  1.1598803E-04  2.512566907920209E-01  1.1497066E-04  2.930511364262549E-03  1.2016633E-04  1.497827486870296E-01  1.1888432E-04  8.233836735268884E-03  1.2148128E-04  1.899330184917549E-05          0
  40.0  7.748362031281409E-01  7.0722096E-05 -6.350915156812667E-04  8.4226477E-05  5.230959603140982E-01  9.8693999E-05 -9.355220211818820E-04  1.0903334E-04  3.282549364564513E-01  1.1121474E-04  8.179371248531143E-04  1.1835416E-04  1.883493044092002E-01  1.1755425E-04  5.747957755703891E-03  1.2106934E-04  1.000412992284689E-01  1.2032301E-04  1.282431168631988E-02  1.2202548E-04  1.856462721650670E-05          0
  45.0  7.391489211232419E-01  7.6374396E-05 -7.287480733532354E-04  8.8694565E-05  4.692569951937307E-01  1.0263597E-04 -8.075674666326478E-04  1.1236791E-04  2.692132638222240E-01  1.1415844E-04  2.285982435505480E-03  1.1981967E-04  1.384269877150652E-01  1.1924080E-04  9.130977746458130E-03  1.2159315E-04  6.548006728309766E-02  1.2121476E-04  1.732691432163952E-02  1.2257170E-04  1.818402494414645E-05          0
  50.0  7.045623775127674E-01  8.1153975E-05 -8.161772785009727E-04  9.2666580E-05  4.188396118104843E-01  1.0597353E-04 -5.166581295197739E-04  1.1494175E-04  2.181337925592594E-01  1.1639853E-04  4.217411310605121E-03  1.2068550E-04  1.000199270090190E-01  1.2032479E-04  1.284266845787833E-02  1.2202444E-04  4.247316814259656E-02  1.2188023E-04  2.090389836218377E-02  1.2313148E-04  1.784491945582083E-05          0
  55.0  6.711900369903356E-01  8.5215416E-05 -8.923875238209047E-04  9.6217382E-05  3.717849796161516E-01  1.0881721E-04 -3.204642218517743E-05  1.1689821E-04  1.746892790270329E-01  1.1805360E-04  6.553073737772326E-03  1.2121670E-04  7.130726395906731E-02  1.2106654E-04  1.645389421596867E-02  1.2245957E-04  2.801400772105739E-02  1.2242598E-04  2.304029818274989E-02  1.2365819E-04  1.753765793935840E-05          0
  60.0  6.390167887425868E-01  8.8704355E-05 -9.735834935094487E-04  9.9398610E-05  3.281096984337050E-01  1.1123180E-04  6.505095401644406E-04  1.1835778E-04  1.384748256973743E-01  1.1923705E-04  9.168867659329272E-03  1.2159578E-04  5.042869770728727E-02  1.2163379E-04  1.966032206967320E-02  1.2290777E-04  1.903990594808724E-02  1.2289965E-04  2.349561215380896E-02  1.2409049E-04  1.725775718842542E-05          0
  65.0  6.080018642194913E-01  9.1743810E-05 -1.050075918297532E-03  1.0224334E-04  2.879238292559991E-01  1.1327366E-04  1.545237009966088E-03  1.1941481E-04  1.087132500994097E-01  1.2009216E-04  1.193961294403710E-02  1.2191676E-04  3.581033621388701E-02  1.2210351E-04  2.193502235299800E-02  1.2335437E-04  1.332266689990554E-02  1.2334843E-04  2.210423168637226E-02  1.2434352E-04  1.699942869684242E-05          0
  70.0  5.780601867096110E-01  9.4433123E-05 -1.114116315819026E-03  1.0478141E-04  2.512659754693359E-01  1.1498604E-04  2.654500967796254E-03  1.2016399E-04  8.465535581270751E-02  1.2072254E-04  1.474412018061621E-02  1.2223728E-04  2.584584669866164E-02  1.2251801E-04  2.323609328754461E-02  1.2376075E-04  8.965398413904209E-03  1.2379253E-04  1.920973382439393E-02  1.2439204E-04  1.676288367304729E-05          0
  75.0  5.491431407546835E-01  9.6838552E-05 -1.164269491914734E-03  1.0704084E-04  2.180866182963449E-01  1.1640705E-04  4.004426014325473E-03  1.2069186E-04  6.548506672967108E-02  1.2121268E-04  1.739909628870028E-02  1.2257577E-04  1.907493463175866E-02  1.2289709E-04  2.346034001164388E-02  1.2409151E-04  5.258336123833290E-03  1.2414952E-04  1.542762638311637E-02  1.2436080E-04  1.654205408339764E-05          0
  80.0  5.211775948616675E-01  9.9014953E-05 -1.154256950091090E-03  1.0904716E-04  1.882949483031386E-01  1.1757081E-04  5.581218635445270E-03  1.2107000E-04  5.052411114633561E-02  1.2163371E-04  1.973112264762186E-02  1.2290563E-04  1.432522104052294E-02  1.2325842E-04  2.250135013360724E-02  1.2430437E-04  2.004853138239329E-03  1.2436147E-04  1.121417138900846E-02  1.2436166E-04  1.633547090470723E-05          0
  85.0  4.941157953217734E-01  1.0100456E-04 -1.109020251164670E-03  1.1081984E-04  1.617929122024855E-01  1.1850382E-04  7.283963963511336E-03  1.2136249E-04  3.907172736277018E-02  1.2199397E-04  2.154198640808887E-02  1.2324193E-04  1.063036771409048E-02  1.2361604E-04  2.049375984648393E-02  1.2438581E-04 -1.210724665521011E-03  1.2444513E-04  7.441626254487335E-03  1.2443446E-04  1.614008258038730E-05          0
  90.0  4.679253581461386E-01  1.0283607E-04 -1.021924272317894E-03  1.1237820E-04  1.384300889823986E-01  1.1924960E-04  9.076130744521486E-03  1.2160293E-04  3.047306754082153E-02  1.2232317E-04  2.283409247815186E-02  1.2355518E-04  7.530476562313300E-03  1.2395061E-04  1.773282963683375E-02  1.2437559E-04 -4.209711425466532E-03  1.2447515E-04  4.535887255323454E-03  1.2454212E-04  1.595566264926272E-05          0
  95.0  4.425645613654396E-01  1.0452758E-04 -8.853050743648939E-04  1.1374621E-04  1.179532975060484E-01  1.1984687E-04  1.097312297617173E-02  1.2181782E-04  2.403569092393108E-02  1.2261469E-04  2.351775863760325E-02  1.2384700E-04  4.727421107535813E-03  1.2420452E-04  1.458863310085852E-02  1.2435286E-04 -6.871237832242034E-03  1.2451418E-04  2.626305569346924E-03  1.2462787E-04  1.578180982168231E-05          0
 100.0  4.180130834231828E-01  1.0609525E-04 -6.893726362034646E-04  1.1494279E-04  1.001432943076654E-01  1.2033305E-04  1.290042631406419E-02  1.2202478E-04  1.924135779861220E-02  1.2289219E-04  2.354847877404348E-02  1.2408896E-04  2.097962442274905E-03  1.2435610E-04  1.120563050007258E-02  1.2436543E-04 -9.144991453461232E-03  1.2457895E-04  1.607507375433202E-03  1.2466373E-04  1.561634071227280E-05          0
 105.0  3.942645863409864E-01  1.0754871E-04 -4.574665999252233E-04  1.1598434E-04  8.476613191887908E-02  1.2073361E-04  1.479192168888733E-02  1.2223508E-04  1.545800830378726E-02  1.2317508E-04  2.293309880593936E-02  1.2425321E-04 -4.635507419361374E-04  1.2442777E-04  8.085406877016636E-03  1.2442094E-04 -1.087914838089798E-02  1.2458962E-04  1.467494028630647E-03  1.2472727E-04  1.545724882428870E-05          0
 110.0  3.713482324588241E-01  1.0889462E-04 -1.859684708484799E-04  1.1688499E-04  7.161342863601745E-02  1.2107125E-04  1.664392444972130E-02  1.2245505E-04  1.241204145172427E-02  1.2344083E-04  2.170136063571212E-02  1.2435961E-04 -2.940005660978999E-03  1.2445283E-04  5.496583252906596E-03  1.2450816E-04 -1.210540777778529E-02  1.2456725E-04  1.784003531819373E-03  1.2480478E-04  1.530542216207661E-05          0
 115.0  3.492528415170262E-01  1.1013861E-04  1.404064102186577E-04  1.1766198E-04  6.041053685374107E-02  1.2136071E-04  1.836306473081883E-02  1.2268607E-04  9.817205887720948E-03  1.2370034E-04  1.985627781969206E-02  1.2439806E-04 -5.300424403271701E-03  1.2448124E-04  3.565891689607473E-03  1.2458461E-04 -1.297895053117267E-02  1.2454991E-04  1.992007523835715E-03  1.2486155E-04  1.515915112160177E-05          0
 120.0  3.280078264033552E-01  1.1128422E-04  5.224689823594818E-04  1.1833060E-04  5.091650055142162E-02  1.2162641E-04  1.984615116486470E-02  1.2291423E-04  7.464347748039567E-03  1.2393667E-04  1.761638786951516E-02  1.2439194E-04 -7.343717751849632E-03  1.2451953E-04  2.227233576006665E-03  1.2464041E-04 -1.309954525388543E-02  1.2457770E-04  1.728221541427774E-03  1.2487172E-04  1.501825681017133E-05          0
 125.0  3.075825216063532E-01  1.1234111E-04  9.576034454109534E-04  1.1890271E-04  4.292693585091897E-02  1.2188045E-04  2.108070200890749E-02  1.2312918E-04  5.336406223158913E-03  1.2414027E-04  1.516964255167685E-02  1.2436373E-04 -8.951858900846935E-03  1.2456762E-04  1.510395939502067E-03  1.2467062E-04 -1.248716054538377E-02  1.2469517E-04  1.015129854585000E-03  1.2479645E-04  1.488155703901827E-05          0
 130.0  2.880357971965112E-01  1.1331000E-04  1.445228219102848E-03  1.1938933E-04  3.625232888501764E-02  1.2211503E-04  2.205057010467518E-02  1.2334114E-04  3.273502060242100E-03  1.2428402E-04  1.263919921491823E-02  1.2435765E-04 -1.030146642346097E-02  1.2458769E-04  1.401372661537701E-03  1.2471327E-04 -1.118033080332424E-02  1.2484147E-04 -1.694021432859012E-04  1.2469812E-04  1.474813304049604E-05          0
 135.0  2.693513462797580E-01  1.1420036E-04  2.011122155059935E-03  1.1979993E-04  3.073234347011199E-02  1.2232997E-04  2.279653903327179E-02  1.2354837E-04  1.268227744874043E-03  1.2438029E-04  1.012204373201227E-02  1.2437205E-04 -1.142004494935003E-02  1.2457555E-04  1.737809171489997E-03  1.2477559E-04 -9.422416150237280E-03  1.2494075E-04 -1.489439607845758E-03  1.2464910E-04  1.461825119718151E-05          0
 140.0  2.514930456863824E-01  1.1502014E-04  2.642546875011883E-03  1.2014382E-04  2.620907265401618E-02  1.2252772E-04  2.333357056445597E-02  1.2374706E-04 -6.267243690367541E-04  1.2443113E-04  7.760077313649978E-03  1.2441423E-04 -1.231643610830325E-02  1.2455288E-04  2.027580917682620E-03  1.2483795E-04 -7.203790824725730E-03  1.2497601E-04 -2.713519574082588E-03  1.2466302E-04  1.449123310146957E-05          0
 145.0  2.344909387096094E-01  1.1576895E-04  3.344799099944031E-03  1.2043209E-04  2.249772704820575E-02  1.2271602E-04  2.361929229404845E-02  1.2392837E-04 -2.421938091945939E-03  1.2444687E-04  5.769838038224518E-03  1.2448442E-04 -1.287061496864735E-02  1.2454704E-04  2.129193880505552E-03  1.2487589E-04 -4.723689956038985E-03  1.2492951E-04 -3.578109412438581E-03  1.2475054E-04  1.436622070297443E-05          0
 150.0  2.183267546740171E-01  1.1645191E-04  4.107028313222818E-03  1.2067419E-04  1.943815803629230E-02  1.2289884E-04  2.366383078616083E-02  1.2408390E-04 -4.146764394983581E-03  1.2446500E-04  4.232186593445529E-03  1.2454857E-04 -1.301919806622922E-02  1.2458530E-04  1.883119515295907E-03  1.2486799E-04 -2.428051661691117E-03  1.2484834E-04 -4.041988941268651E-03  1.2486111E-04  1.424408343382257E-05          0
 155.0  2.030146543473377E-01  1.1706619E-04  4.922288312204810E-03  1.2088224E-04  1.683202159647803E-02  1.2308154E-04  2.340675579733502E-02  1.2420679E-04 -5.796358088145037E-03  1.2449062E-04  3.103439766567773E-03  1.2459971E-04 -1.268953623833854E-02  1.2467424E-04  1.275341173989164E-03  1.2481005E-04 -7.063661659513024E-04  1.2482163E-04 -3.885171876884858E-03  1.2490648E-04  1.412425300738982E-05          0
 160.0  1.885087949777118E-01  1.1762058E-04  5.781798730005688E-03  1.2106020E-04  1.460795228666118E-02  1.2326254E-04  2.285653016956916E-02  1.2429739E-04 -7.315548595630862E-03  1.2451616E-04  2.310767683931875E-03  1.2464282E-04 -1.190838181963843E-02  1.2478081E-04  3.537523108491426E-04  1.2473919E-04  5.243628861006781E-04  1.2487507E-04 -3.265628109945262E-03  1.2486746E-04  1.400579691857761E-05          0
 165.0  1.748188840862515E-01  1.1811554E-04  6.676562934130800E-03  1.2121805E-04  1.263516900510864E-02  1.2343951E-04  2.203018842695129E-02  1.2435720E-04 -8.628720585912039E-03  1.2454736E-04  1.714693457693522E-03  1.2467266E-04 -1.075153659026682E-02  1.2488270E-04 -7.750684381362276E-04  1.2467683E-04  1.243010967129447E-03  1.2496347E-04 -2.643165350174195E-03  1.2479259E-04  1.389074776408212E-05          0
 170.0  1.619189534490509E-01  1.1855346E-04  7.600067635496640E-03  1.2136383E-04  1.078857523847702E-02  1.2361862E-04  2.093086319339285E-02  1.2438408E-04 -9.771931452820959E-03  1.2458087E-04  1.334053545232615E-03  1.2469243E-04 -9.171277775523800E-03  1.2494548E-04 -1.873768712651314E-03  1.2465518E-04  1.490334433746138E-03  1.2506538E-04 -1.922215178179290E-03  1.2470543E-04  1.377698295690108E-05          0
 175.0  1.497808916219217E-01  1.1894360E-04  8.541746199804504E-03  1.2149813E-04  9.076921105906332E-03  1.2379669E-04  1.958199468041946E-02  1.2438199E-04 -1.072934352479089E-02  1.2459149E-04  1.199073373726498E-03  1.2472562E-04 -7.246881757747686E-03  1.2496497E-04 -2.855902657689866E-03  1.2467491E-04  1.419222828771812E-03  1.2513049E-04 -1.355179948657345E-03  1.2465674E-04  1.366443814091078E-05          0
 180.0  1.383850925944578E-01  1.1929066E-04  9.448340215592450E-03  1.2162324E-04  7.464146996463489E-03  1.2396173E-04  1.806478930132055E-02  1.2436642E-04 -1.153266785366141E-02  1.2458142E-04  1.392447932761639E-03  1.2477191E-04 -5.238837690893451E-03  1.2492457E-04 -3.436525026959842E-03  1.2474831E-04  1.102700544419833E-03  1.2513972E-04 -1.007846850445053E-03  1.2466404E-04  1.355550060919150E-05          0
 185.0  1.276956266495348E-01  1.1960121E-04  1.037709899761288E-02  1.2174194E-04  5.929687985871670E-03  1.2410563E-04  1.639895320830470E-02  1.2434775E-04 -1.213586781437384E-02  1.2455535E-04  1.681143760743131E-03  1.2482800E-04 -3.326134302331046E-03  1.2486642E-04 -3.624665997689283E-03  1.2483188E-04  8.958550284014050E-04  1.2510639E-04 -1.146598324480536E-03  1.2471345E-04  1.344691437342498E-05          0
 190.0  1.176782456301276E-01  1.1987907E-04  1.130478321492697E-02  1.2185709E-04  4.452233356764779E-03  1.2422197E-04  1.462820348574381E-02  1.2433564E-04 -1.255123144350484E-02  1.2453918E-04  1.892400790292646E-03  1.2486899E-04 -1.683436354043813E-03  1.2482158E-04 -3.613250095308339E-03  1.2489391E-04  7.298813656576416E-04  1.2502168E-04 -1.604129896124189E-03  1.2481274E-04  1.334205325445486E-05          0
 195.0  1.083628647141400E-01  1.2012823E-04  1.222142856494672E-02  1.2196782E-04  3.043191011097936E-03  1.2430668E-04  1.286518478433588E-02  1.2434068E-04 -1.277336757831426E-02  1.2454321E-04  1.988294499745751E-03  1.2488709E-04 -4.526946134915555E-04  1.2481855E-04 -3.404204000331351E-03  1.2490948E-04  6.619029470951391E-04  1.2491935E-04 -2.001930341479938E-03  1.2492668E-04  1.323916651247130E-05          0
 200.0  9.968625766870941E-02  1.2035244E-04  1.312338036191575E-02  1.2207791E-04  1.669105377383873E-03  1.2436294E-04  1.115003369212225E-02  1.2436193E-04 -1.280135378419406E-02  1.2457823E-04  1.907295476430285E-03  1.2487382E-04  3.639268963299547E-04  1.2486524E-04 -3.055297008401151E-03  1.2487415E-04  6.328226244098612E-04  1.2482652E-04 -2.387551448477795E-03  1.2502595E-04  1.313766074484840E-05          0
 205.0  9.163794836161036E-02  1.2055728E-04  1.399401352257946E-02  1.2218535E-04  3.755299562621619E-04  1.2439752E-04  9.533565938599040E-03  1.2439673E-04 -1.259005069641128E-02  1.2465112E-04  1.539567913816288E-03  1.2482463E-04  8.287889016860982E-04  1.2494758E-04 -2.638685486403150E-03  1.2480219E-04  4.605001414130052E-04  1.2477337E-04 -2.507944552091760E-03  1.2508302E-04  1.303762219596842E-05          0
 210.0  8.419739224826539E-02  1.2074564E-04  1.484262069202482E-02  1.2229279E-04 -8.706253385157772E-04  1.2441693E-04  8.006233740175197E-03  1.2444089E-04 -1.216949786998501E-02  1.2473696E-04  9.304012272227267E-04  1.2476486E-04  1.003020499723401E-03  1.2503011E-04 -2.175972292144710E-03  1.2473062E-04  7.353364901793431E-05  1.2480083E-04 -2.411154396170365E-03  1.2505927E-04  1.293937482326348E-05          0
 215.0  7.735496386619560E-02  1.2092025E-04  1.568204981250389E-02  1.2239982E-04 -2.058429395023559E-03  1.2442892E-04  6.588752956323272E-03  1.2448829E-04 -1.161743528263041E-02  1.2482043E-04  1.004887679298315E-04  1.2470841E-04  9.893165686667529E-04  1.2509756E-04 -1.651623637398608E-03  1.2467650E-04 -3.626101265565987E-04  1.2488913E-04 -2.168815018437938E-03  1.2497499E-04  1.284233856985558E-05          0
 220.0  7.107158839911089E-02  1.2108377E-04  1.649399418943704E-02  1.2250524E-04 -3.175363431814209E-03  1.2444060E-04  5.329478575178893E-03  1.2453310E-04 -1.080898954969848E-02  1.2488675E-04 -7.518902760214899E-04  1.2467126E-04  8.937255172129560E-04  1.2512866E-04 -1.131949962361384E-03  1.2466058E-04 -8.306099207852476E-04  1.2500519E-04 -1.815413531178473E-03  1.2486214E-04  1.274741387529121E-05          0
 225.0  6.530301219729899E-02  1.2123631E-04  1.726479567774914E-02  1.2261260E-04 -4.250265588287469E-03  1.2445096E-04  4.276846176893485E-03  1.2457580E-04 -9.741129117993939E-03  1.2493178E-04 -1.572548923189827E-03  1.2465508E-04  7.196764406121747E-04  1.2513133E-04 -8.726770286194309E-04  1.2467287E-04 -1.384117782047370E-03  1.2508815E-04 -1.354507773656125E-03  1.2478152E-04  1.265523073421324E-05          0
 230.0  6.000282792519007E-02  1.2137981E-04  1.801022088430143E-02  1.2272071E-04 -5.285410899938453E-03  1.2446786E-04  3.413141533883824E-03  1.2460967E-04 -8.457953679090031E-03  1.2494514E-04 -2.381738072521393E-03  1.2466992E-04  6.067360466531861E-04  1.2511228E-04 -9.043174133588497E-04  1.2470534E-04 -1.715353830366137E-03  1.2510289E-04 -6.482670857604852E-04  1.2477160E-04  1.256532952178843E-05          0
 235.0  5.514517045986349E-02  1.2151785E-04  1.872068071509707E-02  1.2282743E-04 -6.252266700332708E-03  1.2449321E-04  2.790147505645112E-03  1.2463212E-04 -7.001144288393989E-03  1.2493819E-04 -3.061228630304496E-03  1.2470387E-04  5.972632221456498E-04  1.2504688E-04 -1.117117304712229E-03  1.2478303E-04 -1.617525789537162E-03  1.2507483E-04 -2.045667366022046E-05  1.2480735E-04  1.247547886028004E-05          0
 240.0  5.069542236125164E-02  1.2165284E-04  1.939345924917749E-02  1.2293192E-04 -7.127208026342046E-03  1.2452017E-04  2.369244948038058E-03  1.2465048E-04 -5.437171882232861E-03  1.2491398E-04 -3.514284872961480E-03  1.2475268E-04  5.967737422409676E-04  1.2497140E-04 -1.532415320586861E-03  1.2486935E-04 -1.216885612235035E-03  1.2503294E-04  6.102250500665049E-04  1.2485893E-04  1.238851523927596E-05          0
 245.0  4.663310517818975E-02  1.2178218E-04  2.001415731955030E-02  1.2303719E-04 -7.950889748438708E-03  1.2454525E-04  2.080962177753131E-03  1.2466723E-04 -3.870530243418918E-03  1.2487660E-04 -3.748736771142599E-03  1.2481098E-04  5.770110311660806E-04  1.2489424E-04 -2.017388198388254E-03  1.2495438E-04 -4.954820669734383E-04  1.2501957E-04  1.209303834967659E-03  1.2488210E-04  1.230167229001327E-05          0
 250.0  4.292042796439605E-02  1.2190678E-04  2.059527424240816E-02  1.2314118E-04 -8.697453768098938E-03  1.2456305E-04  1.873319072137481E-03  1.2468641E-04 -2.489405668509746E-03  1.2483040E-04 -3.769806977602257E-03  1.2487390E-04  4.759446515537539E-04  1.2483038E-04 -2.303032334817555E-03  1.2502376E-04  4.265548221063325E-04  1.2502957E-04  1.725374271995832E-03  1.2488122E-04  1.221815062847979E-05          0
 255.0  3.953943158432670E-02  1.2202396E-04  2.113524331759337E-02  1.2324688E-04 -9.415523264531723E-03  1.2457652E-04  1.728196052747476E-03  1.2470559E-04 -1.356714261816228E-03  1.2480167E-04 -3.682981361109845E-03  1.2491515E-04  3.432294582188930E-04  1.2479276E-04 -2.476422979027029E-03  1.2506515E-04  1.309133382716796E-03  1.2504045E-04  2.269010540845895E-03  1.2487737E-04  1.213474044960924E-05          0
 260.0  3.644180859845846E-02  1.2213452E-04  2.161792839064177E-02  1.2335347E-04 -1.010025089837313E-02  1.2458741E-04  1.713539184148298E-03  1.2472287E-04 -4.132916732408062E-04  1.2480660E-04 -3.444905141366173E-03  1.2491955E-04  2.074840665474450E-04  1.2479405E-04 -2.497241216587601E-03  1.2506722E-04  2.018810430638713E-03  1.2503651E-04  2.567660483011637E-03  1.2488566E-04  1.205401103973387E-05          0
 265.0  3.363091333755311E-02  1.2224193E-04  2.204748134987224E-02  1.2345725E-04 -1.069832795614178E-02  1.2459019E-04  1.800840768795103E-03  1.2474491E-04  3.174187025462899E-04  1.2483739E-04 -3.173859731686675E-03  1.2489592E-04 -2.747759423249961E-05  1.2484826E-04 -2.448884708071942E-03  1.2501573E-04  2.577709245778869E-03  1.2501436E-04  2.771396120203024E-03  1.2490861E-04  1.197549237396203E-05          0
 270.0  3.108132185722604E-02  1.2234628E-04  2.241368361717918E-02  1.2355904E-04 -1.122168353752353E-02  1.2458851E-04  1.933934374623345E-03  1.2476772E-04  8.184062651351188E-04  1.2488446E-04 -2.878941125342614E-03  1.2485592E-04 -3.004724098703594E-04  1.2492264E-04 -2.296896044347393E-03  1.2494373E-04  2.929457570921550E-03  1.2497329E-04  2.942341825107243E-03  1.2494871E-04  1.189943397267861E-05          0
 275.0  2.875338849767661E-02  1.2244936E-04  2.270001333326626E-02  1.2365588E-04 -1.164211082971153E-02  1.2457990E-04  2.061215846502375E-03  1.2479469E-04  1.103793081945922E-03  1.2494611E-04 -2.569188263185274E-03  1.2480271E-04 -6.534761711053560E-04  1.2500463E-04 -2.026465601276284E-03  1.2486389E-04  2.957330753942991E-03  1.2493174E-04  2.896706535193652E-03  1.2498950E-04  1.182402404724228E-05          0
 280.0  2.663647617493366E-02  1.2254678E-04  2.292748195278006E-02  1.2375124E-04 -1.202691668768375E-02  1.2457204E-04  2.178910589269102E-03  1.2481817E-04  1.216616754195661E-03  1.2501005E-04 -2.180002717544245E-03  1.2474932E-04 -9.686531203161747E-04  1.2506905E-04 -1.651685337718327E-03  1.2480142E-04  2.682156526513247E-03  1.2492730E-04  2.751369231469581E-03  1.2499582E-04  1.174972264617549E-05          0
 285.0  2.470946562746644E-02  1.2263679E-04  2.309498254482098E-02  1.2384715E-04 -1.240612564084187E-02  1.2456804E-04  2.213560738056955E-03  1.2483611E-04  1.198308769897078E-03  1.2507054E-04 -1.787219220957179E-03  1.2470032E-04 -1.203873135832181E-03  1.2510532E-04 -1.186608430115975E-03  1.2476801E-04  2.130978960098499E-03  1.2492797E-04  2.536585138600301E-03  1.2499832E-04  1.167739268538476E-05          0
 290.0  2.294706669288334E-02  1.2272456E-04  2.318483912287085E-02  1.2393872E-04 -1.270846009505501E-02  1.2456708E-04  2.201922059462493E-03  1.2485018E-04  1.077186160438534E-03  1.2510985E-04 -1.385541496266616E-03  1.2467267E-04 -1.373970867404323E-03  1.2510086E-04 -6.478857100658912E-04  1.2477731E-04  1.419673422438527E-03  1.2492707E-04  2.413352711897118E-03  1.2500192E-04  1.160657929100532E-05          0
 295.0  2.133079390352607E-02  1.2280998E-04  2.320657053179287E-02  1.2402471E-04 -1.292917791780018E-02  1.2458389E-04  2.146041937378499E-03  1.2484616E-04  9.602325879348295E-04  1.2513610E-04 -1.058147249073956E-03  1.2465763E-04 -1.243341774940899E-03  1.2508528E-04 -9.877969154345326E-05  1.2479955E-04  7.015272812668177E-04  1.2492275E-04  2.279545333932489E-03  1.2500862E-04  1.153767494208743E-05          0
 300.0  1.986324279219641E-02  1.2289800E-04  2.317773728099172E-02  1.2409954E-04 -1.299105071962131E-02  1.2461126E-04  2.014301699029720E-03  1.2483225E-04  9.502441648298920E-04  1.2513264E-04 -8.632981264534191E-04  1.2467208E-04 -9.388822776617037E-04  1.2504528E-04  4.123282333698969E-04  1.2484680E-04  7.265050729555111E-06  1.2494046E-04  2.247919666992458E-03  1.2499375E-04  1.146920918289425E-05          0
 305.0  1.848976295844982E-02  1.2298767E-04  2.309332969082602E-02  1.2416446E-04 -1.290621932974574E-02  1.2465126E-04  1.771187622107527E-03  1.2480711E-04  9.652316002374851E-04  1.2510506E-04 -8.178293134906466E-04  1.2471016E-04 -4.336991492894077E-04  1.2502201E-04  9.109453481067510E-04  1.2487767E-04 -4.420385794999884E-04  1.2496749E-04  2.203553689875457E-03  1.2496854E-04  1.140376620922718E-05          0
 310.0  1.720256030855929E-02  1.2307862E-04  2.294970644834386E-02  1.2421986E-04 -1.269558169395514E-02  1.2469980E-04  1.439066472476810E-03  1.2477535E-04  9.457230765832874E-04  1.2506610E-04 -8.893320218230418E-04  1.2475841E-04  1.938032015983154E-04  1.2501539E-04  1.393998769154039E-03  1.2489164E-04 -5.693836338004064E-04  1.2498116E-04  2.260946705580683E-03  1.2495518E-04  1.133860469470916E-05          0
 315.0  1.599120757535898E-02  1.2317193E-04  2.276846777672761E-02  1.2426406E-04 -1.233002948122146E-02  1.2475045E-04  1.060517283130458E-03  1.2474309E-04  8.803834489617693E-04  1.2501697E-04 -1.108072058140738E-03  1.2481554E-04  8.432219221540871E-04  1.2503032E-04  1.848653934905241E-03  1.2488298E-04 -4.938846975844994E-04  1.2497945E-04  2.354897448581120E-03  1.2495570E-04  1.127441278944056E-05          0
 320.0  1.486248757415349E-02  1.2326377E-04  2.253833916142201E-02  1.2430198E-04 -1.187520595016537E-02  1.2480601E-04  5.851978475382395E-04  1.2470592E-04  7.721584209755183E-04  1.2495722E-04 -1.358834869396672E-03  1.2488149E-04  1.576774073194881E-03  1.2503711E-04  2.271036048482993E-03  1.2488011E-04 -7.391560240136501E-05  1.2497372E-04  2.482710548253097E-03  1.2496003E-04  1.121184052339041E-05          0
 325.0  1.377806014354447E-02  1.2335379E-04  2.223610949984307E-02  1.2433332E-04 -1.133903821705961E-02  1.2485954E-04  8.662654056084365E-05  1.2467121E-04  7.176347942549085E-04  1.2490674E-04 -1.636083255724859E-03  1.2493653E-04  2.270330072229738E-03  1.2501913E-04  2.440273821129978E-03  1.2489988E-04  8.123375679717484E-04  1.2499025E-04  2.597067723755834E-03  1.2494263E-04  1.115123043055219E-05          0
 330.0  1.273376887515952E-02  1.2344342E-04  2.186585115271290E-02  1.2435714E-04 -1.069887006560244E-02  1.2490397E-04 -4.038793991571166E-04  1.2464644E-04  6.729493517050611E-04  1.2486407E-04 -1.925408855792207E-03  1.2498351E-04  2.803872520772996E-03  1.2499272E-04  2.462322771381243E-03  1.2492715E-04  1.708751234292449E-03  1.2501524E-04  2.547643268378117E-03  1.2491705E-04  1.109170446236329E-05          0
 335.0  1.173598185045540E-02  1.2353255E-04  2.145389846781985E-02  1.2437336E-04 -9.961702712950779E-03  1.2494064E-04 -8.969562790564044E-04  1.2462982E-04  6.614799390167285E-04  1.2483049E-04 -2.228185294367206E-03  1.2502072E-04  3.199993081963479E-03  1.2496855E-04  2.477139220552330E-03  1.2495170E-04  2.523308961699320E-03  1.2503172E-04  2.152836248426208E-03  1.2490018E-04  1.103299676913546E-05          0
 340.0  1.078364187456558E-02  1.2362090E-04  2.097168516260868E-02  1.2438233E-04 -9.133071426997435E-03  1.2496427E-04 -1.352874043008871E-03  1.2462626E-04  6.338296875120976E-04  1.2481065E-04 -2.504480979396987E-03  1.2504414E-04  3.379049439221620E-03  1.2495542E-04  2.506132025509657E-03  1.2496459E-04  3.248553535529987E-03  1.2500698E-04  1.454285933228501E-03  1.2492360E-04  1.097470865048940E-05          0
 345.0  9.856895241267890E-03  1.2371117E-04  2.044923343047386E-02  1.2438310E-04 -8.194148819324685E-03  1.2496932E-04 -1.790592913633503E-03  1.2464130E-04  6.196456182629073E-04  1.2481573E-04 -2.737653238890391E-03  1.2504278E-04  3.253191892329399E-03  1.2493998E-04  2.421325863556661E-03  1.2498038E-04  3.777215866006328E-03  1.2495945E-04  4.463505056150952E-04  1.2497078E-04  1.091763017218663E-05          0
 350.0  8.958341049352730E-03  1.2379761E-04  1.988108605081513E-02  1.2438049E-04 -7.230446577673442E-03  1.2495782E-04 -2.220848076902997E-03  1.2467222E-04  5.331167825794128E-04  1.2485063E-04 -2.944253327321066E-03  1.2501096E-04  2.864459229559187E-03  1.2493388E-04  2.337771372590190E-03  1.2498815E-04  4.059643303302257E-03  1.2491552E-04 -8.551982033611555E-04  1.2501517E-04  1.086117789446235E-05          0
 355.0  8.084210227027280E-03  1.2387819E-04  1.928163139089635E-02  1.2437636E-04 -6.282491944006142E-03  1.2493528E-04 -2.640177195244044E-03  1.2471227E-04  3.558984720679739E-04  1.2488992E-04 -3.007486517696444E-03  1.2497440E-04  2.314162966178669E-03  1.2493019E-04  2.394601359051764E-03  1.2499512E-04  4.133689467028694E-03  1.2489278E-04 -2.170925533026581E-03  1.2503907E-04  1.080648346594511E-05          0
 360.0  7.248988547552854E-03  1.2395354E-04  1.865103476356479E-02  1.2437121E-04 -5.354571160551563E-03  1.2490582E-04 -2.996929017165403E-03  1.2475703E-04  1.342839529912102E-04  1.2494090E-04 -2.902444714142438E-03  1.2492580E-04  1.676747369797659E-03  1.2491748E-04  2.342636661576118E-03  1.2501123E-04  4.069561870366121E-03  1.2490363E-04 -3.347248217542973E-03  1.2503064E-04  1.075129371685435E-05          0
 365.0  6.415765614816027E-03  1.2402483E-04  1.796916101127485E-02  1.2436432E-04 -4.432213184498889E-03  1.2487270E-04 -3.293597143002395E-03  1.2480329E-04 -7.491455828019533E-05  1.2499366E-04 -2.750364898810973E-03  1.2487452E-04  1.004365645057529E-03  1.2490423E-04  2.246424263074197E-03  1.2502671E-04  3.738706994128453E-03  1.2493429E-04 -4.249898219377469E-03  1.2500409E-04  1.069749549085872E-05          0
 370.0  5.610999113153635E-03  1.2409056E-04  1.727876121680379E-02  1.2435770E-04 -3.551075150957383E-03  1.2484452E-04 -3.486626212990270E-03  1.2484283E-04 -3.035159588630499E-04  1.2504484E-04 -2.421673561364689E-03  1.2482492E-04  4.365948082554433E-04  1.2490893E-04  2.050789731761370E-03  1.2502369E-04  3.177490143213849E-03  1.2495534E-04 -4.633553139244482E-03  1.2498772E-04  1.064446872703134E-05          0
 375.0  4.827780780528272E-03  1.2414813E-04  1.656915217491348E-02  1.2435432E-04 -2.763881118094194E-03  1.2482353E-04 -3.611564369541093E-03  1.2487432E-04 -5.168230528774120E-04  1.2509782E-04 -1.980085800308428E-03  1.2477349E-04 -2.935851829961899E-06  1.2493213E-04  1.956126862414058E-03  1.2500223E-04  2.492316560733184E-03  1.2496791E-04 -4.517715681477230E-03  1.2497966E-04  1.059267810016536E-05          0
 380.0  4.084024082659376E-03  1.2419819E-04  1.586488574539732E-02  1.2435313E-04 -2.055407794323044E-03  1.2481019E-04 -3.620764338903795E-03  1.2489732E-04 -7.402454925277109E-04  1.2511993E-04 -1.467520295220334E-03  1.2475364E-04 -3.011549554498341E-04  1.2496400E-04  2.059044196325438E-03  1.2497173E-04  1.683287010318131E-03  1.2495356E-04 -4.143071103560431E-03  1.2499698E-04  1.054177466180578E-05          0
 385.0  3.352566918793025E-03  1.2424018E-04  1.517008019185314E-02  1.2435575E-04 -1.444388259425729E-03  1.2480713E-04 -3.562559808329682E-03  1.2490890E-04 -9.910850721480448E-04  1.2511839E-04 -1.023237082550289E-03  1.2475816E-04 -4.144759219726419E-04  1.2497959E-04  2.285787629317197E-03  1.2495693E-04  8.260434326962146E-04  1.2492559E-04 -3.579716013326626E-03  1.2502631E-04  1.049119914334561E-05          0
 390.0  2.658216907149693E-03  1.2427767E-04  1.448620348965365E-02  1.2435938E-04 -8.913341248820372E-04  1.2481366E-04 -3.477405185723993E-03  1.2490985E-04 -1.166705555642853E-03  1.2510696E-04 -6.075516834559106E-04  1.2477382E-04 -3.521674092382206E-04  1.2498184E-04  2.529512095666003E-03  1.2495495E-04 -2.019865387044642E-05  1.2491487E-04 -2.893038885131570E-03  1.2503787E-04  1.044270463181284E-05          0
 395.0  1.987892753987948E-03  1.2430970E-04  1.380125707517739E-02  1.2436527E-04 -4.125182728397612E-04  1.2482674E-04 -3.371098170717770E-03  1.2490358E-04 -1.285275319601781E-03  1.2508282E-04 -2.267473396334205E-04  1.2480335E-04 -1.745637047825083E-04  1.2497438E-04  2.643501603781872E-03  1.2496158E-04 -7.618297814398296E-04  1.2492647E-04 -2.083377336883141E-03  1.2502709E-04  1.039567117197286E-05          0
 400.0  1.330189765044792E-03  1.2433955E-04  1.312065778535689E-02  1.2437081E-04  3.952231895664241E-05  1.2484731E-04 -3.231949736469382E-03  1.2488970E-04 -1.232640219444208E-03  1.2505507E-04  1.171017606871470E-04  1.2483678E-04  1.282446021972549E-04  1.2498050E-04  2.603822261964163E-03  1.2495501E-04 -1.234480816825342E-03  1.2495961E-04 -1.216178346988614E-03  1.2499339E-04  1.034721851519713E-05          0
 405.0  7.095499549677782E-04  1.2436360E-04  1.244156736177880E-02  1.2437936E-04  4.089517626995025E-04  1.2487847E-04 -3.071010982616094E-03  1.2486472E-04 -9.449158357621154E-04  1.2503756E-04  4.300719573335534E-04  1.2486026E-04  6.074187545837683E-04  1.2499637E-04  2.557785253550497E-03  1.2493894E-04 -1.483801795784202E-03  1.2500581E-04 -4.402502218597084E-04  1.2494620E-04  1.030074710533224E-05          0
 410.0  1.073738189984815E-04  1.2438240E-04  1.176162068263691E-02  1.2439136E-04  6.895202044776136E-04  1.2491793E-04 -2.878057541957853E-03  1.2483077E-04 -5.310091427091235E-04  1.2503155E-04  6.796286381434947E-04  1.2487226E-04  1.223609578875242E-03  1.2501967E-04  2.448526410386502E-03  1.2491521E-04 -1.564864051638218E-03  1.2506480E-04  1.265833603273771E-04  1.2488737E-04  1.025357161870033E-05          0
 415.0 -4.901766332914148E-04  1.2439547E-04  1.108202174200985E-02  1.2440789E-04  8.649476818403104E-04  1.2495737E-04 -2.655814436670516E-03  1.2479665E-04  6.462853804303423E-05  1.2503958E-04  9.832466757530584E-04  1.2486898E-04  1.834077695495763E-03  1.2504386E-04  2.188244637466436E-03  1.2489009E-04 -1.465591937858441E-03  1.2509169E-04  5.444223778247176E-04  1.2486193E-04  1.020697286324121E-05          0
 420.0 -1.073462584543203E-03  1.2440447E-04  1.039251090021640E-02  1.2442750E-04  9.632784257821885E-04  1.2499115E-04 -2.426033579896537E-03  1.2476902E-04  6.791706701143876E-04  1.2504601E-04  1.327777470812691E-03  1.2486579E-04  2.333505219066074E-03  1.2504719E-04  1.731363420072358E-03  1.2488539E-04 -1.251673005271357E-03  1.2509577E-04  6.981794066605817E-04  1.2486058E-04  1.016265291392472E-05          0
 425.0 -1.639218877273863E-03  1.2441080E-04  9.696013931755454E-03  1.2444914E-04  9.972541216901601E-04  1.2502439E-04 -2.178491425539282E-03  1.2474229E-04  1.221362973045498E-03  1.2504552E-04  1.663731911703583E-03  1.2486857E-04  2.807530569893381E-03  1.2502797E-04  1.110295541043261E-03  1.2490302E-04 -8.540971627155607E-04  1.2507718E-04  6.292334024565701E-04  1.2488247E-04  1.011789072493682E-05          0
 430.0 -2.207151254833375E-03  1.2441537E-04  9.026071363650717E-03  1.2447215E-04  9.812183352095490E-04  1.2505496E-04 -1.928327776822867E-03  1.2471829E-04  1.672281694199564E-03  1.2503993E-04  1.886538073554765E-03  1.2487642E-04  3.225255880387799E-03  1.2498502E-04  2.722877297321443E-04  1.2494454E-04 -3.245924496393353E-04  1.2506649E-04  3.250682770271230E-04  1.2489628E-04  1.007413225146230E-05          0
 435.0 -2.759807662800286E-03  1.2441765E-04  8.353333210626800E-03  1.2449691E-04  9.103509673668714E-04  1.2508438E-04 -1.711838114321056E-03  1.2469570E-04  2.063026292585430E-03  1.2502448E-04  2.029359640364277E-03  1.2489382E-04  3.611196398876416E-03  1.2493243E-04 -6.208914444762480E-04  1.2499678E-04  2.775837982346420E-04  1.2507237E-04 -1.530226209384178E-04  1.2489269E-04  1.003050822266315E-05          0
 440.0 -3.309937910724487E-03  1.2442124E-04  7.703333342959960E-03  1.2452013E-04  8.403438767186733E-04  1.2511423E-04 -1.544146478962214E-03  1.2467289E-04  2.458685958616205E-03  1.2500057E-04  2.143286511694985E-03  1.2491866E-04  3.986440465313533E-03  1.2489276E-04 -1.569787453672159E-03  1.2503741E-04  8.780305897700417E-04  1.2508828E-04 -6.088963682336698E-04  1.2487820E-04  9.988038130118644E-06          0
 445.0 -3.845750944581548E-03  1.2442746E-04  7.087090808396547E-03  1.2454024E-04  7.965940318827062E-04  1.2513445E-04 -1.436743864691274E-03  1.2465964E-04  2.796583500875524E-03  1.2497842E-04  2.267270933666780E-03  1.2494082E-04  4.193793422229942E-03  1.2488842E-04 -2.457517692702290E-03  1.2504387E-04  1.525372059650761E-03  1.2511157E-04 -1.030160015160505E-03  1.2485594E-04  9.945067006054814E-06          0
 450.0 -4.387854081659003E-03  1.2443588E-04  6.503712855282383E-03  1.2455798E-04  7.667504550319306E-04  1.2513324E-04 -1.384944273162586E-03  1.2466665E-04  3.044932121595565E-03  1.2495333E-04  2.375664291300121E-03  1.2496582E-04  4.062131709135460E-03  1.2491576E-04 -3.122298007021705E-03  1.2502001E-04  2.019930589946279E-03  1.2510927E-04 -1.363501300094507E-03  1.2485856E-04  9.903768310058605E-06          0
 455.0 -4.898619779590721E-03  1.2444471E-04  5.964272321553356E-03  1.2457439E-04  7.372609460945976E-04  1.2512087E-04 -1.403318007750500E-03  1.2468449E-04  3.164264297488541E-03  1.2493233E-04  2.372120047368441E-03  1.2498668E-04  3.750138473092093E-03  1.2495176E-04 -3.558481353077942E-03  1.2498746E-04  2.261958692757432E-03  1.2508548E-04 -1.473033665139599E-03  1.2488197E-04  9.863804121431366E-06          0
 460.0 -5.401067157427441E-03  1.2445470E-04  5.470954073795268E-03  1.2458936E-04  7.105789723942578E-04  1.2510376E-04 -1.501717297654480E-03  1.2470690E-04  3.142256163049879E-03  1.2492988E-04  2.354728370870154E-03  1.2498939E-04  3.361738052136513E-03  1.2498022E-04 -3.763505215936945E-03  1.2496253E-04  2.270657754892150E-03  1.2504831E-04 -1.423492187292504E-03  1.2491887E-04  9.824176871821550E-06          0
 465.0 -5.880430143284751E-03  1.2446589E-04  5.020207268583571E-03  1.2460249E-04  6.939116785570137E-04  1.2507635E-04 -1.669368895038891E-03  1.2473935E-04  2.955064760044643E-03  1.2493748E-04  2.342415316888656E-03  1.2498298E-04  2.813485678137447E-03  1.2498092E-04 -3.857801810308399E-03  1.2496557E-04  2.137201066103022E-03  1.2501467E-04 -1.203518338354662E-03  1.2495208E-04  9.783769244897398E-06          0
 470.0 -6.358672450089258E-03  1.2447545E-04  4.625167587181931E-03  1.2461592E-04  6.494425678912981E-04  1.2504752E-04 -1.864649762608304E-03  1.2477344E-04  2.574957923153864E-03  1.2494897E-04  2.354211369684671E-03  1.2497331E-04  2.241224577383130E-03  1.2497540E-04 -3.788222036602654E-03  1.2497418E-04  1.932750202730175E-03  1.2499666E-04 -7.366702037566490E-04  1.2497060E-04  9.745242832665640E-06          0
 475.0 -6.829797314796068E-03  1.2448626E-04  4.265554077617200E-03  1.2462709E-04  6.242934199046025E-04  1.2500682E-04 -2.060044824244748E-03  1.2481892E-04  2.085411155008609E-03  1.2495619E-04  2.361888310417640E-03  1.2496828E-04  1.489891985316104E-03  1.2495524E-04 -3.587981086759891E-03  1.2499686E-04  1.610525088257404E-03  1.2496400E-04 -1.370013104056565E-04  1.2500403E-04  9.706109024555686E-06          0
 480.0 -7.287067072627757E-03  1.2449685E-04  3.948286063203467E-03  1.2463790E-04  5.914496244736497E-04  1.2496620E-04 -2.215935564380475E-03  1.2486382E-04  1.487013111819923E-03  1.2495207E-04  2.317163763641680E-03  1.2497456E-04  7.563280103038551E-04  1.2493387E-04 -3.217770164995646E-03  1.2501972E-04  1.279362360827076E-03  1.2494077E-04  4.279030795498195E-04  1.2502849E-04  9.668490272859490E-06          0
 485.0 -7.730420786045136E-03  1.2450799E-04  3.653382407083595E-03  1.2464767E-04  5.660325969382506E-04  1.2493084E-04 -2.366917688377411E-03  1.2490348E-04  8.637590428804916E-04  1.2494030E-04  2.282042092507409E-03  1.2498749E-04  1.191312619932389E-04  1.2491305E-04 -2.724525288802420E-03  1.2504128E-04  1.076545556803785E-03  1.2490424E-04  9.734001390593947E-04  1.2506671E-04  9.631563936476203E-06          0
 490.0 -8.173482860539502E-03  1.2451782E-04  3.398103662838021E-03  1.2465777E-04  5.204559186934994E-04  1.2490084E-04 -2.477743581664052E-03  1.2493761E-04  3.322217284215881E-04  1.2492850E-04  2.217708483373519E-03  1.2499984E-04 -4.184914620783529E-04  1.2491222E-04 -2.110151251240372E-03  1.2504261E-04  9.764143944529003E-04  1.2488485E-04  1.557990939528353E-03  1.2508709E-04  9.593777745361492E-06          0
 495.0 -8.599866597404702E-03  1.2452468E-04  3.175506219188515E-03  1.2467029E-04  4.280354667643100E-04  1.2487954E-04 -2.509022711940792E-03  1.2496258E-04 -8.725042251983908E-05  1.2492312E-04  2.214571878889409E-03  1.2500549E-04 -7.981025885111915E-04  1.2492213E-04 -1.382616910331513E-03  1.2503258E-04  1.011348181781550E-03  1.2487032E-04  2.206772736572404E-03  1.2510198E-04  9.556462796808134E-06          0
 500.0 -8.995458614271911E-03  1.2453157E-04  2.999394553584870E-03  1.2468189E-04  3.418968466170624E-04  1.2486316E-04 -2.527295261713431E-03  1.2498187E-04 -4.236952593461769E-04  1.2492816E-04  2.249334926919008E-03  1.2500121E-04 -1.079965160931339E-03  1.2495001E-04 -6.381281813124838E-04  1.2500432E-04  1.123380431620828E-03  1.2487864E-04  2.824265079436848E-03  1.2509356E-04  9.520559971309160E-06          0
 505.0 -9.352535541072279E-03  1.2453524E-04  2.848552586378355E-03  1.2469605E-04  2.055411753158087E-04  1.2485056E-04 -2.520342188862242E-03  1.2499698E-04 -7.195792275946562E-04  1.2493683E-04  2.281432211573920E-03  1.2499332E-04 -1.296248884964725E-03  1.2499465E-04 -4.863428998277898E-07  1.2495935E-04  1.226364396304082E-03  1.2488719E-04  3.283462024928979E-03  1.2508435E-04  9.484430877035104E-06          0
 510.0 -9.686916804612851E-03  1.2453800E-04  2.731879941198685E-03  1.2471016E-04  6.281673361786149E-05  1.2484448E-04 -2.526794789620322E-03  1.2500553E-04 -8.528682115957272E-04  1.2495403E-04  2.301046271296358E-03  1.2497687E-04 -1.407242394143744E-03  1.2504116E-04  5.373986128394476E-04  1.2491265E-04  1.263797112061570E-03  1.2490317E-04  3.503193537385231E-03  1.2506790E-04  9.448601265564459E-06          0
 515.0 -1.000468043853188E-02  1.2454170E-04  2.644286915596946E-03  1.2472263E-04 -5.993005124738072E-05  1.2484881E-04 -2.539520781840653E-03  1.2500349E-04 -8.588073013598752E-04  1.2498002E-04  2.417002315943267E-03  1.2495151E-04 -1.351242983537984E-03  1.2508176E-04  8.047909755039262E-04  1.2487295E-04  1.190957766601302E-03  1.2493029E-04  3.409582786406106E-03  1.2504180E-04  9.413716878128789E-06          0
 520.0 -1.028388903732590E-02  1.2454753E-04  2.560995163844905E-03  1.2473220E-04 -1.388820316062976E-04  1.2486404E-04 -2.544255790312501E-03  1.2499042E-04 -7.625319833866946E-04  1.2499944E-04  2.502490359447007E-03  1.2493300E-04 -1.123987597067061E-03  1.2509901E-04  8.971631035328552E-04  1.2485696E-04  9.220045142278591E-04  1.2495696E-04  3.148361196218342E-03  1.2501697E-04  9.379001861595211E-06          0
 525.0 -1.051798235932288E-02  1.2455575E-04  2.509890363914403E-03  1.2473869E-04 -1.802486728417093E-04  1.2488285E-04 -2.523052250686938E-03  1.2497379E-04 -5.232457263577101E-04  1.2499399E-04  2.585591817856452E-03  1.2493918E-04 -8.464451575851726E-04  1.2510145E-04  8.803808369472098E-04  1.2485622E-04  5.008708882548155E-04  1.2496843E-04  2.702571645923754E-03  1.2500693E-04  9.344394180492645E-06          0
 530.0 -1.071610037722177E-02  1.2456129E-04  2.475166849401415E-03  1.2474672E-04 -2.493289469305580E-04  1.2490059E-04 -2.453613716982044E-03  1.2495828E-04 -1.814172075019024E-04  1.2499639E-04  2.618074115797532E-03  1.2493716E-04 -5.943982963048182E-04  1.2508691E-04  7.257427446910924E-04  1.2487270E-04  1.043630360706334E-04  1.2497655E-04  2.005445044979671E-03  1.2499993E-04  9.310024753862377E-06          0
 535.0 -1.091135467708959E-02  1.2456270E-04  2.435933245369443E-03  1.2475776E-04 -3.731736620173544E-04  1.2492209E-04 -2.383312170267749E-03  1.2493920E-04  2.286901017782804E-04  1.2500965E-04  2.568536068150832E-03  1.2492451E-04 -2.897471415258397E-04  1.2508041E-04  5.335046540375037E-04  1.2488167E-04 -3.147192636304919E-04  1.2499801E-04  1.234612762858885E-03  1.2497873E-04  9.275957478043845E-06          0
 540.0 -1.108782450073767E-02  1.2456092E-04  2.408157723609610E-03  1.2477063E-04 -5.366786912699398E-04  1.2495114E-04 -2.285245766154272E-03  1.2491246E-04  6.037995166183533E-04  1.2501725E-04  2.496965872501117E-03  1.2491716E-04  1.320209984353242E-04  1.2508816E-04  2.940698772895000E-04  1.2487633E-04 -7.010435498650824E-04  1.2502317E-04  4.121952728308670E-04  1.2495340E-04  9.242813975387974E-06          0
 545.0 -1.124345529712448E-02  1.2455858E-04  2.402641634159023E-03  1.2478312E-04 -7.032523346560855E-04  1.2498005E-04 -2.206919650099269E-03  1.2488538E-04  9.533515892363737E-04  1.2502967E-04  2.341985265144946E-03  1.2490509E-04  5.521422221749985E-04  1.2508881E-04 -9.554585048207197E-05  1.2487742E-04 -9.052215884661662E-04  1.2504278E-04 -2.076541712338469E-04  1.2493308E-04  9.210135460591777E-06          0
 550.0 -1.138396353700170E-02  1.2455729E-04  2.396935442693700E-03  1.2479361E-04 -8.443977264797609E-04  1.2500933E-04 -2.122630828059569E-03  1.2485744E-04  1.380215840070063E-03  1.2503726E-04  2.141733769555894E-03  1.2489822E-04  9.789523044737738E-04  1.2509535E-04 -5.195677562770507E-04  1.2487221E-04 -8.248627116927852E-04  1.2504495E-04 -5.749604106569960E-04  1.2493037E-04  9.177470709708997E-06          0
 555.0 -1.152767882094003E-02  1.2455308E-04  2.404218673293283E-03  1.2480591E-04 -1.021572952448644E-03  1.2503346E-04 -1.984864801589960E-03  1.2483452E-04  1.837797967346220E-03  1.2504162E-04  1.887018019570707E-03  1.2489388E-04  1.324384360498224E-03  1.2509593E-04 -9.461069393417347E-04  1.2487248E-04 -5.924825190064170E-04  1.2505017E-04 -7.998042342923690E-04  1.2492512E-04  9.145428552526904E-06          0
 560.0 -1.167057743645081E-02  1.2454863E-04  2.425969988691871E-03  1.2481783E-04 -1.196421315585565E-03  1.2505189E-04 -1.805803894421033E-03  1.2481732E-04  2.272822947891735E-03  1.2504209E-04  1.474678026544802E-03  1.2489274E-04  1.580723442319829E-03  1.2509398E-04 -1.193183820551493E-03  1.2487469E-04 -3.958036757954209E-04  1.2501657E-04 -8.207417029991167E-04  1.2495953E-04  9.114280828827980E-06          0
 565.0 -1.180736422906689E-02  1.2454634E-04  2.444755382770407E-03  1.2482717E-04 -1.333382814163798E-03  1.2506588E-04 -1.612511608537380E-03  1.2480454E-04  2.639498159238510E-03  1.2503016E-04  9.340488132104237E-04  1.2490354E-04  1.769450273524516E-03  1.2508024E-04 -1.268679818088424E-03  1.2488871E-04 -2.086066637803674E-04  1.2497198E-04 -5.827329245272348E-04  1.2500498E-04  9.082917195783401E-06          0
 570.0 -1.195186639393422E-02  1.2454519E-04  2.481517183738537E-03  1.2483465E-04 -1.443695718592368E-03  1.2507888E-04 -1.382661865436445E-03  1.2479296E-04  2.967098612712883E-03  1.2500649E-04  3.233249113377407E-04  1.2492563E-04  1.945051771563595E-03  1.2505099E-04 -1.246528505110605E-03  1.2491781E-04 -4.426712243539593E-06  1.2493317E-04 -3.078946055438986E-04  1.2504489E-04  9.051999360794919E-06          0
 575.0 -1.209519400373765E-02  1.2454692E-04  2.523900108173346E-03  1.2483881E-04 -1.500303325673968E-03  1.2508094E-04 -1.098172270977197E-03  1.2479270E-04  3.286379267889437E-03  1.2497686E-04 -3.122660975789841E-04  1.2495437E-04  1.950183272309469E-03  1.2503289E-04 -1.182099029901405E-03  1.2493576E-04  1.336209050886869E-04  1.2490352E-04  1.345141941662693E-04  1.2507487E-04  9.021848838141724E-06          0
 580.0 -1.222208085148641E-02  1.2455278E-04  2.546917784491729E-03  1.2483860E-04 -1.485194622511515E-03  1.2507801E-04 -7.855674385067415E-04  1.2479788E-04  3.553232080626404E-03  1.2494298E-04 -9.065593905611146E-04  1.2498777E-04  1.881715469960015E-03  1.2502195E-04 -1.138124315859135E-03  1.2494666E-04  9.187810462402994E-05  1.2490637E-04  5.250789995874896E-04  1.2507187E-04  8.991116031702119E-06          0
 585.0 -1.233842568009414E-02  1.2455999E-04  2.567806744331043E-03  1.2483713E-04 -1.444242809679764E-03  1.2507310E-04 -4.386311618127618E-04  1.2480584E-04  3.714803812437300E-03  1.2492273E-04 -1.474475734662521E-03  1.2500804E-04  1.787425568892565E-03  1.2501553E-04 -1.108859683577228E-03  1.2495274E-04 -6.988114315002218E-05  1.2494399E-04  8.892487689394265E-04  1.2503397E-04  8.960936512980569E-06          0
 590.0 -1.244841168525003E-02  1.2457008E-04  2.572881153016834E-03  1.2483273E-04 -1.352573939379474E-03  1.2507019E-04 -8.808419683440944E-05  1.2481209E-04  3.792675944305702E-03  1.2492343E-04 -2.001717078482849E-03  1.2500789E-04  1.728961184889234E-03  1.2499915E-04 -9.932244830922060E-04  1.2496944E-04 -3.068719587781953E-04  1.2498421E-04  1.241724500592046E-03  1.2499316E-04  8.930860691479262E-06          0
 595.0 -1.252608360789888E-02  1.2458315E-04  2.566183929380504E-03  1.2482561E-04 -1.209275106387153E-03  1.2506654E-04  2.481577753662377E-04  1.2481892E-04  3.794395911536218E-03  1.2493193E-04 -2.442054191615993E-03  1.2500040E-04  1.667939287280171E-03  1.2498083E-04 -6.876744636449085E-04  1.2498862E-04 -4.992396595696572E-04  1.2499877E-04  1.519109073859100E-03  1.2497853E-04  8.901447997901807E-06          0
 600.0 -1.257498940453510E-02  1.2459749E-04  2.532546270803646E-03  1.2481739E-04 -1.040057700250977E-03  1.2506197E-04  5.661068039971492E-04  1.2482679E-04  3.667388674170512E-03  1.2495105E-04 -2.843902855985844E-03  1.2498250E-04  1.594946489906135E-03  1.2495334E-04 -2.408927953109277E-04  1.2501705E-04 -5.816636159614585E-04  1.2497697E-04  1.669921810778728E-03  1.2500147E-04  8.872525973839607E-06          0
 605.0 -1.260595158091959E-02  1.2461761E-04  2.461937884727211E-03  1.2480362E-04 -7.763251232412851E-04  1.2505333E-04  8.583668024441358E-04  1.2483875E-04  3.424308045830571E-03  1.2497994E-04 -3.183075092555985E-03  1.2495591E-04  1.461212278195655E-03  1.2492122E-04  3.262883840441525E-04  1.2505036E-04 -5.080253902746953E-04  1.2495019E-04  1.875000176085406E-03  1.2503042E-04  8.844242809754637E-06          0
 610.0 -1.260467021497773E-02  1.2463996E-04  2.367772507142234E-03  1.2478784E-04 -4.751201652773595E-04  1.2504497E-04  1.096585707525791E-03  1.2485063E-04  3.051292206476056E-03  1.2499810E-04 -3.425583893275187E-03  1.2494114E-04  1.333585035377906E-03  1.2489976E-04  8.600833760986897E-04  1.2507289E-04 -2.548045083840969E-04  1.2493506E-04  2.049938500574128E-03  1.2504783E-04  8.815539405582313E-06          0
 615.0 -1.257996214560861E-02  1.2466597E-04  2.254553579783464E-03  1.2476867E-04 -1.138644610401167E-04  1.2503494E-04  1.333621725781191E-03  1.2486413E-04  2.573600273916221E-03  1.2501118E-04 -3.610904694994367E-03  1.2493162E-04  1.180873322435736E-03  1.2488552E-04  1.321089856127256E-03  1.2508763E-04 -9.609152863687101E-05  1.2491840E-04  2.283729825505052E-03  1.2506614E-04  8.786495777052469E-06          0
 620.0 -1.250797396723932E-02  1.2469550E-04  2.119982635610291E-03  1.2474646E-04  3.000537893280097E-04  1.2502695E-04  1.519772580181147E-03  1.2487545E-04  2.047254338236630E-03  1.2502564E-04 -3.709613793364630E-03  1.2492059E-04  1.062960290798286E-03  1.2488426E-04  1.767003630330332E-03  1.2508902E-04  3.453780869997185E-06  1.2491484E-04  2.537959064263293E-03  1.2507042E-04  8.758697527923166E-06          0
 625.0 -1.241382446771403E-02  1.2472756E-04  1.974318748838108E-03  1.2472183E-04  7.559437008688600E-04  1.2502226E-04  1.659335041928049E-03  1.2488302E-04  1.497060677599723E-03  1.2502343E-04 -3.645812026925412E-03  1.2492616E-04  1.000364699966917E-03  1.2489480E-04  2.291372118888619E-03  1.2507807E-04  6.747490138654292E-05  1.2492431E-04  2.694682155215795E-03  1.2506066E-04  8.730452485918903E-06          0
 630.0 -1.228586023167933E-02  1.2475845E-04  1.818443383254031E-03  1.2469860E-04  1.190761274903617E-03  1.2501812E-04  1.813402873912895E-03  1.2488962E-04  9.484767143042465E-04  1.2501409E-04 -3.479781506009447E-03  1.2493823E-04  9.486456855071194E-04  1.2490253E-04  2.737569711284423E-03  1.2506974E-04  1.102409725945823E-04  1.2494713E-04  2.591077147776137E-03  1.2503717E-04  8.702901749128290E-06          0
 635.0 -1.210455050142979E-02  1.2478576E-04  1.658549959069276E-03  1.2467920E-04  1.565422196919888E-03  1.2501005E-04  1.953877097230562E-03  1.2489976E-04  4.207909570748054E-04  1.2500639E-04 -3.250059627213924E-03  1.2494793E-04  8.353131926014921E-04  1.2490794E-04  3.081129304558966E-03  1.2506431E-04  2.386931442992136E-04  1.2497135E-04  2.276463356656325E-03  1.2501219E-04  8.675239557781805E-06          0
