   1.0.0 # v: lpa-xrd version
5.00e+13 # d: dislocation density [m^-2]
 1  1  0 # z: direction of 'l' (line vector) [uvw]
 1  1  0 # b: Burgers vector direction [uvw]
 2  0  0 # g: diffraction vector direction (hkl)
0.250000 # C: contrast coefficient [1]
0.404940 # a: cell parameter [nm]
    6400 # s: side of the region of interest [nm] PBC1
0.345000 # nu: Poisson's number [1]
    2048 # nd: number of dislocations in the input file
  200000 # np: number of random points
#    L                   cos1       err_cos1                   sin1       err_sin1                   cos2       err_cos2                   sin2       err_sin2                   cos3       err_cos3                   sin3       err_sin3                   cos4       err_cos4                   sin4       err_sin4                   cos5       err_cos5                   sin5       err_sin5                   eps2       nrpo
   5.0  9.939051003809498E-01  1.7037781E-05  5.226283079352784E-04  4.0064463E-05  9.794157393670975E-01  3.3223313E-05  1.057162163141972E-03  7.2458788E-05  9.585163167095638E-01  5.0733494E-05  1.612598738667388E-03  1.0046979E-04  9.326443319226401E-01  6.8774557E-05  2.129812346879734E-03  1.2475505E-04  9.029664242288868E-01  8.6642284E-05  2.615777626262047E-03  1.4586251E-04  2.212230164696626E-05          0
  10.0  9.787374230650424E-01  3.5442546E-05  1.059741446315243E-03  7.2838944E-05  9.319394997199789E-01  6.9979574E-05  2.083278661145500E-03  1.2490890E-04  8.698662901501010E-01  1.0451946E-04  3.022578857525025E-03  1.6432262E-04  7.997332969468203E-01  1.3571270E-04  3.717715291844639E-03  1.9428953E-04  7.263911370456391E-01  1.6252266E-04  4.218646298539684E-03  2.1722546E-04  1.986343108842441E-05          0
  15.0  9.567439749997332E-01  5.4618443E-05  1.580621904634007E-03  1.0107145E-04  8.689146976632944E-01  1.0555114E-04  2.981809917257500E-03  1.6444988E-04  7.625132484235667E-01  1.5015680E-04  4.034437554503785E-03  2.0658292E-04  6.527468340607721E-01  1.8537481E-04  4.559155930932106E-03  2.3463867E-04  5.478534813962384E-01  2.1222217E-04  4.762095942980269E-03  2.5297806E-04  1.854692820706031E-05          0
  20.0  9.295443564904113E-01  7.3801276E-05  2.102225040065816E-03  1.2549715E-04  7.978502247531324E-01  1.3716490E-04  3.749275368723258E-03  1.9447935E-04  6.520000159629263E-01  1.8574800E-04  4.613813092080482E-03  2.3466723E-04  5.142494211287084E-01  2.1974586E-04  4.700587796930384E-03  2.5750605E-04  3.935900104769264E-01  2.4275479E-04  4.296221032366255E-03  2.6972848E-04  1.760870552910952E-05          0
  25.0  8.984275323228886E-01  9.2439197E-05  2.597092038221687E-03  1.4668362E-04  7.237787955834586E-01  1.6416519E-04  4.247987171771840E-03  2.1735092E-04  5.467254298653320E-01  2.1263956E-04  4.722748694868807E-03  2.5300770E-04  3.932410566716597E-01  2.4282934E-04  4.245765409112949E-03  2.6974310E-04  2.706007204776022E-01  2.6071778E-04  3.310959026012143E-03  2.7657040E-04  1.688869837530668E-05          0
  30.0  8.645160170919433E-01  1.1012878E-04  2.997459958588872E-03  1.6507170E-04  6.501274672551646E-01  1.8669796E-04  4.544363066996548E-03  2.3472456E-04  4.505971084065485E-01  2.3265059E-04  4.497628563967774E-03  2.6466339E-04  2.923861234189939E-01  2.5792520E-04  3.473150377992657E-03  2.7571017E-04  1.778610624171494E-01  2.7071117E-04  2.365701322270574E-03  2.7878946E-04  1.629727450874929E-05          0
  35.0  8.286828567802269E-01  1.2664942E-04  3.361349070301518E-03  1.8108048E-04  5.789263095453249E-01  2.0535243E-04  4.672828137303225E-03  2.4781543E-04  3.654856174749500E-01  2.4737061E-04  3.956740235689173E-03  2.7170649E-04  2.113190001160356E-01  2.6746075E-04  2.619733668900099E-03  2.7824309E-04  1.112393196359053E-01  2.7583221E-04  1.850119767619361E-03  2.7925875E-04  1.579459552356056E-05          0
  40.0  7.917109926871094E-01  1.4187023E-04  3.663662527203299E-03  1.9502776E-04  5.115244125076326E-01  2.2068531E-04  4.572235647353502E-03  2.5755187E-04  2.918732947317327E-01  2.5802719E-04  3.349116514809801E-03  2.7569849E-04  1.482379602807757E-01  2.7321649E-04  2.254402836736022E-03  2.7909148E-04  6.588001932807226E-02  2.7811182E-04  1.781182922539600E-03  2.7931978E-04  1.535479936890742E-05          0
  45.0  7.541818919218696E-01  1.5579048E-04  3.912318231549871E-03  2.0719406E-04  4.486548010090165E-01  2.3323498E-04  4.371096322650234E-03  2.6466783E-04  2.294305734056040E-01  2.6555184E-04  2.861783749297173E-03  2.7781229E-04  1.006519488552673E-01  2.7646470E-04  2.001897564520331E-03  2.7927901E-04  3.652778465607143E-02  2.7901387E-04  1.706074709389150E-03  2.7931534E-04  1.496556279415997E-05          0
  50.0  7.165710355681909E-01  1.6846500E-04  4.093779289765561E-03  2.1779753E-04  3.907672513698390E-01  2.4342536E-04  4.082420010727145E-03  2.6976747E-04  1.773651326097348E-01  2.7076359E-04  2.502924521049956E-03  2.7878923E-04  6.580235793645080E-02  2.7813633E-04  1.794294181997624E-03  2.7929835E-04  1.850570275135256E-02  2.7942699E-04  1.644002732219884E-03  2.7922281E-04  1.460640133319724E-05          0
  55.0  6.792162964705524E-01  1.7998248E-04  4.244755062766252E-03  2.2703249E-04  3.380079550945970E-01  2.5167634E-04  3.736429359753191E-03  2.7330968E-04  1.346054479684704E-01  2.7424112E-04  2.144789111427088E-03  2.7918426E-04  4.126056545633090E-02  2.7891774E-04  1.715909379013935E-03  2.7929705E-04  8.265441579396609E-03  2.7964082E-04  1.549240377828553E-03  2.7912300E-04  1.428293142217676E-05          0
  60.0  6.423597321492941E-01  1.9043752E-04  4.363744162514456E-03  2.3507093E-04  2.903182805628646E-01  2.5829343E-04  3.356090864877265E-03  2.7570679E-04  1.003468384161936E-01  2.7648398E-04  1.880228763790273E-03  2.7927605E-04  2.451784910908624E-02  2.7930434E-04  1.686901019870320E-03  2.7925699E-04  2.998487740851409E-03  2.7971090E-04  1.242222839025143E-03  2.7910162E-04  1.398773289665958E-05          0
  65.0  6.062494478078773E-01  1.9989697E-04  4.406766093307239E-03  2.4205278E-04  2.475679370120743E-01  2.6353793E-04  2.993675767778369E-03  2.7728077E-04  7.322965374326326E-02  2.7785638E-04  1.680134086259931E-03  2.7927629E-04  1.348515385483118E-02  2.7954671E-04  1.691143839167655E-03  2.7916514E-04  6.650990336655822E-04  2.7966325E-04  7.917557264105618E-04  2.7918402E-04  1.371769484541485E-05          0
  70.0  5.710685797209351E-01  2.0844220E-04  4.430018853029498E-03  2.4809718E-04  2.095592550894465E-01  2.6768013E-04  2.679456027292289E-03  2.7823940E-04  5.225994748546773E-02  2.7858575E-04  1.609182655497463E-03  2.7932208E-04  6.790271273727378E-03  2.7968948E-04  1.648256292948066E-03  2.7908655E-04 -2.764762504472594E-05  2.7956981E-04  3.733212427342044E-04  2.7930650E-04  1.346602132928685E-05          0
  75.0  5.368850596866165E-01  2.1617447E-04  4.418376509819180E-03  2.5331729E-04  1.759943671190955E-01  2.7087855E-04  2.407649326699570E-03  2.7881340E-04  3.628582067656215E-02  2.7900440E-04  1.620385409379828E-03  2.7932998E-04  2.835081592632488E-03  2.7971773E-04  1.417798203966852E-03  2.7909543E-04 -1.433410103063287E-04  2.7948961E-04  1.525002521546866E-04  2.7940765E-04  1.323069948352031E-05          0
  80.0  5.038741221781938E-01  2.2315015E-04  4.359424022513141E-03  2.5779594E-04  1.466604137103684E-01  2.7331746E-04  2.153385550188686E-03  2.7912284E-04  2.440375593401839E-02  2.7928686E-04  1.622235396180800E-03  2.7927505E-04  7.585267531223822E-04  2.7967349E-04  1.235398698473703E-03  2.7916886E-04 -8.251037772945020E-05  2.7932766E-04 -1.745928465170666E-04  2.7958345E-04  1.300788108951407E-05          0
  85.0  4.720138864995386E-01  2.2946362E-04  4.260656680829757E-03  2.6162466E-04  1.211884174241570E-01  2.7515892E-04  1.977641404363359E-03  2.7926046E-04  1.572983661562570E-02  2.7948280E-04  1.705212337736821E-03  2.7919951E-04 -8.619426858436107E-05  2.7961276E-04  8.554161152208993E-04  2.7925593E-04 -1.262950984977845E-04  2.7919010E-04 -5.635208830865440E-04  2.7973055E-04  1.280137769966186E-05          0
  90.0  4.414188711363314E-01  2.3516511E-04  4.178061450906259E-03  2.6486857E-04  9.931768685411906E-02  2.7651124E-04  1.811463841746621E-03  2.7930949E-04  9.705342605457327E-03  2.7962206E-04  1.789669625824365E-03  2.7912570E-04 -2.965259407848641E-04  2.7955735E-04  3.653973209886290E-04  2.7933296E-04 -6.688899997188262E-05  2.7922168E-04 -9.006852033612428E-04  2.7970627E-04  1.260832242979755E-05          0
  95.0  4.120759686950164E-01  2.4031527E-04  4.070573707856390E-03  2.6760611E-04  8.066797226421804E-02  2.7747665E-04  1.656266632630422E-03  2.7932023E-04  5.590992799365951E-03  2.7970860E-04  1.813020962286340E-03  2.7908003E-04 -2.512796992649387E-04  2.7947824E-04  2.481166899527976E-06  2.7942625E-04  2.002802200235309E-04  2.7935499E-04 -1.028316195576750E-03  2.7958180E-04  1.242825453894801E-05          0
 100.0  3.840396067205482E-01  2.4494908E-04  3.942584718611730E-03  2.6990305E-04  6.488248655983586E-02  2.7815162E-04  1.589306009613960E-03  2.7931889E-04  2.929690282127204E-03  2.7971389E-04  1.591461306774460E-03  2.7910405E-04 -1.223707001531159E-04  2.7936891E-04 -2.064826831398164E-04  2.7954609E-04  7.755600985349348E-04  2.7947008E-04 -1.119509472656366E-03  2.7947585E-04  1.225733833192158E-05          0
 105.0  3.573736411901206E-01  2.4910047E-04  3.765612081750534E-03  2.7181557E-04  5.164203766888897E-02  2.7861973E-04  1.513238152766721E-03  2.7930821E-04  1.357455499852437E-03  2.7968355E-04  1.178378135590199E-03  2.7915799E-04  6.858664797734830E-05  2.7923854E-04 -4.995606102467551E-04  2.7968552E-04  1.529479172894123E-03  2.7954947E-04 -1.274506182249980E-03  2.7940593E-04  1.209179704202919E-05          0
 110.0  3.319658582384288E-01  2.5283142E-04  3.612290105647176E-03  2.7340198E-04  4.060492427374491E-02  2.7890827E-04  1.474865659205110E-03  2.7932545E-04  4.546497823759759E-04  2.7963702E-04  8.493899514113538E-04  2.7922495E-04  4.753590464536852E-05  2.7922862E-04 -7.273675826596905E-04  2.7970188E-04  2.059054553282827E-03  2.7962109E-04 -1.326756238444137E-03  2.7934176E-04  1.193710279530647E-05          0
 115.0  3.079201655478108E-01  2.5614189E-04  3.447982575270243E-03  2.7471984E-04  3.140042144636856E-02  2.7911282E-04  1.474124847270762E-03  2.7932466E-04 -1.039806164432761E-05  2.7961328E-04  4.080019187332836E-04  2.7926717E-04  1.452820934977588E-04  2.7926505E-04 -9.747553498026305E-04  2.7967110E-04  2.585625984789613E-03  2.7959304E-04 -1.593618809160020E-03  2.7937519E-04  1.178766168796333E-05          0
 120.0  2.851117099508154E-01  2.5911714E-04  3.276749609340514E-03  2.7578314E-04  2.395777117307155E-02  2.7925684E-04  1.445233707759621E-03  2.7931160E-04 -1.616794185859793E-04  2.7955337E-04  9.084211776448615E-05  2.7934099E-04  3.229756178109804E-04  2.7937584E-04 -1.234578594663175E-03  2.7956620E-04  2.847330803894400E-03  2.7951186E-04 -1.623839033965084E-03  2.7946088E-04  1.164670699335351E-05          0
 125.0  2.635627753489930E-01  2.6177233E-04  3.129534361995145E-03  2.7663536E-04  1.798556352091551E-02  2.7939956E-04  1.353930060749904E-03  2.7925444E-04 -1.758904024146172E-04  2.7947545E-04 -6.807374090838790E-05  2.7942871E-04  8.158943864941863E-04  2.7947767E-04 -1.257398872213567E-03  2.7947147E-04  2.801605489186549E-03  2.7944463E-04 -1.334280777304783E-03  2.7953134E-04  1.151290612918903E-05          0
 130.0  2.432130776728016E-01  2.6414044E-04  2.969526360782938E-03  2.7731044E-04  1.326150750399034E-02  2.7952194E-04  1.267428539577391E-03  2.7918798E-04 -1.861116061369324E-04  2.7940781E-04 -2.335046799994587E-04  2.7950422E-04  1.375349144106080E-03  2.7953521E-04 -1.319782178180720E-03  2.7942057E-04  2.465214365681195E-03  2.7942674E-04 -1.021636077571928E-03  2.7955151E-04  1.138343946787763E-05          0
 135.0  2.240369283756523E-01  2.6623821E-04  2.830075929283724E-03  2.7784407E-04  9.526977913616673E-03  2.7962105E-04  1.180250044484576E-03  2.7912710E-04 -1.996944564460300E-04  2.7934248E-04 -4.355870258247849E-04  2.7957613E-04  1.899063466522934E-03  2.7961135E-04 -1.417102905558242E-03  2.7935111E-04  2.034832556210458E-03  2.7943965E-04 -6.094367579264187E-04  2.7954039E-04  1.125944846454009E-05          0
 140.0  2.060450895584038E-01  2.6807978E-04  2.700400064480574E-03  2.7826726E-04  6.581072116758587E-03  2.7968909E-04  1.062683914175234E-03  2.7908745E-04 -1.354520549581360E-04  2.7929661E-04 -5.745810945636924E-04  2.7962782E-04  2.264878471868488E-03  2.7966327E-04 -1.588153905578056E-03  2.7930459E-04  1.395945684202506E-03  2.7948682E-04 -3.550278158537025E-04  2.7949379E-04  1.113984967800227E-05          0
 145.0  1.891432503298804E-01  2.6970993E-04  2.558156653170845E-03  2.7858556E-04  4.374259229019612E-03  2.7974200E-04  1.075104644225310E-03  2.7905608E-04  3.235635367187747E-05  2.7926067E-04 -7.166634538951183E-04  2.7966895E-04  2.568591658505101E-03  2.7965290E-04 -1.698246883281305E-03  2.7931890E-04  7.345019716628693E-04  2.7946414E-04 -2.668918576023230E-04  2.7951771E-04  1.102457044646318E-05          0
 150.0  1.733196594510573E-01  2.7114906E-04  2.446843982097491E-03  2.7881674E-04  2.790005955128436E-03  2.7977605E-04  1.124168772388038E-03  2.7903916E-04  1.200373378281620E-04  2.7925913E-04 -9.054898443661982E-04  2.7967431E-04  2.762741611198087E-03  2.7958645E-04 -1.586708758397442E-03  2.7938836E-04  2.082437725336740E-04  2.7947747E-04 -6.283996212666786E-05  2.7950583E-04  1.091377980591907E-05          0
 155.0  1.585650104681049E-01  2.7240575E-04  2.357331998146454E-03  2.7898403E-04  1.665410034540734E-03  2.7977721E-04  1.115117313263138E-03  2.7905257E-04  2.342288941163523E-04  2.7931364E-04 -1.094269652813484E-03  2.7962368E-04  2.732278531861584E-03  2.7949700E-04 -1.353897110382046E-03  2.7947981E-04 -8.739719765227811E-05  2.7944603E-04  2.462456321437995E-04  2.7953859E-04  1.080734534942447E-05          0
 160.0  1.447642166351475E-01  2.7350927E-04  2.266403173776744E-03  2.7909653E-04  9.322719667372523E-04  2.7975566E-04  1.064147458121756E-03  2.7908670E-04  4.251086363986691E-04  2.7936874E-04 -1.223038865393913E-03  2.7957326E-04  2.542378465065341E-03  2.7941021E-04 -1.006330987068755E-03  2.7956775E-04 -4.600246200795793E-04  2.7949232E-04  3.600380070674959E-04  2.7949310E-04  1.070248257637643E-05          0
 165.0  1.318946568757915E-01  2.7445472E-04  2.189693760468336E-03  2.7918430E-04  3.758708486655938E-04  2.7972764E-04  9.411483913918538E-04  2.7912718E-04  6.875595822652874E-04  2.7946077E-04 -1.345345705816956E-03  2.7948608E-04  2.303681394301452E-03  2.7939486E-04 -6.580008681624667E-04  2.7958256E-04 -7.031416417198459E-04  2.7952591E-04  2.755106350713674E-04  2.7946001E-04  1.060022597996438E-05          0
 170.0  1.198965027255799E-01  2.7526605E-04  2.144106915803043E-03  2.7924971E-04 -1.760071444845710E-05  2.7968777E-04  8.764227544968157E-04  2.7917974E-04  9.837702942769630E-04  2.7952506E-04 -1.619684173612464E-03  2.7942647E-04  1.974203199174639E-03  2.7942045E-04 -4.828629562121508E-04  2.7955691E-04 -1.162305371385531E-03  2.7953639E-04  3.379851322538393E-04  2.7945006E-04  1.050108944974392E-05          0
 175.0  1.088336613335652E-01  2.7595278E-04  2.105755637912898E-03  2.7929626E-04 -2.830317703856634E-04  2.7965633E-04  7.938960377056434E-04  2.7922268E-04  1.355139650627323E-03  2.7959381E-04 -1.801409122845272E-03  2.7936111E-04  1.705807768190490E-03  2.7944855E-04 -3.118154919139608E-04  2.7953056E-04 -1.297838702897524E-03  2.7957124E-04  3.103729871187738E-04  2.7941766E-04  1.040464758585303E-05          0
 180.0  9.857872166305995E-02  2.7653635E-04  2.070993218150596E-03  2.7932944E-04 -4.556048595966203E-04  2.7962742E-04  7.160577845385905E-04  2.7926179E-04  1.753599352683783E-03  2.7964438E-04 -1.836189572919556E-03  2.7931413E-04  1.457701320058159E-03  2.7943832E-04 -1.066027929964015E-04  2.7954299E-04 -1.339461514734745E-03  2.7957716E-04  3.225730283777128E-04  2.7941388E-04  1.031354617697837E-05          0
 185.0  8.911367220691344E-02  2.7702918E-04  2.048062041070676E-03  2.7935172E-04 -5.554414513169777E-04  2.7958375E-04  5.906930015217769E-04  2.7931344E-04  2.113390093139955E-03  2.7963021E-04 -1.857549057105355E-03  2.7933187E-04  1.109414863716029E-03  2.7945508E-04 -1.638372126685681E-07  2.7952690E-04 -1.102451133152291E-03  2.7955777E-04  5.261210969532390E-04  2.7943439E-04  1.022261020278477E-05          0
 190.0  8.035563448895801E-02  2.7745772E-04  1.972617681241194E-03  2.7935556E-04 -5.183037218460056E-04  2.7953349E-04  4.115664270823809E-04  2.7937126E-04  2.540164844835613E-03  2.7965578E-04 -1.844474059276258E-03  2.7931019E-04  7.079324478390734E-04  2.7948984E-04  1.176370118071733E-04  2.7949235E-04 -8.048847520351717E-04  2.7948998E-04  6.789265748956634E-04  2.7950202E-04  1.013532542051791E-05          0
 195.0  7.228852035196170E-02  2.7781821E-04  1.936756424671069E-03  2.7935458E-04 -4.488331519940484E-04  2.7948871E-04  1.505173151019118E-04  2.7942192E-04  2.868745832335602E-03  2.7963340E-04 -1.791555443499494E-03  2.7933571E-04  3.504211798843403E-04  2.7949035E-04  2.909163290498242E-04  2.7949303E-04 -3.935832994990050E-04  2.7949293E-04  9.115569461544784E-04  2.7949984E-04  1.004996084363773E-05          0
 200.0  6.486046850083307E-02  2.7811486E-04  1.945129543947241E-03  2.7935623E-04 -4.010229440162367E-04  2.7943243E-04 -4.318542557845686E-05  2.7948306E-04  3.109531801357488E-03  2.7959039E-04 -1.653893378528720E-03  2.7938064E-04 -8.699298940519705E-05  2.7951230E-04  3.783998164281854E-04  2.7947327E-04 -3.724645406087348E-05  2.7945283E-04  1.196373094616043E-03  2.7954199E-04  9.967896007486020E-06          0
 205.0  5.807436439620461E-02  2.7834665E-04  1.984982373173205E-03  2.7937015E-04 -4.389123918154208E-04  2.7936104E-04 -2.146103227928160E-04  2.7955837E-04  3.229690134602556E-03  2.7955138E-04 -1.608575670651231E-03  2.7942083E-04 -6.289514639226405E-04  2.7951968E-04  4.220169963006800E-04  2.7946791E-04  4.058099223676762E-04  2.7946914E-04  1.382231426607674E-03  2.7952866E-04  9.886777827495436E-06          0
 210.0  5.185303649039243E-02  2.7854150E-04  2.022570512856134E-03  2.7937790E-04 -4.367505131684611E-04  2.7933515E-04 -3.268861370211815E-04  2.7958755E-04  3.264547233281727E-03  2.7948811E-04 -1.523379550640639E-03  2.7948561E-04 -8.423133491647520E-04  2.7952204E-04  2.028656639712262E-04  2.7946681E-04  8.815302775537286E-04  2.7949594E-04  1.376310758032238E-03  2.7950412E-04  9.806872203370011E-06          0
 215.0  4.622721752560247E-02  2.7871067E-04  2.034143969319850E-03  2.7937339E-04 -3.497815916636678E-04  2.7928706E-04 -4.464382313837150E-04  2.7963766E-04  3.272034969800050E-03  2.7946675E-04 -1.313840501784912E-03  2.7950809E-04 -1.202431607690794E-03  2.7950460E-04 -2.104382957366356E-05  2.7948514E-04  1.065843751677998E-03  2.7946250E-04  1.146815760553552E-03  2.7953833E-04  9.729157532622668E-06          0
 220.0  4.106233742238511E-02  2.7885095E-04  2.046932026158910E-03  2.7936867E-04 -2.640717370462047E-04  2.7927612E-04 -6.044802590574523E-04  2.7965072E-04  3.158384182594117E-03  2.7942044E-04 -1.034717613733034E-03  2.7955445E-04 -1.295373997919924E-03  2.7949818E-04 -1.052648377123946E-04  2.7949311E-04  1.192318001445006E-03  2.7941849E-04  7.430979106503345E-04  2.7958305E-04  9.653039636855349E-06          0
 225.0  3.635819468963975E-02  2.7895146E-04  2.025304162109414E-03  2.7937943E-04 -2.896197006704450E-04  2.7927365E-04 -7.536043154780184E-04  2.7965644E-04  2.922789618189369E-03  2.7936304E-04 -6.480916617956972E-04  2.7961214E-04 -1.330630213012986E-03  2.7950374E-04 -3.177093463749097E-07  2.7948865E-04  1.194627832574056E-03  2.7942488E-04  3.696821800609914E-04  2.7957748E-04  9.579431394123458E-06          0
 230.0  3.207208778282208E-02  2.7903082E-04  1.979880207868843E-03  2.7939099E-04 -3.211342385031091E-04  2.7929529E-04 -8.749880709792923E-04  2.7963878E-04  2.611222397893992E-03  2.7934335E-04 -3.371965702210323E-04  2.7963256E-04 -1.193098358812832E-03  2.7953225E-04  2.304869186212936E-04  2.7946047E-04  1.123214596915437E-03  2.7939729E-04 -3.276241182222244E-05  2.7960493E-04  9.507212145920892E-06          0
 235.0  2.819506516950529E-02  2.7909306E-04  1.945413549335756E-03  2.7940247E-04 -3.553138617446916E-04  2.7933358E-04 -9.385416896312308E-04  2.7960439E-04  2.254605459656253E-03  2.7938012E-04 -6.400335533502240E-05  2.7959681E-04 -9.356365794719476E-04  2.7955115E-04  5.662885869725917E-04  2.7944178E-04  9.547414728505649E-04  2.7938485E-04 -3.366880916109028E-04  2.7961663E-04  9.436910911900009E-06          0
 240.0  2.471643648950659E-02  2.7915546E-04  1.898477390408183E-03  2.7939986E-04 -2.897490608285191E-04  2.7937629E-04 -1.005925613298267E-03  2.7956559E-04  1.833318379726927E-03  2.7939181E-04  1.904548731806483E-04  2.7958596E-04 -6.426694439351267E-04  2.7948644E-04  8.787203782808927E-04  2.7950643E-04  8.035604264120605E-04  2.7939860E-04 -4.946468051711899E-04  2.7960275E-04  9.368049680760203E-06          0
 245.0  2.159618839654412E-02  2.7920906E-04  1.875810930627122E-03  2.7939403E-04 -2.055835123340416E-04  2.7944944E-04 -1.082637990694337E-03  2.7949572E-04  1.510373055201150E-03  2.7941200E-04  5.098145202984423E-04  2.7956604E-04 -1.275804397772141E-04  2.7943413E-04  1.157150031496338E-03  2.7955976E-04  4.555998432116269E-04  2.7944885E-04 -5.298537548968094E-04  2.7955223E-04  9.300021039593232E-06          0
 250.0  1.879855267366360E-02  2.7927263E-04  1.852952778618576E-03  2.7936992E-04  1.068590932011435E-05  2.7950634E-04 -1.127894214456512E-03  2.7944178E-04  1.043577723209173E-03  2.7943058E-04  8.894240448971319E-04  2.7954786E-04  2.713907592232193E-04  2.7940206E-04  1.134902143715299E-03  2.7959265E-04  1.729161414391234E-04  2.7948246E-04 -5.047488172352751E-04  2.7951902E-04  9.233824587685772E-06          0
 255.0  1.631942205731154E-02  2.7934009E-04  1.808877771516400E-03  2.7933521E-04  3.045490733928382E-04  2.7954731E-04 -1.243556751520677E-03  2.7940324E-04  6.954681458514377E-04  2.7942881E-04  1.276352368799525E-03  2.7955017E-04  5.603429895743641E-04  2.7939132E-04  1.112342530486748E-03  2.7960382E-04  1.124750002906394E-04  2.7948881E-04 -4.989404247526549E-04  2.7951286E-04  9.169210816094177E-06          0
 260.0  1.412684808268855E-02  2.7940275E-04  1.724012027340923E-03  2.7929894E-04  6.073988629239396E-04  2.7955995E-04 -1.308909684311143E-03  2.7939326E-04  3.181554215260844E-04  2.7942292E-04  1.520742544639155E-03  2.7955725E-04  6.446750802413877E-04  2.7941397E-04  8.280091519081288E-04  2.7958153E-04  2.291673639513290E-05  2.7952122E-04 -5.283945506912354E-04  2.7948111E-04  9.105210672856589E-06          0
 265.0  1.218998788454562E-02  2.7946034E-04  1.656657628801646E-03  2.7926375E-04  9.025188923427301E-04  2.7957355E-04 -1.339451922890306E-03  2.7938210E-04 -7.155701940744655E-05  2.7942910E-04  1.579489333504816E-03  2.7955269E-04  7.383492026933474E-04  2.7944280E-04  7.471781571961559E-04  2.7955359E-04 -1.714536577751767E-04  2.7958228E-04 -4.637040792559751E-04  2.7942106E-04  9.043100096059115E-06          0
 270.0  1.046854224247732E-02  2.7951486E-04  1.600826661982786E-03  2.7922827E-04  1.200485353721014E-03  2.7958285E-04 -1.442366286872790E-03  2.7937471E-04 -4.466885518597214E-04  2.7944905E-04  1.469521631381755E-03  2.7953453E-04  8.018325306802010E-04  2.7948842E-04  5.537268942759038E-04  2.7950843E-04 -3.568299195844979E-04  2.7959439E-04 -3.460130499804402E-04  2.7941054E-04  8.982190477703996E-06          0
 275.0  8.945473994475702E-03  2.7957322E-04  1.520768468088500E-03  2.7918654E-04  1.544645646129800E-03  2.7957874E-04 -1.540968454486139E-03  2.7938094E-04 -7.607461735414450E-04  2.7948944E-04  1.330993580088377E-03  2.7949617E-04  7.686766997520925E-04  2.7949808E-04  1.510704954741117E-04  2.7949858E-04 -4.584375702076762E-04  2.7949544E-04 -2.571128243714350E-04  2.7951036E-04  8.922509823227477E-06          0
 280.0  7.586268276330444E-03  2.7962703E-04  1.418095861356914E-03  2.7914733E-04  1.869452762176155E-03  2.7956123E-04 -1.625901866030468E-03  2.7940090E-04 -1.021870122007267E-03  2.7951868E-04  1.155021477225664E-03  2.7946879E-04  6.368218166962038E-04  2.7947306E-04 -2.897701880982987E-04  2.7952286E-04 -6.177168694242117E-04  2.7942850E-04 -2.002420641568303E-04  2.7957751E-04  8.863985786103361E-06          0
 285.0  6.388917589364418E-03  2.7967710E-04  1.299422831942623E-03  2.7911050E-04  2.179330096624405E-03  2.7956689E-04 -1.641100985094269E-03  2.7939704E-04 -1.127749983098174E-03  2.7953599E-04  1.032221390855574E-03  2.7945343E-04  6.719542538266936E-04  2.7944842E-04 -7.757713641814060E-04  2.7954733E-04 -7.456598498999541E-04  2.7951064E-04 -2.075503894183873E-04  2.7949583E-04  8.806629329615752E-06          0
 290.0  5.351650925912667E-03  2.7972169E-04  1.187859391534268E-03  2.7907756E-04  2.460174591888960E-03  2.7958049E-04 -1.581766020494328E-03  2.7938460E-04 -1.194960907464704E-03  2.7952724E-04  8.054527910867407E-04  2.7946383E-04  7.648829698512747E-04  2.7943630E-04 -1.157914021845595E-03  2.7955992E-04 -8.454006786791294E-04  2.7958246E-04 -2.633006231985623E-04  2.7942480E-04  8.749884033194935E-06          0
 295.0  4.443955036090014E-03  2.7976469E-04  1.087162028433186E-03  2.7904400E-04  2.740843493577088E-03  2.7956873E-04 -1.549379561908384E-03  2.7939652E-04 -1.298824859004255E-03  2.7953351E-04  5.492976190636577E-04  2.7945858E-04  6.781418477446326E-04  2.7941495E-04 -1.436372388933190E-03  2.7958159E-04 -9.109764350929203E-04  2.7963148E-04 -4.046408824678296E-04  2.7937651E-04  8.694563121728559E-06          0
 300.0  3.660606813122364E-03  2.7979289E-04  9.916124606897830E-04  2.7902530E-04  2.912990755800240E-03  2.7955988E-04 -1.424698218886596E-03  2.7940629E-04 -1.371863833481436E-03  2.7953669E-04  3.519722835473839E-04  2.7945578E-04  6.048175319044701E-04  2.7938281E-04 -1.420925698902558E-03  2.7961476E-04 -8.938154219375076E-04  2.7959293E-04 -3.457440651989814E-04  2.7941603E-04  8.640085293089139E-06          0
 305.0  2.985135357217013E-03  2.7981752E-04  8.447389076014301E-04  2.7900978E-04  3.060603632021391E-03  2.7956509E-04 -1.294318320810413E-03  2.7940241E-04 -1.263954213866234E-03  2.7951191E-04  2.940809809872434E-04  2.7948084E-04  6.275081228758000E-04  2.7937159E-04 -1.299545151557822E-03  2.7962712E-04 -7.786039430735265E-04  2.7953222E-04 -3.325673488971824E-04  2.7947755E-04  8.586936805883259E-06          0
 310.0  2.401742358314334E-03  2.7982308E-04  6.780154287371518E-04  2.7901230E-04  3.079249447620014E-03  2.7958973E-04 -1.020092767979828E-03  2.7937848E-04 -1.132868710545736E-03  2.7951612E-04  2.213700357558612E-04  2.7947691E-04  7.916889920698789E-04  2.7942445E-04 -9.583534784732862E-04  2.7957576E-04 -6.633121266493659E-04  2.7948641E-04 -1.504285918410967E-04  2.7952462E-04  8.533759144306807E-06          0
 315.0  1.891876220476392E-03  2.7982481E-04  4.881631304241008E-04  2.7901768E-04  3.071719556534754E-03  2.7958998E-04 -7.147129378271854E-04  2.7937843E-04 -9.437815152456525E-04  2.7951172E-04  2.724473415590892E-04  2.7948142E-04  7.807009884314256E-04  2.7948085E-04 -6.291312786885976E-04  2.7952017E-04 -6.731056532278852E-04  2.7944778E-04  3.431183364782078E-05  2.7956330E-04  8.481695120256725E-06          0
 320.0  1.486524937366587E-03  2.7981634E-04  3.181401841670702E-04  2.7903274E-04  2.992427552474183E-03  2.7957127E-04 -3.039493324604997E-04  2.7939709E-04 -8.645531323103986E-04  2.7949711E-04  4.603646610160543E-04  2.7949589E-04  6.342628313064672E-04  2.7948344E-04 -3.053644709813240E-04  2.7951719E-04 -7.191657173583493E-04  2.7947339E-04  1.606729200106234E-04  2.7953639E-04  8.430930946030172E-06          0
 325.0  1.136050953606525E-03  2.7979380E-04  1.154484143500332E-04  2.7906118E-04  2.813370044113454E-03  2.7955934E-04  9.513010744618278E-05  2.7940859E-04 -5.989106765356713E-04  2.7948873E-04  6.995805513844172E-04  2.7950416E-04  5.368326807447243E-04  2.7951342E-04 -7.775457700117682E-05  2.7948725E-04 -5.452471634566999E-04  2.7942806E-04  1.473720422555624E-04  2.7958082E-04  8.380888831062300E-06          0
 330.0  8.293035653644758E-04  2.7977176E-04 -7.563729626077094E-05  2.7908846E-04  2.639500778449743E-03  2.7953081E-04  4.776458897657314E-04  2.7943624E-04 -3.323925254654027E-04  2.7947472E-04  9.840667003698737E-04  2.7951742E-04  3.240462817075767E-04  2.7953521E-04  1.218828087407889E-04  2.7946592E-04 -4.335079815637027E-04  2.7936931E-04  4.099576442701546E-04  2.7963913E-04  8.331695305474433E-06          0
 335.0  5.126762539380048E-04  2.7973593E-04 -2.794365382162772E-04  2.7912907E-04  2.366902230105425E-03  2.7947792E-04  8.159691123204339E-04  2.7948797E-04 -8.155057064402416E-05  2.7943665E-04  1.229844810917550E-03  2.7955499E-04 -6.411349738903385E-05  2.7951422E-04  1.711722835057879E-04  2.7948812E-04 -2.899703765279493E-04  2.7938639E-04  6.669165691278473E-04  2.7962147E-04  8.282962407181250E-06          0
 340.0  2.726402522744010E-04  2.7970657E-04 -4.663850053690027E-04  2.7916178E-04  2.144309555750993E-03  2.7943770E-04  1.200340710519291E-03  2.7952600E-04 -4.048318061049586E-05  2.7942091E-04  1.451357854322047E-03  2.7957129E-04 -3.574218865101834E-04  2.7946414E-04  7.633193344010707E-05  2.7953915E-04 -2.288308758086847E-04  2.7943099E-04  6.211797183222414E-04  2.7957630E-04  8.234503713982166E-06          0
 345.0  5.347216579559822E-05  2.7967145E-04 -6.049034034515413E-04  2.7920048E-04  1.878160481192069E-03  2.7941647E-04  1.461726771803347E-03  2.7954555E-04  2.892369152753525E-05  2.7942072E-04  1.455204061044697E-03  2.7957184E-04 -5.161399851062266E-04  2.7946277E-04 -8.992678464480328E-06  2.7954134E-04 -5.999051624543410E-05  2.7946639E-04  3.860480336844250E-04  2.7954145E-04  8.187397349729517E-06          0
 350.0 -1.483099882161303E-04  2.7962530E-04 -7.072195466896444E-04  2.7924946E-04  1.532547409420639E-03  2.7940389E-04  1.733161622437667E-03  2.7955769E-04  1.615688597900917E-04  2.7942163E-04  1.378456305337382E-03  2.7957160E-04 -6.129054032729229E-04  2.7947772E-04 -1.539704700185961E-04  2.7952733E-04 -5.573279302755506E-05  2.7947136E-04  1.171330432198476E-04  2.7953719E-04  8.141125571860541E-06          0
 355.0 -3.333801703940125E-04  2.7958957E-04 -8.239820949057342E-04  2.7928727E-04  1.262619505082769E-03  2.7938708E-04  1.989458298507757E-03  2.7957466E-04  3.041725348002869E-04  2.7940565E-04  1.270560186806312E-03  2.7958733E-04 -7.385522437320279E-04  2.7952787E-04 -4.213303788425320E-04  2.7947810E-04 -5.251857423207171E-05  2.7948173E-04 -7.115665406759995E-08  2.7952691E-04  8.095401831626189E-06          0
 360.0 -4.576035508910200E-04  2.7955270E-04 -9.251723305250682E-04  2.7932568E-04  9.859314247575260E-04  2.7942201E-04  2.213855898567246E-03  2.7954009E-04  3.872791505186391E-04  2.7940982E-04  1.155280728444045E-03  2.7958235E-04 -4.946647353992402E-04  2.7955085E-04 -6.325876419882850E-04  2.7945577E-04 -2.640087576848858E-04  2.7946290E-04  8.710560882707274E-05  2.7954546E-04  8.050436956223545E-06          0
 365.0 -5.806966626164087E-04  2.7951611E-04 -1.021991377306549E-03  2.7936438E-04  7.069907264613410E-04  2.7945994E-04  2.405237247849854E-03  2.7950322E-04  4.485386747916895E-04  2.7939435E-04  9.027024384185782E-04  2.7959711E-04 -2.325600208664140E-04  2.7953106E-04 -6.438763583736265E-04  2.7947656E-04 -4.287716460031074E-04  2.7951362E-04  7.967768429406337E-05  2.7949537E-04  8.006185597532923E-06          0
 370.0 -6.821837687112012E-04  2.7948470E-04 -1.121866675599546E-03  2.7939669E-04  4.683544831295119E-04  2.7948520E-04  2.505581739995017E-03  2.7947927E-04  4.754673940693656E-04  2.7939209E-04  6.389582349730340E-04  2.7959866E-04 -5.830422960016031E-05  2.7951057E-04 -5.014479705744019E-04  2.7949762E-04 -4.889376649436336E-04  2.7957285E-04  2.838032785359572E-04  2.7943706E-04  7.962304651959261E-06          0
 375.0 -7.795939108576374E-04  2.7946464E-04 -1.241101984985212E-03  2.7941700E-04  3.128905966560602E-04  2.7950674E-04  2.531546025892884E-03  2.7945878E-04  4.154250150185781E-04  2.7936919E-04  3.495448227857826E-04  2.7962073E-04  9.061078378064283E-05  2.7948930E-04 -3.163219928392927E-04  2.7951898E-04 -3.548801793105765E-04  2.7957610E-04  5.111777546100140E-04  2.7943409E-04  7.919312683934082E-06          0
 380.0 -8.821936742683549E-04  2.7943827E-04 -1.378654885300590E-03  2.7944328E-04  1.133256209775634E-04  2.7952627E-04  2.560788241003496E-03  2.7944060E-04  3.860395160250242E-04  2.7936854E-04  6.870571493991065E-05  2.7962180E-04  2.255246372913070E-04  2.7946764E-04 -2.075293259402162E-04  2.7954105E-04 -3.691678380296143E-04  2.7953619E-04  8.075813051255942E-04  2.7947381E-04  7.876797481366655E-06          0
 385.0 -9.614443802229825E-04  2.7940687E-04 -1.482473057822137E-03  2.7947477E-04 -1.237727465831991E-04  2.7951971E-04  2.560907795801137E-03  2.7944878E-04  3.400143026876033E-04  2.7938722E-04 -1.652603652298126E-04  2.7960425E-04  1.742109264811639E-04  2.7940658E-04 -2.956277240551604E-04  2.7960244E-04 -2.665211234281394E-04  2.7950920E-04  9.899735560100261E-04  2.7950096E-04  7.835169900322071E-06          0
 390.0 -1.015837376806218E-03  2.7936810E-04 -1.539861661538482E-03  2.7951332E-04 -4.107613527188579E-04  2.7951829E-04  2.561481111335022E-03  2.7945200E-04  4.008519019277179E-04  2.7940075E-04 -4.959400282514051E-04  2.7959211E-04  1.605237215023253E-04  2.7938157E-04 -2.409867239477666E-04  2.7962783E-04  1.972986816948818E-05  2.7951018E-04  1.127564168889293E-03  2.7949976E-04  7.793931674212766E-06          0
 395.0 -1.105135859121922E-03  2.7931607E-04 -1.571036571663114E-03  2.7956473E-04 -7.918448016860178E-04  2.7951497E-04  2.516040234259414E-03  2.7945681E-04  4.772832251757459E-04  2.7940748E-04 -8.298476630749217E-04  2.7958646E-04  1.372466751040918E-04  2.7937792E-04 -1.923279679839842E-04  2.7963133E-04  6.553066326335155E-05  2.7951532E-04  1.220366713436139E-03  2.7949408E-04  7.753061103469886E-06          0
 400.0 -1.119760179927372E-03  2.7927388E-04 -1.602077976854026E-03  2.7960663E-04 -1.103098692789675E-03  2.7951149E-04  2.467379502078062E-03  2.7946144E-04  5.140938818102855E-04  2.7938149E-04 -1.060708150151655E-03  2.7961307E-04  1.158246865636103E-04  2.7936566E-04 -1.642638550473507E-04  2.7964256E-04 -2.814086617795579E-05  2.7954389E-04  1.291739979484851E-03  2.7946615E-04  7.712888728511290E-06          0
 405.0 -1.179412691371847E-03  2.7923807E-04 -1.602391667504660E-03  2.7964228E-04 -1.367583632619899E-03  2.7950899E-04  2.407792802320904E-03  2.7946505E-04  4.073526108636484E-04  2.7934555E-04 -1.118546373552556E-03  2.7964988E-04  1.016179638303343E-04  2.7937997E-04 -1.800025792870392E-04  2.7962700E-04 -2.239563326698024E-04  2.7960743E-04  1.285567775421587E-03  2.7940359E-04  7.673751837199964E-06          0
 410.0 -1.251847337749627E-03  2.7921593E-04 -1.644919261041140E-03  2.7966499E-04 -1.535975871555742E-03  2.7950458E-04  2.298627630842861E-03  2.7947085E-04  2.720239127712308E-04  2.7932501E-04 -1.012992971943929E-03  2.7967082E-04  7.312847020613379E-05  2.7933585E-04 -1.808363534820530E-04  2.7967002E-04 -2.750747693912949E-04  2.7964722E-04  1.172282320984467E-03  2.7936450E-04  7.634789324564957E-06          0
 415.0 -1.285368961723917E-03  2.7920279E-04 -1.649339071626133E-03  2.7967854E-04 -1.639107820355962E-03  2.7948253E-04  2.156159904155787E-03  2.7949382E-04  1.819507204621395E-04  2.7932583E-04 -8.789918644000619E-04  2.7967046E-04 -8.002991738868831E-05  2.7935613E-04 -1.082511838219603E-05  2.7964917E-04 -2.798040900626642E-04  2.7969292E-04  9.768969150703917E-04  2.7931892E-04  7.596473386600159E-06          0
 420.0 -1.289339374133927E-03  2.7919959E-04 -1.659984714805852E-03  2.7968240E-04 -1.670427281431492E-03  2.7947005E-04  2.020562827134142E-03  2.7950724E-04  4.621174593487390E-05  2.7933421E-04 -7.228719712215444E-04  2.7966258E-04 -1.681055556631260E-04  2.7939723E-04  2.371009050853009E-05  2.7960829E-04 -2.758513608333570E-04  2.7967491E-04  9.089534615688000E-04  2.7933707E-04  7.558499573580870E-06          0
 425.0 -1.314892431343325E-03  2.7920576E-04 -1.654958129680240E-03  2.7967747E-04 -1.635109018621134E-03  2.7946759E-04  1.952217867004892E-03  2.7951033E-04 -8.632830580612099E-05  2.7934662E-04 -6.668210699821403E-04  2.7965110E-04 -1.853349009462246E-04  2.7940788E-04  1.140759028825308E-04  2.7959822E-04 -4.550106865162213E-04  2.7956894E-04  9.235083130484693E-04  2.7944229E-04  7.521033467951780E-06          0
 430.0 -1.310687941570146E-03  2.7921755E-04 -1.606819741357993E-03  2.7966733E-04 -1.561082480004047E-03  2.7949610E-04  1.868060946562801E-03  2.7948231E-04 -1.265162805387535E-04  2.7939654E-04 -5.735742679811982E-04  2.7960196E-04  2.019032128753917E-05  2.7941919E-04  2.816348480651930E-04  2.7958783E-04 -3.308727811818634E-04  2.7949928E-04  7.541648991940700E-04  2.7951144E-04  7.484115885827217E-06          0
 435.0 -1.293343317900475E-03  2.7924177E-04 -1.553338884207023E-03  2.7964454E-04 -1.397403266820359E-03  2.7952861E-04  1.758452448030685E-03  2.7945074E-04 -8.055663007544873E-05  2.7943752E-04 -4.017059059969134E-04  2.7956155E-04  2.516045378217618E-04  2.7941068E-04  5.591008538936251E-04  2.7959693E-04 -1.878056948751615E-04  2.7951981E-04  5.869101343979869E-04  2.7949130E-04  7.447222604035646E-06          0
 440.0 -1.246450864841535E-03  2.7927896E-04 -1.517717476849503E-03  2.7960901E-04 -1.140628952674207E-03  2.7955856E-04  1.591937981283789E-03  2.7942209E-04 -6.558398571840469E-05  2.7947738E-04 -2.114658388381253E-04  2.7952196E-04  4.611706938288015E-04  2.7940501E-04  7.922206831592526E-04  2.7960282E-04 -1.727931672114512E-04  2.7952650E-04  4.768668674156697E-04  2.7948492E-04  7.411300419875481E-06          0
 445.0 -1.207961977317269E-03  2.7931414E-04 -1.489392302320536E-03  2.7957574E-04 -8.981611454260046E-04  2.7957447E-04  1.377442047502683E-03  2.7940749E-04 -6.480991811889066E-05  2.7948795E-04 -4.496954715144852E-05  2.7951202E-04  5.696073365033604E-04  2.7939934E-04  7.668153274158000E-04  2.7960864E-04 -8.919758469006745E-05  2.7949749E-04  2.026062326894035E-04  2.7951421E-04  7.375433636463667E-06          0
 450.0 -1.155747669029596E-03  2.7934194E-04 -1.497234559434389E-03  2.7954926E-04 -7.043086754029102E-04  2.7957400E-04  1.147874364456363E-03  2.7940927E-04 -1.733524459468741E-05  2.7950381E-04  1.137078494066402E-04  2.7949718E-04  5.613778159128808E-04  2.7943271E-04  8.733200024575521E-04  2.7957509E-04  2.435504974528646E-05  2.7948172E-04  5.568628860308502E-05  2.7953025E-04  7.339640409259535E-06          0
 455.0 -1.081402617685930E-03  2.7936560E-04 -1.512326194031778E-03  2.7952701E-04 -5.397699603418006E-04  2.7957677E-04  9.398662644188992E-04  2.7940752E-04 -6.023145823163422E-05  2.7951925E-04  2.272703078178434E-04  2.7948285E-04  5.778378479290647E-04  2.7947812E-04  9.162354140656527E-04  2.7952993E-04  2.404866148561300E-04  2.7947397E-04  1.594404532696877E-04  2.7953803E-04  7.305453394758458E-06          0
 460.0 -1.030114547173923E-03  2.7939119E-04 -1.525035871365428E-03  2.7950287E-04 -3.611530748945923E-04  2.7957359E-04  7.493700751746149E-04  2.7941156E-04 -6.335055932025192E-06  2.7951755E-04  2.313437630296591E-04  2.7948580E-04  5.529368694988370E-04  2.7951266E-04  9.604434495749687E-04  2.7949603E-04  2.339803092415867E-04  2.7947783E-04  2.176842323120647E-04  2.7953379E-04  7.271259022213410E-06          0
 465.0 -9.931019318871175E-04  2.7941547E-04 -1.552705432609130E-03  2.7947984E-04 -1.907994575951129E-04  2.7957733E-04  5.987479811046936E-04  2.7940857E-04  1.196062284399806E-04  2.7953746E-04  3.205354234309593E-04  2.7946701E-04  5.793259445371590E-04  2.7951091E-04  8.934702946737792E-04  2.7949876E-04  1.971891984180585E-04  2.7945986E-04  2.192668412734114E-04  2.7955179E-04  7.237182156827070E-06          0
 470.0 -9.526181395710225E-04  2.7943843E-04 -1.593238133358063E-03  2.7945800E-04 -3.026789665396462E-05  2.7956480E-04  5.457734146659389E-04  2.7942199E-04  2.377820767355879E-04  2.7955714E-04  4.955993338005036E-04  2.7944864E-04  4.878777504348025E-04  2.7953913E-04  8.949595898782162E-04  2.7947125E-04  1.831905449701789E-04  2.7945235E-04  8.160928387751417E-05  2.7955954E-04  7.203535966018636E-06          0
 475.0 -8.898540214056543E-04  2.7945966E-04 -1.626345802841595E-03  2.7943834E-04  1.159885512106311E-04  2.7955586E-04  4.592838560657341E-04  2.7943143E-04  3.343341510938829E-04  2.7956529E-04  7.103514830196907E-04  2.7944129E-04  4.226953870832739E-04  2.7955955E-04  7.878463341634274E-04  2.7945083E-04  7.570818884053333E-05  2.7945792E-04  1.609300142945082E-04  2.7955385E-04  7.170805708880409E-06          0
 480.0 -8.295549823165640E-04  2.7947899E-04 -1.647850830736162E-03  2.7942067E-04  2.499061849586366E-04  2.7953249E-04  3.737192244459812E-04  2.7945486E-04  4.353721140814380E-04  2.7952642E-04  8.494212708072533E-04  2.7948051E-04  2.554355236440076E-04  2.7953093E-04  7.214955521306374E-04  2.7947884E-04  8.413614678509598E-05  2.7952259E-04  3.601674764185905E-04  2.7948864E-04  7.138599734481756E-06          0
 485.0 -8.013666729699509E-04  2.7949082E-04 -1.645131081208662E-03  2.7941032E-04  3.313952999448702E-04  2.7951011E-04  3.325709618835542E-04  2.7947733E-04  5.295729562149174E-04  2.7951133E-04  9.194911432349438E-04  2.7949638E-04  9.564508193575066E-05  2.7949948E-04  7.468881212181696E-04  2.7950895E-04 -5.330112437813370E-05  2.7956270E-04  4.576991708805442E-04  2.7944840E-04  7.106824408469075E-06          0
 490.0 -8.099378425200413E-04  2.7950185E-04 -1.661809449102860E-03  2.7940046E-04  4.080386124060168E-04  2.7947716E-04  3.022039755009113E-04  2.7950993E-04  7.126883446309527E-04  2.7952617E-04  1.057108264923194E-03  2.7948216E-04 -1.351557337367202E-04  2.7952339E-04  6.128298023247147E-04  2.7948352E-04 -3.310567497219598E-04  2.7963009E-04  5.979354368087122E-04  2.7938099E-04  7.074990320093333E-06          0
 495.0 -7.545736585774646E-04  2.7950691E-04 -1.661394645594772E-03  2.7939662E-04  4.408220275486698E-04  2.7945780E-04  3.055945280651214E-04  2.7952887E-04  9.140694866904641E-04  2.7953689E-04  1.184755897492089E-03  2.7947200E-04 -2.692249683531100E-04  2.7956375E-04  5.501996157147101E-04  2.7944216E-04 -6.919782737364748E-04  2.7961256E-04  7.001973788273083E-04  2.7939876E-04  7.043662520929852E-06          0
 500.0 -7.262576017764489E-04  2.7952572E-04 -1.656349300450750E-03  2.7937910E-04  5.716839571963997E-04  2.7945361E-04  3.644171806546878E-04  2.7953215E-04  1.073944523072891E-03  2.7954612E-04  1.200945030676507E-03  2.7946286E-04 -2.928253480329721E-04  2.7956222E-04  3.479307960860159E-04  2.7944369E-04 -7.358857125651379E-04  2.7955384E-04  6.085744455436517E-04  2.7945859E-04  7.012955470840005E-06          0
 505.0 -7.158287215727521E-04  2.7954300E-04 -1.647256854405169E-03  2.7936291E-04  6.918048158587115E-04  2.7945115E-04  4.611029853259691E-04  2.7953381E-04  1.174070370100324E-03  2.7957240E-04  1.085906265625164E-03  2.7943636E-04 -3.049166777329954E-04  2.7956639E-04  2.717681980779958E-04  2.7943994E-04 -6.791642805156030E-04  2.7953617E-04  5.115794830848217E-04  2.7947712E-04  6.982766506062742E-06          0
 510.0 -6.837474906608647E-04  2.7955898E-04 -1.667951194859647E-03  2.7934846E-04  7.992208874620852E-04  2.7943389E-04  5.309000049105695E-04  2.7955025E-04  1.139489438375200E-03  2.7958395E-04  8.975326127807962E-04  2.7942488E-04 -4.228195338128976E-04  2.7957652E-04  2.710377225770246E-04  2.7943091E-04 -6.380524241731335E-04  2.7959135E-04  4.081088606136499E-04  2.7942248E-04  6.952859629167874E-06          0
 515.0 -6.008666351626549E-04  2.7957314E-04 -1.697750974524333E-03  2.7933591E-04  8.917800940657728E-04  2.7942177E-04  6.190107578254331E-04  2.7956184E-04  1.060612262351908E-03  2.7958057E-04  7.510809884811362E-04  2.7942816E-04 -5.062541305357767E-04  2.7961157E-04  2.605626119366238E-04  2.7939731E-04 -5.223633184213291E-04  2.7954946E-04  3.505921456055817E-04  2.7946451E-04  6.923449171394971E-06          0
 520.0 -5.644719354376347E-04  2.7958810E-04 -1.736965996730611E-03  2.7932272E-04  9.893232451362770E-04  2.7940997E-04  7.647858280339958E-04  2.7957301E-04  9.302189472419221E-04  2.7956359E-04  6.100118132487121E-04  2.7944515E-04 -5.868815345361594E-04  2.7962341E-04  2.272892286472174E-04  2.7938623E-04 -4.073361544309880E-04  2.7949448E-04  1.366319344231766E-04  2.7951959E-04  6.894520066880735E-06          0
 525.0 -5.495492106531153E-04  2.7959505E-04 -1.782302432141340E-03  2.7931782E-04  1.027580105105595E-03  2.7939046E-04  9.395806989220301E-04  2.7959152E-04  8.240133883411107E-04  2.7952941E-04  5.247876749378751E-04  2.7947916E-04 -7.229347142082845E-04  2.7957539E-04  1.700098331490728E-04  2.7943428E-04 -4.043565468066561E-04  2.7947353E-04 -8.872974371586503E-05  2.7954044E-04  6.865906135070318E-06          0
 530.0 -5.674273781702426E-04  2.7961089E-04 -1.823569239891502E-03  2.7930360E-04  1.131017328860811E-03  2.7937128E-04  1.049948917481617E-03  2.7960993E-04  6.234792086251433E-04  2.7947127E-04  3.849972649373578E-04  2.7953662E-04 -8.572805900619044E-04  2.7955760E-04  1.770291115840756E-04  2.7945221E-04 -2.375888720031611E-04  2.7947418E-04 -2.720144834042101E-04  2.7953981E-04  6.837824192677293E-06          0
 535.0 -5.881440754159440E-04  2.7961845E-04 -1.822720796495053E-03  2.7929792E-04  1.174760003723451E-03  2.7935587E-04  1.140659107612069E-03  2.7962412E-04  3.531337245159391E-04  2.7942513E-04  2.626089484186950E-04  2.7958188E-04 -9.651206101741040E-04  2.7957688E-04  1.559488363111106E-04  2.7943280E-04 -2.284476989028255E-04  2.7945686E-04 -3.798845909788786E-04  2.7955685E-04  6.809517141218746E-06          0
 540.0 -5.920883538621518E-04  2.7961828E-04 -1.792532887943441E-03  2.7930007E-04  1.161672033621989E-03  2.7934190E-04  1.172595246418452E-03  2.7963717E-04  2.173831381251102E-04  2.7939585E-04  3.200042732450591E-04  2.7960995E-04 -1.062131677789028E-03  2.7961564E-04  1.047269744925387E-04  2.7939399E-04 -2.450669976440137E-04  2.7949591E-04 -3.886039881915792E-04  2.7951808E-04  6.782223432644049E-06          0
 545.0 -5.875596297642633E-04  2.7961465E-04 -1.803515260248379E-03  2.7930562E-04  1.125701390930606E-03  2.7934517E-04  1.242436594381981E-03  2.7963308E-04  7.193617354246781E-05  2.7939951E-04  3.959656151626743E-04  2.7960514E-04 -1.036001998049192E-03  2.7963451E-04  1.316922210829535E-05  2.7937516E-04 -3.305579297679322E-04  2.7950238E-04 -4.290419599854087E-04  2.7951166E-04  6.755201458714649E-06          0
 550.0 -5.711878725438445E-04  2.7961493E-04 -1.783823798731027E-03  2.7930766E-04  1.116247599016151E-03  2.7933588E-04  1.226762443792926E-03  2.7964154E-04 -2.688960913416405E-05  2.7940387E-04  4.109173322208533E-04  2.7960059E-04 -1.097514043505649E-03  2.7962002E-04  1.131437236160723E-05  2.7938970E-04 -4.311613833054322E-04  2.7948812E-04 -3.593140658847417E-04  2.7952569E-04  6.728498215629646E-06          0
 555.0 -5.137783578646391E-04  2.7961573E-04 -1.779194416001660E-03  2.7930903E-04  1.111498741659494E-03  2.7933156E-04  1.321783241327634E-03  2.7964528E-04 -1.339034154030212E-04  2.7939700E-04  5.486017362813524E-04  2.7960715E-04 -1.126337769978592E-03  2.7959146E-04  3.902595052029973E-05  2.7941812E-04 -4.925405819824504E-04  2.7946988E-04 -2.245582822349542E-04  2.7954369E-04  6.702002105970640E-06          0
 560.0 -4.064273480928417E-04  2.7961198E-04 -1.753722668562140E-03  2.7931485E-04  1.075851404578810E-03  2.7934342E-04  1.328765590048050E-03  2.7963322E-04 -1.682288308257721E-04  2.7943462E-04  6.478984887314265E-04  2.7956952E-04 -1.039089868361917E-03  2.7952032E-04  3.419004887630746E-05  2.7948944E-04 -4.871032130048192E-04  2.7941849E-04 -2.120623248552404E-04  2.7959496E-04  6.676151383700753E-06          0
 565.0 -3.123283524021107E-04  2.7959914E-04 -1.740124521479022E-03  2.7932951E-04  9.767933834520051E-04  2.7937175E-04  1.314655395350111E-03  2.7960466E-04 -1.474823763834000E-04  2.7943922E-04  7.908089642462322E-04  2.7956506E-04 -8.330779841846136E-04  2.7947090E-04  5.957866127660951E-05  2.7953933E-04 -5.542811888937617E-04  2.7941371E-04 -3.048528885378105E-04  2.7959981E-04  6.650830743686304E-06          0
 570.0 -2.288323706605796E-04  2.7959512E-04 -1.707135016259569E-03  2.7933562E-04  9.402945094590769E-04  2.7940774E-04  1.341575859575867E-03  2.7956906E-04 -1.294157093418474E-04  2.7946364E-04  9.492687536475637E-04  2.7954105E-04 -5.756426695108133E-04  2.7942980E-04 -2.952414965543218E-06  2.7958144E-04 -5.990043265626933E-04  2.7945010E-04 -4.497910691342069E-04  2.7956302E-04  6.625849022844293E-06          0
 575.0 -1.783293283467029E-04  2.7959589E-04 -1.667440848034996E-03  2.7933667E-04  9.393462281839490E-04  2.7944773E-04  1.316148070606950E-03  2.7952960E-04 -5.233660854213112E-05  2.7950324E-04  1.106355088271298E-03  2.7950198E-04 -2.918423309120370E-04  2.7945580E-04  3.649510949925720E-05  2.7955601E-04 -6.427849226326875E-04  2.7947483E-04 -5.245210125879478E-04  2.7953775E-04  6.601724958804060E-06          0
 580.0 -1.226669381298606E-04  2.7958797E-04 -1.597304055520696E-03  2.7934644E-04  8.769638464187201E-04  2.7945600E-04  1.279211491938623E-03  2.7952243E-04  7.118616807838951E-05  2.7957276E-04  1.183677273223897E-03  2.7943309E-04 -2.344601111474679E-04  2.7950319E-04  7.491832317196104E-05  2.7950915E-04 -6.990228795652278E-04  2.7948056E-04 -4.672361434097735E-04  2.7953149E-04  6.577930613356751E-06          0
 585.0 -4.597177267119201E-05  2.7959557E-04 -1.513336878201122E-03  2.7933989E-04  9.277624723381063E-04  2.7945669E-04  1.211203579899978E-03  2.7952276E-04  1.893251255371542E-04  2.7960050E-04  1.306075874997263E-03  2.7940562E-04 -2.309321260490152E-04  2.7952613E-04  2.134162558938482E-04  2.7948654E-04 -5.580505715808826E-04  2.7952629E-04 -3.250763333080899E-04  2.7948612E-04  6.554619124647948E-06          0
 590.0 -3.726826053354366E-06  2.7960275E-04 -1.397108693778332E-03  2.7933395E-04  9.742494471269712E-04  2.7944704E-04  1.104713479790606E-03  2.7953336E-04  2.898773252046210E-04  2.7959251E-04  1.298021390095834E-03  2.7941391E-04 -3.014755418072394E-04  2.7956705E-04  3.314221870873586E-04  2.7944567E-04 -3.137613000802305E-04  2.7957792E-04 -2.074313707409446E-04  2.7943494E-04  6.531727018727186E-06          0
 595.0  4.048156588512666E-05  2.7960477E-04 -1.301636164538735E-03  2.7933328E-04  9.835043951963824E-04  2.7940659E-04  9.902603700403590E-04  2.7957495E-04  3.593037723435343E-04  2.7959484E-04  1.207569527348950E-03  2.7941177E-04 -5.940368357737670E-04  2.7959551E-04  6.344909881962045E-04  2.7941679E-04 -1.893043045744238E-04  2.7961920E-04 -1.538150034644314E-04  2.7939424E-04  6.509418467411703E-06          0
 600.0  5.701891074554722E-05  2.7960282E-04 -1.197950113007655E-03  2.7933659E-04  9.650385914297217E-04  2.7936891E-04  8.371190231611927E-04  2.7961407E-04  3.431956515605619E-04  2.7959265E-04  1.080297219267155E-03  2.7941390E-04 -8.715203754850820E-04  2.7960136E-04  7.720552235523012E-04  2.7941076E-04 -9.786435698881868E-05  2.7959422E-04 -1.808678119345272E-04  2.7941940E-04  6.487331300207775E-06          0
 605.0  6.026617267444821E-05  2.7960837E-04 -1.069929975472987E-03  2.7933244E-04  9.999726144014364E-04  2.7937125E-04  6.615980230490528E-04  2.7961322E-04  2.614186669459407E-04  2.7959049E-04  1.006040974227719E-03  2.7941605E-04 -8.639189870124446E-04  2.7958564E-04  8.172143719582803E-04  2.7942612E-04  2.622458596574065E-04  2.7959331E-04 -1.477675852986319E-04  2.7942057E-04  6.465663576141337E-06          0
 610.0  5.763859570846595E-05  2.7960876E-04 -9.674281195434765E-04  2.7933336E-04  9.975497885669233E-04  2.7935519E-04  5.336745265875121E-04  2.7963084E-04  1.462104978302237E-04  2.7960286E-04  9.597329985675424E-04  2.7940393E-04 -9.893094290308866E-04  2.7957472E-04  7.404034085962642E-04  2.7943679E-04  6.383265166860012E-04  2.7950821E-04 -1.081314948379039E-04  2.7950535E-04  6.444257861952060E-06          0
 615.0  6.239454477236433E-05  2.7960016E-04 -8.299306922607550E-04  2.7934337E-04  9.298932818991435E-04  2.7934668E-04  4.366968110720663E-04  2.7964071E-04  2.089039905565940E-04  2.7958159E-04  8.387809958045910E-04  2.7942588E-04 -1.060873613484219E-03  2.7951324E-04  5.871553444044689E-04  2.7949802E-04  9.111589771952570E-04  2.7950519E-04 -1.721556369392556E-04  2.7950800E-04  6.423220496240808E-06          0
 620.0  8.084090496509013E-05  2.7960332E-04 -7.238941698432897E-04  2.7934108E-04  9.482696204495021E-04  2.7932704E-04  3.106177970948474E-04  2.7966132E-04  3.923808251874828E-04  2.7956128E-04  6.547516649579871E-04  2.7944677E-04 -1.210624250427428E-03  2.7946052E-04  4.567718186855361E-04  2.7955035E-04  1.128149380690914E-03  2.7953408E-04 -1.192987545892836E-04  2.7947919E-04  6.402496200117250E-06          0
 625.0  1.757094233459117E-05  2.7961301E-04 -6.117882345287966E-04  2.7933196E-04  1.014111547437565E-03  2.7935030E-04  2.362148785381559E-04  2.7963876E-04  4.852341502114985E-04  2.7954227E-04  5.756120045484988E-04  2.7946604E-04 -1.053433423047358E-03  2.7946788E-04  4.190054337540838E-04  2.7954335E-04  1.124103268617379E-03  2.7957285E-04 -6.565040216468103E-05  2.7944020E-04  6.382086054155824E-06          0
 630.0 -3.504096144010425E-05  2.7962968E-04 -5.016138509926821E-04  2.7931613E-04  1.128921254312674E-03  2.7935947E-04  1.446273178839830E-04  2.7963047E-04  6.309510568730261E-04  2.7954802E-04  5.602781118899680E-04  2.7946050E-04 -9.969220115967012E-04  2.7952586E-04  2.472123918021105E-04  2.7948565E-04  9.187114092786195E-04  2.7957229E-04  1.229533663418611E-04  2.7944091E-04  6.361810276756108E-06          0
 635.0 -6.736757574129609E-05  2.7963540E-04 -3.847177653758030E-04  2.7931137E-04  1.162712420213882E-03  2.7938585E-04  1.388988098213492E-04  2.7960516E-04  7.143110568300225E-04  2.7956826E-04  6.094375950154888E-04  2.7944027E-04 -8.153914796108071E-04  2.7956570E-04  1.140193233428045E-04  2.7944613E-04  7.535507118791142E-04  2.7957125E-04  2.535672885341761E-04  2.7944217E-04  6.341869046286653E-06          0
