   1.0.0 # v: lpa-xrd version
1.28e+16 # d: dislocation density [m^-2]
 1  1  0 # z: direction of 'l' (line vector) [uvw]
 1  1  0 # b: Burgers vector direction [uvw]
 2  0  0 # g: diffraction vector direction (hkl)
0.250000 # C: contrast coefficient [1]
0.404940 # a: cell parameter [nm]
    6400 # s: side of the region of interest [nm] PBC1
0.345000 # nu: Poisson's number [1]
  524288 # nd: number of dislocations in the input file
  200000 # np: number of random points
#    L                   cos1       err_cos1                   sin1       err_sin1                   cos2       err_cos2                   sin2       err_sin2                   cos3       err_cos3                   sin3       err_sin3                   cos4       err_cos4                   sin4       err_sin4                   cos5       err_cos5                   sin5       err_sin5                   eps2       nrpo
   1.5  9.288044853584609E-01  7.7834596E-05  7.619134731999782E-06  1.2408847E-04  8.029055513644902E-01  1.3612817E-04  9.105910067596555E-05  1.9233083E-04  6.619027140737654E-01  1.8371056E-04 -2.585103250122922E-05  2.3247480E-04  5.265118402348037E-01  2.1920241E-04 -2.561239605134585E-05  2.5472536E-04  4.071925502372841E-01  2.4369733E-04  3.946124731778151E-05  2.6637176E-04  3.202337845158889E-03          0
   3.0  7.905297297117543E-01  1.4419374E-04  1.154014822309832E-04  1.9445160E-04  5.160122661534126E-01  2.2224639E-04  1.981277710716608E-04  2.5544412E-04  3.010616268535982E-01  2.6040634E-04  4.127118759908482E-04  2.7253597E-04  1.647745167962874E-01  2.7418364E-04  1.558199961351765E-04  2.7718377E-04  8.878086897850997E-02  2.7803415E-04 -2.182176332215547E-05  2.7877452E-04  2.632798305751947E-03          0
   4.5  6.338524082853065E-01  1.9491093E-04  2.315567994019895E-04  2.3554833E-04  2.898145840710231E-01  2.6206629E-04  3.527330427066026E-04  2.7285025E-04  1.154977693886988E-01  2.7706809E-04  4.565220684141763E-05  2.7820625E-04  4.707164885668309E-02  2.7914614E-04  8.432490515421107E-06  2.7925113E-04  2.070803293232325E-02  2.7941868E-04 -2.415909380736911E-05  2.7947849E-04  2.300905031391414E-03          0
   6.0  4.830683809368409E-01  2.3076221E-04  3.234960787703679E-04  2.5794720E-04  1.483256308752007E-01  2.7541242E-04  2.958621824483933E-04  2.7741717E-04  4.391261314793361E-02  2.7919764E-04 -1.814859426830505E-05  2.7928001E-04  1.490763838927937E-02  2.7940742E-04 -3.642684159852132E-05  2.7954752E-04  5.298093278639771E-03  2.7950972E-04  9.038306789498158E-05  2.7949920E-04  2.069380888412123E-03          0
   7.5  3.511290366290334E-01  2.5403158E-04  2.913993556462864E-04  2.6917168E-04  7.259316720444467E-02  2.7870522E-04  2.500952360547716E-04  2.7883662E-04  1.847484561945220E-02  2.7938485E-04  1.277101270346326E-04  2.7953609E-04  4.802194582385046E-03  2.7953498E-04  1.872381786302538E-04  2.7947533E-04  8.126896299357231E-04  2.7947831E-04 -3.015904221823667E-05  2.7953810E-04  1.891051341612121E-03          0
   9.0  2.434624132833822E-01  2.6782917E-04  3.242875267825705E-04  2.7432772E-04  3.672369747299090E-02  2.7930235E-04  3.425149121701058E-05  2.7933740E-04  8.172513488870518E-03  2.7947990E-04  2.781310374310997E-04  2.7951821E-04  1.224263644849410E-03  2.7956095E-04 -1.833489035577903E-05  2.7945550E-04 -6.415809435168332E-04  2.7949468E-04 -8.534780133717725E-05  2.7952212E-04  1.747509221013643E-03          0
  10.5  1.607991503359202E-01  2.7505799E-04  2.234634841474902E-04  2.7668171E-04  2.012255918225840E-02  2.7936965E-04  7.066919041573895E-06  2.7953420E-04  3.028374594750688E-03  2.7941692E-04 -1.665906153114184E-05  2.7959732E-04 -1.840635916034644E-04  2.7949668E-04 -1.091185801269233E-04  2.7952041E-04 -7.128942526390489E-05  2.7949423E-04  1.189641243037131E-04  2.7952291E-04  1.627744921357839E-03          0
  12.0  1.009490714123459E-01  2.7828587E-04  9.191339872000683E-05  2.7787463E-04  1.165452964602040E-02  2.7944050E-04  6.059674291923483E-05  2.7953837E-04  7.768445449428292E-04  2.7948804E-04 -6.376779348154444E-05  2.7952832E-04 -2.145597785919912E-04  2.7952829E-04  5.425919102378211E-04  2.7948795E-04  1.495336693523512E-04  2.7957711E-04  2.802446848740775E-04  2.7944011E-04  1.525016067834024E-03          0
  13.5  6.063409820067769E-02  2.7938057E-04  5.823817703717724E-05  2.7860653E-04  6.440674459224764E-03  2.7949415E-04 -3.302534045650425E-04  2.7951090E-04  6.668234642713159E-05  2.7948471E-04 -4.970172569420374E-05  2.7953214E-04 -1.778683466607491E-05  2.7953604E-04  4.819718872065206E-04  2.7948068E-04  6.596287103258435E-05  2.7954005E-04 -4.534337297962356E-05  2.7947690E-04  1.436089838323784E-03          0
  15.0  3.541325478281480E-02  2.7962098E-04 -3.886217994353670E-05  2.7904447E-04  3.315572049798813E-03  2.7950287E-04 -4.652154269555317E-04  2.7951052E-04 -3.960924879272795E-04  2.7950212E-04  2.352226296303408E-04  2.7951482E-04 -1.592296677804626E-05  2.7954003E-04  1.295917218692301E-04  2.7947673E-04  1.123963986874013E-04  2.7957482E-04 -4.314211154274013E-04  2.7944244E-04  1.357929341312455E-03          0
  16.5  2.107374045914786E-02  2.7957693E-04 -4.551915349752478E-04  2.7931534E-04  1.379974598781190E-03  2.7951553E-04 -2.139135768632204E-04  2.7950077E-04 -1.330246119214775E-05  2.7944761E-04 -1.656392008186149E-05  2.7956904E-04  5.498419386079017E-05  2.7951778E-04 -6.352843753224322E-06  2.7949890E-04  2.260247029482531E-05  2.7950747E-04 -3.052636371183943E-04  2.7950895E-04  1.288529069893351E-03          0
  18.0  1.398862950473108E-02  2.7950370E-04 -6.227893323998985E-04  2.7945816E-04  3.582416103935565E-04  2.7953088E-04  9.145449750433005E-05  2.7948626E-04 -2.446291537550338E-04  2.7952328E-04  9.250180019410712E-06  2.7949371E-04  1.603408156457724E-04  2.7948212E-04 -2.082285515804448E-04  2.7953473E-04  2.127333913240288E-04  2.7953716E-04 -5.823412983661563E-05  2.7947957E-04  1.226048545237875E-03          0
  19.5  1.039979052575173E-02  2.7945944E-04 -6.693922631482640E-04  2.7952668E-04 -1.328167438405291E-04  2.7952193E-04  3.654343842357045E-04  2.7949468E-04 -2.803341931936843E-04  2.7951922E-04  1.532728672717868E-04  2.7949771E-04  9.790751482511424E-05  2.7947985E-04 -3.142369178266212E-04  2.7953675E-04  2.113778125148527E-04  2.7948186E-04 -2.264501089717075E-05  2.7953519E-04  1.169372979547873E-03          0
  21.0  8.432305614548217E-03  2.7945816E-04 -4.314783584148550E-04  2.7953847E-04 -2.163840117185027E-04  2.7953324E-04  4.742973159362090E-04  2.7948296E-04 -4.900004403138334E-06  2.7951077E-04  5.730140052680088E-05  2.7950622E-04  1.787416889293814E-04  2.7946895E-04  4.185679591878649E-05  2.7954794E-04  3.844402520850476E-04  2.7952382E-04  5.860218077866154E-05  2.7949280E-04  1.117676039663744E-03          0
  22.5  6.985350212590184E-03  2.7948978E-04 -2.109242932911286E-04  2.7951332E-04 -3.539830776877104E-05  2.7954100E-04  5.045066152679595E-04  2.7947568E-04  3.416268406269413E-04  2.7948803E-04 -4.609959985650958E-04  2.7952901E-04  2.328156480247406E-04  2.7944671E-04  4.618850996109572E-04  2.7956978E-04  2.448913779305509E-04  2.7955833E-04  2.214051640796805E-04  2.7945832E-04  1.070381780120669E-03          0
  24.0  5.934981221654946E-03  2.7948346E-04  1.499882404488491E-04  2.7952340E-04 -1.072046961948784E-04  2.7955437E-04  1.457070518185812E-04  2.7946261E-04  4.002520102014848E-04  2.7950613E-04 -4.998750317734164E-04  2.7951106E-04  3.283317688917354E-04  2.7945188E-04  1.311696113651897E-04  2.7956500E-04 -7.383312616799890E-05  2.7949168E-04 -5.118122765797347E-05  2.7952493E-04  1.027235404092179E-03          0
  25.5  4.931254256906041E-03  2.7951628E-04  3.077646765797630E-04  2.7949367E-04  1.056205561887504E-04  2.7957137E-04 -1.755298223279777E-04  2.7944544E-04  3.558105172448828E-04  2.7947265E-04 -2.768886031002692E-04  2.7954417E-04  4.499560681773816E-04  2.7948611E-04  1.418353040956308E-04  2.7953103E-04 -1.752441878000728E-04  2.7949833E-04 -4.878916074771368E-04  2.7951855E-04  9.874286840557466E-04          0
  27.0  4.057042781004140E-03  2.7952227E-04  4.157853934050038E-04  2.7949004E-04  1.316729764967444E-04  2.7956294E-04 -2.617835696091566E-04  2.7945365E-04  1.774721250652117E-04  2.7953349E-04  1.692267425873943E-06  2.7948318E-04  3.893775585761624E-04  2.7955282E-04  1.110224007741340E-04  2.7946416E-04 -2.223095543308909E-04  2.7948035E-04 -2.732204190556243E-04  2.7953681E-04  9.505272665710090E-04          0
  28.5  3.560556284827295E-03  2.7950283E-04  1.962789831092295E-04  2.7951081E-04 -1.668421171359996E-05  2.7951407E-04 -2.487909449550593E-04  2.7950278E-04 -1.415725312912745E-04  2.7948596E-04 -1.591281272802230E-04  2.7953085E-04  3.870391377104608E-05  2.7957630E-04 -2.568311444511060E-04  2.7944050E-04 -5.688756760141014E-04  2.7951151E-04  2.048591453121722E-04  2.7950456E-04  9.163140057501931E-04          0
  30.0  3.130417824114342E-03  2.7949100E-04 -1.850711643197665E-05  2.7952335E-04 -1.070076586281803E-04  2.7949751E-04  8.919138455628050E-05  2.7951965E-04  1.769246544772075E-04  2.7959942E-04  4.492458486883802E-05  2.7941775E-04 -7.962617273904690E-05  2.7948821E-04  3.969392615977959E-05  2.7952859E-04 -4.207025669172577E-04  2.7950490E-04  9.944112752924470E-05  2.7951220E-04  8.844965591162830E-04          0
  31.5  2.850290241201740E-03  2.7945337E-04 -1.459555128763608E-04  2.7956125E-04 -3.791825180073321E-04  2.7945594E-04  3.582597815751292E-04  2.7956072E-04  2.359108307382147E-04  2.7958377E-04 -1.057158993288818E-04  2.7943332E-04 -3.744537388387822E-04  2.7950163E-04  3.474169998537575E-04  2.7951492E-04 -2.471428656183163E-05  2.7948332E-04  1.811863086370373E-04  2.7953372E-04  8.549222115937420E-04          0
  33.0  2.695835303403647E-03  2.7943104E-04 -1.779929195480440E-04  2.7958389E-04 -5.409208606529904E-04  2.7943817E-04  3.079560209584047E-04  2.7957790E-04  6.521458671039177E-05  2.7952044E-04  1.030392600340048E-04  2.7949666E-04 -4.992634164744201E-04  2.7955041E-04  3.943283255701208E-04  2.7946594E-04 -4.042752152356450E-04  2.7952676E-04  1.667311112984433E-04  2.7949003E-04  8.272733681806148E-04          0
  34.5  2.642594090787988E-03  2.7946463E-04 -1.099957504646180E-04  2.7955047E-04 -3.009840174897198E-04  2.7946181E-04  9.191232932069511E-05  2.7955430E-04 -6.127974622885278E-05  2.7949017E-04  3.108232339171583E-04  2.7952700E-04 -3.309953402000852E-04  2.7955799E-04  5.191768890793103E-04  2.7945893E-04 -3.110969804439891E-04  2.7950117E-04 -2.242109357056510E-04  2.7951574E-04  8.013689973932820E-04          0
  36.0  2.418174424442094E-03  2.7947507E-04 -1.798285019507648E-04  2.7954034E-04 -2.282394476255322E-04  2.7948891E-04 -1.012552492594915E-04  2.7952789E-04 -1.944722914891286E-04  2.7957081E-04 -5.028376712445624E-05  2.7944615E-04 -1.397476027211926E-04  2.7957536E-04  3.674720389917424E-04  2.7944162E-04  4.091828962591811E-04  2.7948995E-04 -1.527617751606649E-04  2.7952725E-04  7.770957707216690E-04          0
  37.5  2.131218921378075E-03  2.7949061E-04 -3.251971086915322E-04  2.7952526E-04 -1.194350874653759E-04  2.7953628E-04 -4.283613361062807E-04  2.7948071E-04 -5.747383668821289E-04  2.7954636E-04 -1.825073434399866E-04  2.7947029E-04  1.977147162737908E-04  2.7948084E-04 -2.241429238749652E-04  2.7953564E-04  1.791118769545133E-05  2.7946971E-04 -2.072477893898751E-04  2.7954690E-04  7.542484829883856E-04          0
  39.0  1.870244626255589E-03  2.7953636E-04 -2.901995031734571E-04  2.7947984E-04  2.060237591329675E-04  2.7952441E-04 -3.417075831890088E-04  2.7949247E-04 -6.052623750815803E-04  2.7954688E-04 -3.866204567915751E-05  2.7947000E-04  1.131958730272540E-04  2.7955954E-04 -2.463704005401042E-04  2.7945703E-04 -1.673025577986601E-04  2.7949027E-04 -6.751672991472349E-05  2.7952619E-04  7.326897881601090E-04          0
