   1.0.0 # v: lpa-xrd version
2.00e+14 # d: dislocation density [m^-2]
 1  1  0 # z: direction of 'l' (line vector) [uvw]
 1  1  0 # b: Burgers vector direction [uvw]
 2  0  0 # g: diffraction vector direction (hkl)
0.250000 # C: contrast coefficient [1]
0.404940 # a: cell parameter [nm]
    6400 # s: side of the region of interest [nm] PBC1
0.345000 # nu: Poisson's number [1]
    8192 # nd: number of dislocations in the input file
  200000 # np: number of random points
#    L                   cos1       err_cos1                   sin1       err_sin1                   cos2       err_cos2                   sin2       err_sin2                   cos3       err_cos3                   sin3       err_sin3                   cos4       err_cos4                   sin4       err_sin4                   cos5       err_cos5                   sin5       err_sin5                   eps2       nrpo
   5.0  9.736378723924557E-01  3.8568857E-05 -2.058702351523300E-03  8.1258617E-05  9.149914696638316E-01  8.1991960E-05 -3.969405885700259E-03  1.3624997E-04  8.402133843193726E-01  1.2386607E-04 -5.733927352756363E-03  1.7404414E-04  7.605728442537474E-01  1.5762575E-04 -7.319892060291812E-03  2.0129689E-04  6.824796010634923E-01  1.8319289E-04 -8.855433333365430E-03  2.2185220E-04  9.770313018310951E-05          0
  10.0  9.127870208813750E-01  8.5221053E-05 -3.897912801666150E-03  1.3658246E-04  7.594213899949716E-01  1.5846075E-04 -7.243498282487769E-03  2.0132006E-04  6.081483101720297E-01  2.0281184E-04 -1.008092910197159E-02  2.3757745E-04  4.757905132387459E-01  2.3004241E-04 -1.191134373106862E-02  2.5833781E-04  3.629299529306449E-01  2.4825915E-04 -1.242071635463043E-02  2.6940407E-04  8.862886053054880E-05          0
  15.0  8.359335805145907E-01  1.2794026E-04 -5.544573179793976E-03  1.7432372E-04  6.074653955718935E-01  2.0312102E-04 -1.004393533188066E-02  2.3759003E-04  4.167845545163012E-01  2.4011176E-04 -1.236727594416239E-02  2.6476657E-04  2.691663100757734E-01  2.6039321E-04 -1.160375954379767E-02  2.7483584E-04  1.632215896325105E-01  2.7090436E-04 -7.676057029754739E-03  2.7772721E-04  8.332295074977821E-05          0
  20.0  7.552786926549536E-01  1.6140367E-04 -7.106664943710504E-03  2.0142577E-04  4.752655537760094E-01  2.3021805E-04 -1.194546926632434E-02  2.5833649E-04  2.691705265314502E-01  2.6037079E-04 -1.158284228297402E-02  2.7485734E-04  1.361635330961416E-01  2.7303741E-04 -6.144547328754390E-03  2.7802419E-04  6.124244654981598E-02  2.7776837E-04  1.499205962883288E-03  2.7816860E-04  7.958351008731305E-05          0
  25.0  6.772222538128471E-01  1.8618367E-04 -8.632862206663681E-03  2.2189200E-04  3.627513083889784E-01  2.4830931E-04 -1.252501516933922E-02  2.6938771E-04  1.631594300775386E-01  2.7090305E-04 -7.914585911265206E-03  2.7773528E-04  6.126374973543754E-02  2.7775373E-04  1.506517110452329E-03  2.7817873E-04  1.777920526153391E-02  2.7936077E-04  1.034253967301735E-02  2.7827193E-04  7.670756937788216E-05          0
  30.0  6.040328761771929E-01  2.0469212E-04 -1.002229434810074E-02  2.3762320E-04  2.689922944484424E-01  2.6038343E-04 -1.162193479187263E-02  2.7486956E-04  9.274700441032717E-02  2.7601562E-04 -2.413064461374996E-03  2.7818353E-04  2.335031993234546E-02  2.7923618E-04  8.552394198991902E-03  2.7821730E-04  3.720656223532257E-03  2.7935829E-04  1.668874191472182E-02  2.7870450E-04  7.434088680561720E-05          0
  35.0  5.361072649690029E-01  2.1913835E-04 -1.113698271623831E-02  2.4953152E-04  1.939049742696004E-01  2.6817837E-04 -9.403570950304840E-03  2.7722952E-04  4.893771493771177E-02  2.7834986E-04  3.584545237831247E-03  2.7813486E-04  7.216227049533780E-03  2.7940139E-04  1.452337367638558E-02  2.7854146E-04  1.848647831313088E-03  2.7915029E-04  1.776195261929878E-02  2.7911399E-04  7.233929676924163E-05          0
  40.0  4.732424150008850E-01  2.3087493E-04 -1.191747896738703E-02  2.5834186E-04  1.361709049294807E-01  2.7306135E-04 -6.245496288378708E-03  2.7801144E-04  2.329813014383897E-02  2.7926520E-04  8.858076741107326E-03  2.7819010E-04  2.436304048040529E-03  2.7929216E-04  1.787756932445135E-02  2.7885477E-04  3.658997203701190E-03  2.7926206E-04  1.220994354738831E-02  2.7921279E-04  7.060770926058652E-05          0
  45.0  4.151456144126364E-01  2.4052641E-04 -1.243835897839159E-02  2.6480226E-04  9.271569681761258E-02  2.7601883E-04 -2.427137038546817E-03  2.7819067E-04  1.004763605614484E-02  2.7939276E-04  1.361228860091921E-02  2.7846600E-04  2.167510433379584E-03  2.7913543E-04  1.721680955385824E-02  2.7916976E-04  4.870255449529593E-03  2.7986235E-04  3.782092035412641E-03  2.7878892E-04  6.907326864383031E-05          0
  50.0  3.617397569227249E-01  2.4850027E-04 -1.245132241661052E-02  2.6944043E-04  6.099968457933407E-02  2.7778203E-04  1.394959629824758E-03  2.7815887E-04  4.042653025610745E-03  2.7939387E-04  1.702051549818078E-02  2.7866269E-04  3.462567089844282E-03  2.7925256E-04  1.196825823398661E-02  2.7921663E-04  4.391213522828842E-03  2.7988448E-04 -3.570885191764191E-03  2.7885660E-04  6.770666683757053E-05          0
  55.0  3.128875582857689E-01  2.5508787E-04 -1.212998362284416E-02  2.7267822E-04  3.864001970060783E-02  2.7875928E-04  5.188164175251851E-03  2.7814774E-04  1.951206434747726E-03  2.7927094E-04  1.848347117529663E-02  2.7891482E-04  4.522936013374620E-03  2.7976359E-04  5.284467055579493E-03  2.7885453E-04  3.564473890043893E-03  2.7955393E-04 -7.330186912602865E-03  2.7920399E-04  6.647569403029988E-05          0
  60.0  2.686714629760863E-01  2.6047100E-04 -1.143672612990668E-02  2.7485793E-04  2.352688630777693E-02  2.7920656E-04  8.573670121755927E-03  2.7823702E-04  2.219672333762190E-03  2.7915666E-04  1.747874649047806E-02  2.7915160E-04  4.650171732994276E-03  2.8002061E-04 -9.417537839214701E-04  2.7870181E-04  2.519850989232102E-03  2.7929693E-04 -7.604964885491998E-03  2.7949127E-04  6.535265557913619E-05          0
  65.0  2.291007666994196E-01  2.6479290E-04 -1.046891147015320E-02  2.7628738E-04  1.364292531012578E-02  2.7938961E-04  1.167863127481650E-02  2.7835768E-04  3.293887984363850E-03  2.7918319E-04  1.400014095135999E-02  2.7925256E-04  4.281600065179871E-03  2.7975549E-04 -5.606293822201365E-03  2.7900076E-04  1.422463549228600E-03  2.7918837E-04 -6.456624294003962E-03  2.7965748E-04  6.429889589310524E-05          0
  70.0  1.940038792804420E-01  2.6822219E-04 -9.219689456479347E-03  2.7719214E-04  7.496685494594228E-03  2.7937589E-04  1.441405573901600E-02  2.7855583E-04  4.131415173549876E-03  2.7949779E-04  9.105247201197500E-03  2.7906121E-04  3.163170825431441E-03  2.7942342E-04 -7.811668114063825E-03  2.7933528E-04  1.921081338033029E-05  2.7975971E-04 -4.995275645199144E-03  2.7911124E-04  6.332317397798381E-05          0
  75.0  1.631023100807115E-01  2.7092948E-04 -7.723356801155485E-03  2.7773434E-04  4.003424106072894E-03  2.7936209E-04  1.639640663975398E-02  2.7869302E-04  4.730020382103790E-03  2.7985986E-04  3.732189281556125E-03  2.7880071E-04  2.387185352659148E-03  2.7920919E-04 -7.694113169168992E-03  2.7958104E-04 -3.578169766701918E-04  2.7968290E-04 -3.025110651041018E-03  2.7920944E-04  6.239533835057513E-05          0
  80.0  1.361987888089216E-01  2.7305089E-04 -6.090113695122050E-03  2.7803467E-04  2.302408914938744E-03  2.7934295E-04  1.758632707917433E-02  2.7880327E-04  4.784831844656968E-03  2.7994461E-04 -8.482862765609297E-04  2.7878015E-04  1.772650437044777E-03  2.7920790E-04 -6.710179740499120E-03  2.7962824E-04  1.732548455430289E-04  2.7959578E-04 -2.069563894012263E-03  2.7930782E-04  6.149743424350567E-05          0
  85.0  1.128520636072941E-01  2.7471089E-04 -4.355171208385906E-03  2.7817767E-04  1.767239314229007E-03  2.7920139E-04  1.779435042107853E-02  2.7902529E-04  4.434070215743512E-03  2.7978985E-04 -4.318537374053927E-03  2.7896220E-04  4.116842230890606E-04  2.7953676E-04 -5.055123147984990E-03  2.7933271E-04  2.036375120553491E-03  2.7951562E-04 -7.599590333925099E-04  2.7938673E-04  6.064919899862280E-05          0
  90.0  9.275900503552090E-02  2.7602075E-04 -2.487704735789172E-03  2.7820968E-04  2.072328393055154E-03  2.7915785E-04  1.699049457805530E-02  2.7914799E-04  3.603936751932084E-03  2.7954560E-04 -6.665976097899814E-03  2.7921123E-04 -1.570389549488710E-04  2.7983075E-04 -3.886777775136681E-03  2.7905132E-04  3.917846693904862E-03  2.7960526E-04  1.033908558353165E-04  2.7930711E-04  5.983336569954878E-05          0
  95.0  7.555930759291760E-02  2.7703738E-04 -6.740657933969841E-04  2.7818936E-04  2.753440874856840E-03  2.7916363E-04  1.497841464637198E-02  2.7922736E-04  3.047539736401425E-03  2.7943353E-04 -7.779689174259335E-03  2.7933329E-04 -3.568443972426306E-04  2.7970890E-04 -2.974427522349468E-03  2.7918703E-04  4.457943678764210E-03  2.7966338E-04  2.042377705791109E-04  2.7926693E-04  5.906806569300183E-05          0
 100.0  6.109820117142745E-02  2.7779894E-04  1.208454741869100E-03  2.7815799E-04  3.479895054475157E-03  2.7925465E-04  1.226184994338546E-02  2.7922044E-04  2.259103749223495E-03  2.7923810E-04 -7.648512952541328E-03  2.7955593E-04  6.019627606821307E-05  2.7960952E-04 -2.246259528821145E-03  2.7929078E-04  3.578368176591147E-03  2.7953610E-04  4.041751339333759E-04  2.7941134E-04  5.832917284520387E-05          0
 105.0  4.903243551685126E-02  2.7836549E-04  3.104231883226683E-03  2.7813567E-04  4.126077311483166E-03  2.7948692E-04  9.000093692249481E-03  2.7907037E-04  1.622607760359634E-03  2.7920134E-04 -6.965577576374910E-03  2.7962856E-04  1.458423633102704E-03  2.7954767E-04 -9.661270058057948E-04  2.7935573E-04  2.051611531610486E-03  2.7958562E-04  2.621746982207981E-04  2.7937431E-04  5.760603608197172E-05          0
 110.0  3.898511075874371E-02  2.7878211E-04  4.933360056360926E-03  2.7812409E-04  4.659796572889763E-03  2.7977131E-04  5.512992933769029E-03  2.7886200E-04  1.103506425089909E-03  2.7940168E-04 -5.797254462457170E-03  2.7945366E-04  3.226933099272369E-03  2.7953529E-04 -5.547452346093889E-05  2.7937254E-04  5.620287409342553E-04  2.7951580E-04 -5.070411956043098E-04  2.7945332E-04  5.692534084411944E-05          0
 115.0  3.064909333957761E-02  2.7904633E-04  6.723519847880430E-03  2.7816363E-04  4.788671784500728E-03  2.7995509E-04  2.037893538603453E-03  2.7873480E-04  7.260729396365011E-04  2.7969132E-04 -4.645875792374276E-03  2.7917945E-04  4.330105010590846E-03  2.7959454E-04  1.367254930223055E-04  2.7932342E-04 -2.274387629540553E-04  2.7952005E-04 -1.359805755865454E-03  2.7944760E-04  5.625825587719000E-05          0
 120.0  2.380995587102831E-02  2.7923842E-04  8.451156179019910E-03  2.7820066E-04  4.872221639673394E-03  2.8000028E-04 -9.704361149054433E-04  2.7872482E-04  1.991617222894330E-04  2.7986008E-04 -3.528076965136631E-03  2.7902204E-04  4.489146220258903E-03  2.7964238E-04  2.220242863828938E-04  2.7929225E-04 -1.392738087160399E-03  2.7935011E-04 -2.094756753522547E-03  2.7961581E-04  5.562873193568483E-05          0
 125.0  1.830469634095439E-02  2.7934519E-04  1.011748391991008E-02  2.7826829E-04  4.679628394119932E-03  2.7990190E-04 -3.351351184850514E-03  2.7884088E-04 -2.023741144057674E-04  2.7982189E-04 -2.942343649402822E-03  2.7906872E-04  3.672889410997926E-03  2.7958606E-04  1.191865209936771E-04  2.7936263E-04 -1.866981026144977E-03  2.7941799E-04 -2.597757920217525E-03  2.7954730E-04  5.502915001381468E-05          0
 130.0  1.396986671120017E-02  2.7938921E-04  1.166519436842465E-02  2.7835904E-04  4.268033428842952E-03  2.7973086E-04 -5.243879015785392E-03  2.7902146E-04 -3.005522146436353E-05  2.7965672E-04 -2.397990461957090E-03  2.7924229E-04  2.377094502236019E-03  2.7956480E-04 -3.122545135616985E-05  2.7939615E-04 -8.953179765031852E-04  2.7963009E-04 -3.186988159161560E-03  2.7934030E-04  5.445272848056466E-05          0
 135.0  1.054829952318415E-02  2.7939979E-04  1.307429662113568E-02  2.7845231E-04  3.770314458349449E-03  2.7953539E-04 -6.733243016095118E-03  2.7922354E-04  5.428554139226398E-04  2.7956048E-04 -1.810354022633820E-03  2.7934174E-04  9.301550796116780E-04  2.7957976E-04 -6.868919406352413E-05  2.7938913E-04  6.722328682627027E-04  2.7952517E-04 -3.903230900593254E-03  2.7944578E-04  5.389539433017391E-05          0
 140.0  7.855674532768352E-03  2.7939594E-04  1.434249443882774E-02  2.7854128E-04  3.265035002716870E-03  2.7941639E-04 -7.567158951045891E-03  2.7934763E-04  1.373812234804916E-03  2.7954477E-04 -1.107761154600018E-03  2.7936022E-04  5.778619416030569E-05  2.7954177E-04 -3.448351988723089E-04  2.7942828E-04  2.275524692030813E-03  2.7949077E-04 -4.355537506418572E-03  2.7947863E-04  5.336136943494664E-05          0
 145.0  5.745732012314876E-03  2.7937582E-04  1.540002924671877E-02  2.7862817E-04  2.732163992571565E-03  2.7934100E-04 -7.864710675787253E-03  2.7943418E-04  2.606108808490267E-03  2.7948621E-04 -5.223631223943888E-04  2.7942543E-04 -5.054706815497969E-04  2.7949865E-04 -1.015960207626441E-03  2.7946954E-04  2.766994690439410E-03  2.7951825E-04 -3.860379741172598E-03  2.7945579E-04  5.285112867100088E-05          0
 150.0  4.116410531282071E-03  2.7936300E-04  1.628265532880697E-02  2.7869428E-04  2.330040525064554E-03  2.7922251E-04 -7.635322418399945E-03  2.7957136E-04  3.705740458218623E-03  2.7950367E-04 -2.524369245363977E-04  2.7941348E-04 -1.406585713287137E-03  2.7930095E-04 -1.742831199556106E-03  2.7966407E-04  2.150649646978362E-03  2.7946772E-04 -2.501097662483262E-03  2.7951407E-04  5.235812136195148E-05          0
 155.0  2.982710832725055E-03  2.7935486E-04  1.694823213170486E-02  2.7874781E-04  2.023170803690563E-03  2.7918455E-04 -7.154627671345935E-03  2.7963131E-04  4.351826318351844E-03  2.7961041E-04 -1.278100272669064E-04  2.7931389E-04 -1.742326939171516E-03  2.7935735E-04 -2.278507694785298E-03  2.7960492E-04  9.057623361606415E-04  2.7947017E-04 -1.079807367677628E-03  2.7951823E-04  5.188966801796616E-05          0
 160.0  2.239871753110587E-03  2.7931350E-04  1.734046752938076E-02  2.7882784E-04  1.534268733609736E-03  2.7923087E-04 -6.476543237724993E-03  2.7960848E-04  4.431648691680660E-03  2.7962693E-04  9.878380293902589E-05  2.7930595E-04 -1.473828058818781E-03  2.7963761E-04 -2.877334995845385E-03  2.7932693E-04  8.269765870048619E-04  2.7957642E-04 -4.525742656603248E-04  2.7941789E-04  5.142667382051349E-05          0
 165.0  1.743520142531328E-03  2.7928157E-04  1.752997691949950E-02  2.7889598E-04  1.146156665605600E-03  2.7942309E-04 -5.907901464929905E-03  2.7943212E-04  4.004279510010190E-03  2.7955118E-04  9.436439961296272E-06  2.7939032E-04 -1.365897483007149E-04  2.7958532E-04 -3.924781828232087E-03  2.7938044E-04  4.550015306988367E-04  2.7967034E-04 -9.951878672818704E-05  2.7932496E-04  5.097837138068173E-05          0
 170.0  1.500307594418655E-03  2.7924961E-04  1.747596164865158E-02  2.7896261E-04  7.953789562139158E-04  2.7961834E-04 -5.379287652378778E-03  2.7924619E-04  3.332979779009686E-03  2.7956042E-04  2.451120969998639E-04  2.7938956E-04  1.246496240676804E-03  2.7947490E-04 -4.553144503882662E-03  2.7949317E-04 -2.655625699813152E-04  2.7956342E-04  7.149870840856814E-04  2.7943042E-04  5.054946755567042E-05          0
 175.0  1.453489070382727E-03  2.7925873E-04  1.716205264233631E-02  2.7898986E-04  7.502845847232921E-04  2.7979838E-04 -4.734807490002114E-03  2.7907332E-04  2.208485126104613E-03  2.7963396E-04  2.438261122815227E-04  2.7932512E-04  2.531917565443685E-03  2.7952343E-04 -4.681394137304667E-03  2.7944253E-04 -3.622061159658786E-04  2.7949633E-04  9.789682488635326E-04  2.7949821E-04  5.012204081634480E-05          0
 180.0  1.488326720286599E-03  2.7924157E-04  1.663055405724045E-02  2.7904809E-04  5.050356892137124E-04  2.7989180E-04 -4.120156651872671E-03  2.7898539E-04  1.299148287777849E-03  2.7962773E-04  2.541062120798210E-04  2.7933927E-04  3.205692757329672E-03  2.7953499E-04 -4.376480352259188E-03  2.7943290E-04  1.119733613949411E-04  2.7950463E-04  2.099529411339737E-04  2.7948965E-04  4.973573199531082E-05          0
 185.0  1.702300223856542E-03  2.7922734E-04  1.575659122144092E-02  2.7910785E-04  2.760209271931883E-04  2.7984491E-04 -3.582053361891709E-03  2.7903915E-04  7.311343399733050E-04  2.7959470E-04 -2.032872873546059E-04  2.7937655E-04  2.874572202743663E-03  2.7956617E-04 -3.406492613794299E-03  2.7940938E-04  8.100992790859286E-04  2.7948406E-04 -4.197306181612111E-04  2.7951185E-04  4.934153216629579E-05          0
 190.0  1.938669354935349E-03  2.7920075E-04  1.467682715143203E-02  2.7918128E-04 -5.093515351872547E-05  2.7971234E-04 -2.951505321213483E-03  2.7917915E-04  1.151840980216746E-04  2.7951847E-04 -9.423621975892442E-04  2.7945365E-04  1.923245588635366E-03  2.7945606E-04 -2.258800072681536E-03  2.7952742E-04  1.377624751066119E-03  2.7948854E-04 -9.136543200966534E-04  2.7951151E-04  4.897228923500744E-05          0
 195.0  2.305676375471479E-03  2.7922730E-04  1.346570065657114E-02  2.7920223E-04 -3.676291172780016E-06  2.7959358E-04 -2.379793005288111E-03  2.7930503E-04 -5.905239165344997E-04  2.7943106E-04 -1.682916679768187E-03  2.7953751E-04  1.060287080973623E-03  2.7941484E-04 -1.440565319401379E-03  2.7957469E-04  1.072988872456983E-03  2.7953402E-04 -1.664307181874274E-03  2.7946693E-04  4.860380156289500E-05          0
 200.0  2.706159024941438E-03  2.7928489E-04  1.203697149270655E-02  2.7919142E-04  2.736558670544349E-04  2.7953115E-04 -2.020325073366410E-03  2.7937072E-04 -1.445184818017885E-03  2.7933360E-04 -2.349929150305344E-03  2.7963216E-04  6.162342084090214E-04  2.7950317E-04 -6.405954456128798E-04  2.7949038E-04  5.346069325996117E-04  2.7955107E-04 -1.975903896972601E-03  2.7944932E-04  4.825446158189499E-05          0
 205.0  3.069867782885901E-03  2.7938505E-04  1.046837743103625E-02  2.7913693E-04  8.422245947449780E-04  2.7954003E-04 -1.608900617798638E-03  2.7936353E-04 -1.891337106429718E-03  2.7932796E-04 -2.698053545296901E-03  2.7963656E-04  6.749908858621389E-04  2.7957073E-04  3.502510485298279E-05  2.7942448E-04  6.220437959436093E-04  2.7958961E-04 -7.902758701135151E-04  2.7941350E-04  4.790749083340285E-05          0
 210.0  3.418059723842620E-03  2.7950673E-04  8.781229092857463E-03  2.7905605E-04  1.575585295880362E-03  2.7948885E-04 -1.273252416825852E-03  2.7941569E-04 -1.707486533225884E-03  2.7945204E-04 -3.057686664169784E-03  2.7951617E-04  3.000302710467523E-04  2.7957639E-04  4.750821638241201E-04  2.7941785E-04  1.045288048577332E-03  2.7957895E-04  2.955865943134926E-04  2.7942373E-04  4.757101262716737E-05          0
 215.0  3.728212755371442E-03  2.7964152E-04  7.024901836820870E-03  2.7895801E-04  2.414940495629394E-03  2.7943470E-04 -8.260410241043892E-04  2.7947407E-04 -1.339432637191433E-03  2.7958402E-04 -3.609155686948144E-03  2.7938463E-04 -1.088659981049484E-04  2.7955919E-04  8.602291772673428E-04  2.7943453E-04  1.026944333796739E-03  2.7947292E-04  1.019663351820677E-03  2.7952925E-04  4.723648832655614E-05          0
 220.0  3.959572026301841E-03  2.7978635E-04  5.270539123347868E-03  2.7884733E-04  3.326626455014647E-03  2.7942284E-04 -5.673395183505989E-04  2.7949193E-04 -2.337195163989633E-04  2.7955676E-04 -4.106859796830294E-03  2.7941088E-04 -2.150082717685371E-04  2.7948701E-04  4.801988459094019E-04  2.7950663E-04  1.113260477490244E-03  2.7950890E-04  1.284280746897260E-03  2.7949126E-04  4.691066756511791E-05          0
 225.0  4.223792778692305E-03  2.7989680E-04  3.584636771152768E-03  2.7876594E-04  4.003944790594905E-03  2.7946449E-04 -4.315710552102824E-04  2.7945492E-04  9.833389627712770E-04  2.7947964E-04 -4.363800449734345E-03  2.7948679E-04  6.556237588471451E-05  2.7949073E-04 -8.987119276724629E-05  2.7950240E-04  3.396076665281196E-04  2.7943230E-04  8.449422281238512E-04  2.7956607E-04  4.659894857528747E-05          0
 230.0  4.426527592468999E-03  2.7994815E-04  1.999870924323397E-03  2.7873754E-04  4.278930758687265E-03  2.7952586E-04 -2.125097270763150E-04  2.7939818E-04  1.925189052012869E-03  2.7951126E-04 -4.407472644683439E-03  2.7945574E-04  4.929804517314282E-04  2.7948883E-04 -6.809472557720344E-04  2.7950607E-04 -8.269448814575039E-05  2.7937670E-04  2.957388927784752E-04  2.7962113E-04  4.629474364917987E-05          0
 235.0  4.538802193449413E-03  2.7995248E-04  4.818849457374479E-04  2.7875024E-04  4.236437282873418E-03  2.7958400E-04 -2.961378781823917E-05  2.7934485E-04  2.664302998032336E-03  2.7957256E-04 -4.614178435514371E-03  2.7939595E-04  8.911939433274400E-04  2.7949945E-04 -1.127245379308807E-03  2.7949705E-04 -5.276963219960145E-04  2.7944343E-04 -1.171051827349589E-04  2.7955664E-04  4.600032929091229E-05          0
 240.0  4.644129330090448E-03  2.7992792E-04 -9.801660185051386E-04  2.7878895E-04  3.994477986637378E-03  2.7961396E-04  2.322946765494205E-04  2.7931990E-04  3.091457953503489E-03  2.7960692E-04 -4.510551699167477E-03  2.7936352E-04  1.085211314715827E-03  2.7942675E-04 -1.210834334733792E-03  2.7957193E-04 -1.046675536683186E-03  2.7959076E-04 -3.260073228590677E-04  2.7941209E-04  4.571473646176164E-05          0
 245.0  4.686961276912562E-03  2.7987268E-04 -2.297771350790209E-03  2.7885721E-04  3.535652468810943E-03  2.7961361E-04  3.905161781112322E-04  2.7932709E-04  2.678540496954475E-03  2.7951906E-04 -3.705692613568900E-03  2.7945606E-04  1.057807478084607E-03  2.7958907E-04 -1.550990276813271E-03  2.7940909E-04 -1.048353472714296E-03  2.7959620E-04 -1.704941214578124E-04  2.7940850E-04  4.542756648203563E-05          0
 250.0  4.789546384699867E-03  2.7981049E-04 -3.436148081156071E-03  2.7892808E-04  3.042863060972945E-03  2.7963671E-04  5.497379395386207E-04  2.7930981E-04  2.099456311770080E-03  2.7948987E-04 -2.815616494789716E-03  2.7949096E-04  1.188188223028223E-03  2.7965769E-04 -1.707796101131459E-03  2.7934080E-04 -6.990635302025072E-04  2.7952755E-04 -1.711845645459907E-04  2.7947837E-04  4.514901038752181E-05          0
 255.0  4.822416782718799E-03  2.7976810E-04 -4.534013676350550E-03  2.7897566E-04  2.699736049513339E-03  2.7959539E-04  7.370769092761755E-04  2.7935618E-04  1.302761174583173E-03  2.7945943E-04 -2.074749818843586E-03  2.7952483E-04  8.650381079062580E-04  2.7961549E-04 -1.047464203448491E-03  2.7938545E-04 -1.216278732637237E-04  2.7942438E-04  1.576376092955639E-04  2.7958176E-04  4.487676161124608E-05          0
 260.0  4.870990548641044E-03  2.7969359E-04 -5.520284321940447E-03  2.7905414E-04  2.131800609672648E-03  2.7959688E-04  6.075294120703400E-04  2.7936253E-04  9.081178528406823E-04  2.7940730E-04 -1.504478008217885E-03  2.7957991E-04  8.438594053010178E-04  2.7958950E-04 -2.198462270546096E-04  2.7941198E-04  1.303306173978990E-04  2.7934468E-04  2.892368972142513E-04  2.7966074E-04  4.460667993272092E-05          0
 265.0  4.754304933875342E-03  2.7959748E-04 -6.328729696035418E-03  2.7915298E-04  1.414325032088877E-03  2.7963093E-04  3.029319549939206E-04  2.7933472E-04  6.216310613483452E-04  2.7942304E-04 -9.005156554851187E-04  2.7956928E-04  1.070412344212822E-03  2.7956851E-04  6.092295863168514E-04  2.7943238E-04 -2.412688043623320E-04  2.7950697E-04  3.596410355683335E-04  2.7949899E-04  4.434617916872670E-05          0
 270.0  4.547555494575349E-03  2.7951421E-04 -6.970283664045984E-03  2.7923878E-04  7.954875575022609E-04  2.7965203E-04  4.386455088639310E-05  2.7931905E-04  1.587557644749438E-04  2.7954567E-04 -4.124775357327017E-04  2.7945055E-04  1.206292949440314E-03  2.7956607E-04  8.759375315661237E-04  2.7943587E-04 -5.521759379094228E-04  2.7953786E-04  1.893934679304387E-05  2.7946915E-04  4.409121051991573E-05          0
 275.0  4.283193234855518E-03  2.7944916E-04 -7.486043705159279E-03  2.7930675E-04  3.102302958538607E-04  2.7961403E-04 -1.169365130067098E-04  2.7935883E-04  9.784296783350919E-06  2.7964855E-04  2.458431982900632E-04  2.7934796E-04  9.358679761620134E-04  2.7952613E-04  8.821852973433524E-04  2.7947479E-04 -5.666120217281351E-04  2.7944670E-04 -1.950227532776038E-04  2.7956118E-04  4.384373682547534E-05          0
 280.0  4.018178131314572E-03  2.7940085E-04 -7.842161917791749E-03  2.7935812E-04 -5.114309437405059E-05  2.7961776E-04 -4.275732002034441E-04  2.7935539E-04 -2.402003359289530E-04  2.7962332E-04  7.310346925434499E-04  2.7937369E-04  9.677781768925517E-04  2.7952001E-04  5.685083855645326E-04  2.7947951E-04 -1.362565875369570E-04  2.7943922E-04 -5.345219015601250E-04  2.7956935E-04  4.360213467697790E-05          0
 285.0  3.664662815551610E-03  2.7936581E-04 -8.060683342290313E-03  2.7939725E-04 -3.122163075152022E-04  2.7957202E-04 -7.440137498743731E-04  2.7940055E-04 -1.830625794708621E-04  2.7952291E-04  8.427794670833333E-04  2.7947384E-04  6.443231784191345E-04  2.7946692E-04  1.367821700878237E-04  2.7953063E-04  2.702109845735718E-04  2.7950661E-04 -3.853874830413367E-04  2.7950281E-04  4.336498018193663E-05          0
 290.0  3.393180463495407E-03  2.7931369E-04 -8.122801684921677E-03  2.7945608E-04 -7.059906350056166E-04  2.7950885E-04 -1.134061181763315E-03  2.7946223E-04 -2.089459541531476E-04  2.7953082E-04  4.183629919296362E-04  2.7946568E-04  1.952878135217533E-04  2.7943521E-04  4.789743833690423E-05  2.7956429E-04  5.475593827839563E-04  2.7944538E-04  6.228584489084280E-05  2.7956242E-04  4.313385350880924E-05          0
 295.0  3.073031439010007E-03  2.7929198E-04 -8.008025962414921E-03  2.7948829E-04 -8.906444157462525E-04  2.7941146E-04 -1.619455831922088E-03  2.7955716E-04 -6.118144983259029E-05  2.7949775E-04  8.531563691012500E-05  2.7949767E-04 -5.016011891925145E-04  2.7950493E-04 -1.115501035061595E-04  2.7949755E-04  4.147509528870539E-04  2.7954462E-04  6.042479547185212E-04  2.7946420E-04  4.290348123962569E-05          0
 300.0  2.700694990657769E-03  2.7925034E-04 -7.819689734972502E-03  2.7954261E-04 -1.222461286698293E-03  2.7929093E-04 -1.690976123455037E-03  2.7967487E-04  3.040546209178256E-04  2.7948859E-04 -7.801639718340241E-05  2.7950735E-04 -1.377412649986019E-03  2.7954350E-04  2.066156074611495E-04  2.7945887E-04 -2.452393146556344E-04  2.7949515E-04  7.418501456805588E-04  2.7951553E-04  4.267840445881580E-05          0
 305.0  2.446497364616342E-03  2.7923517E-04 -7.574513438376206E-03  2.7957043E-04 -1.363072752533601E-03  2.7925635E-04 -1.847655426098522E-03  2.7970901E-04  8.289590738211672E-04  2.7949927E-04 -4.891136090166972E-04  2.7949786E-04 -1.647795318369258E-03  2.7953371E-04  5.825550429521165E-04  2.7946840E-04 -5.087931694628044E-04  2.7940185E-04  2.959481456916240E-04  2.7960876E-04  4.245624605837800E-05          0
 310.0  2.290653101808022E-03  2.7924924E-04 -7.341670534539588E-03  2.7956821E-04 -1.292985202569331E-03  2.7932240E-04 -2.145065518736277E-03  2.7964375E-04  1.188180742211227E-03  2.7951398E-04 -8.068885574050242E-04  2.7948526E-04 -1.197858518722830E-03  2.7946773E-04  7.236725756227761E-04  2.7953507E-04 -6.203364984691530E-04  2.7955167E-04  1.857918831687307E-04  2.7945774E-04  4.223299223138469E-05          0
 315.0  2.021503932196276E-03  2.7924350E-04 -7.074396087871871E-03  2.7958511E-04 -1.363831721329933E-03  2.7941983E-04 -2.626133671209572E-03  2.7954634E-04  1.042299111388283E-03  2.7954463E-04 -1.149678963136189E-03  2.7945582E-04 -5.150817588685412E-04  2.7942513E-04  5.622661374842616E-04  2.7957894E-04 -4.539655803658964E-04  2.7956099E-04  5.715591871822021E-04  2.7944630E-04  4.201532312682454E-05          0
