4608	# No of dislocations in the cell
800000	# Np of point-pairs
  3200	# Square
 2	 0	 0	# diffraction vector, g:
 1	-1	-2	# line vector, l:
0.202470	0.202470	0.000000	# Burgers vector, b in [nm] 
0.266310	# C_factor/ nu = 0.345000
0.404940	# lattice parameter, [nm]
L	cos_AL	err_Cos	sin_AL	err_Sin	Cos_2AL	err_Cos_2AL	Sin_2AL	err_Sin_2AL	Cos_3AL	err_Cos_3AL	Sin_3AL	err_Sin_3AL	Cos_4AL	err_Cos_4AL	Sin_4AL	err_Sin_4AL	Cos_5AL	err_Cos_5AL	Sin_5AL	err_Sin_5AL	<eps^2>	bad_points
  11.8	 0.9674549	 0.0000005	-0.0391825	 0.0000008	 0.8918995	 0.0000007	-0.0724428	 0.0000010	 0.7910059	 0.0004069	-0.0965161	 0.0006420	 0.6796037	 0.0005328	-0.1105650	 0.0007407	 0.5670979	 0.0006388	-0.1150691	 0.0008030	 0.0348522	168249
  23.6	 0.8896622	 0.0000007	-0.0690252	 0.0000010	 0.6761730	 0.0000010	-0.1053698	 0.0000012	 0.4569307	 0.0007234	-0.1072448	 0.0008392	 0.2805156	 0.0008195	-0.0875274	 0.0008756	 0.1581728	 0.0008608	-0.0605756	 0.0008877	 0.0174584	164757
  35.4	 0.7856557	 0.0000009	-0.0877030	 0.0000011	 0.4544258	 0.0000012	-0.1028292	 0.0000013	 0.2104090	 0.0008434	-0.0718414	 0.0008816	 0.0811455	 0.0008789	-0.0368887	 0.0008837	 0.0225687	 0.0008896	-0.0148544	 0.0008794	 0.0115336	161382
  47.2	 0.6699149	 0.0000010	-0.0959797	 0.0000012	 0.2756110	 0.0000013	-0.0819260	 0.0000013	 0.0799851	 0.0008769	-0.0359904	 0.0008814	 0.0108185	 0.0008880	-0.0096091	 0.0008769	-0.0075099	 0.0008848	 0.0067208	 0.0008802	 0.0087551	158071
  59.0	 0.5533882	 0.0000011	-0.0966658	 0.0000012	 0.1524097	 0.0000013	-0.0566181	 0.0000013	 0.0211524	 0.0008862	-0.0146347	 0.0008740	-0.0066905	 0.0008825	 0.0068750	 0.0008782	 0.0048081	 0.0008756	 0.0097020	 0.0008850	 0.0070249	154892
  70.8	 0.4439692	 0.0000012	-0.0914333	 0.0000013	 0.0775774	 0.0000013	-0.0340747	 0.0000013	-0.0033133	 0.0008813	-0.0000711	 0.0008751	 0.0035741	 0.0008733	 0.0107989	 0.0008830	 0.0169180	 0.0008748	 0.0076514	 0.0008813	 0.0057724	151712
  82.6	 0.3466678	 0.0000012	-0.0825816	 0.0000013	 0.0359096	 0.0000013	-0.0171734	 0.0000013	-0.0079241	 0.0008763	 0.0092137	 0.0008759	 0.0188309	 0.0008727	 0.0074412	 0.0008792	 0.0098429	 0.0008752	 0.0096729	 0.0008769	 0.0048317	148614
  94.4	 0.2638188	 0.0000012	-0.0719801	 0.0000013	 0.0111332	 0.0000013	-0.0062228	 0.0000013	 0.0039596	 0.0008701	 0.0107983	 0.0008781	 0.0185050	 0.0008698	 0.0081612	 0.0008782	 0.0046908	 0.0008751	 0.0068036	 0.0008732	 0.0041667	145694
 106.2	 0.1967206	 0.0000013	-0.0601428	 0.0000013	-0.0042034	 0.0000013	 0.0016077	 0.0000013	 0.0189534	 0.0008692	 0.0075422	 0.0008748	 0.0107209	 0.0008708	 0.0079495	 0.0008734	-0.0033795	 0.0008700	 0.0059614	 0.0008742	 0.0037113	142684
 118.0	 0.1440969	 0.0000013	-0.0478797	 0.0000013	-0.0106175	 0.0000013	 0.0068094	 0.0000013	 0.0244377	 0.0008663	 0.0053810	 0.0008737	 0.0075940	 0.0008684	 0.0072657	 0.0008720	-0.0075013	 0.0008704	 0.0068846	 0.0008700	 0.0033783	139812
 129.8	 0.1044571	 0.0000013	-0.0351562	 0.0000013	-0.0072637	 0.0000013	 0.0092245	 0.0000013	 0.0196200	 0.0008632	 0.0054794	 0.0008731	 0.0022616	 0.0008660	 0.0057015	 0.0008706	-0.0015349	 0.0008707	 0.0057044	 0.0008660	 0.0030995	136913
 141.6	 0.0753253	 0.0000013	-0.0225609	 0.0000013	 0.0022336	 0.0000013	 0.0083979	 0.0000013	 0.0133156	 0.0008644	 0.0063017	 0.0008684	-0.0049713	 0.0008665	 0.0065500	 0.0008664	-0.0061235	 0.0008665	-0.0026714	 0.0008665	 0.0028330	134048
 153.4	 0.0538715	 0.0000013	-0.0110069	 0.0000013	 0.0124762	 0.0000013	 0.0068774	 0.0000013	 0.0099032	 0.0008608	 0.0059338	 0.0008683	-0.0019169	 0.0008658	 0.0093023	 0.0008635	-0.0134170	 0.0008660	-0.0043463	 0.0008632	 0.0026006	131222
 165.2	 0.0383934	 0.0000013	-0.0005052	 0.0000012	 0.0194320	 0.0000013	 0.0058887	 0.0000013	 0.0080208	 0.0008609	 0.0048893	 0.0008650	 0.0017890	 0.0008648	 0.0055574	 0.0008611	-0.0079906	 0.0008620	-0.0000900	 0.0008639	 0.0023816	128625
 177.0	 0.0273657	 0.0000013	 0.0085415	 0.0000012	 0.0201659	 0.0000012	 0.0064624	 0.0000012	 0.0033592	 0.0008609	 0.0030675	 0.0008617	-0.0037239	 0.0008616	-0.0016017	 0.0008611	-0.0061880	 0.0008629	 0.0013658	 0.0008597	 0.0021872	126053
 188.8	 0.0191955	 0.0000012	 0.0154910	 0.0000012	 0.0157400	 0.0000012	 0.0064123	 0.0000012	-0.0049901	 0.0008616	 0.0011336	 0.0008577	-0.0100969	 0.0008606	-0.0024275	 0.0008587	-0.0017643	 0.0008611	-0.0014273	 0.0008583	 0.0020162	123467
 200.6	 0.0129038	 0.0000012	 0.0203875	 0.0000012	 0.0095897	 0.0000012	 0.0050393	 0.0000012	-0.0091138	 0.0008603	-0.0003073	 0.0008557	-0.0101572	 0.0008593	 0.0010887	 0.0008567	 0.0028217	 0.0008574	-0.0018725	 0.0008587	 0.0018669	120870
 212.4	 0.0083122	 0.0000012	 0.0231254	 0.0000012	 0.0033616	 0.0000012	 0.0037552	 0.0000012	-0.0074416	 0.0008563	 0.0000000	 0.0008564	-0.0042258	 0.0008584	 0.0058491	 0.0008544	 0.0011618	 0.0008559	 0.0043217	 0.0008569	 0.0017349	118292
 224.2	 0.0047534	 0.0000012	 0.0231437	 0.0000012	-0.0015859	 0.0000012	 0.0035111	 0.0000012	-0.0017719	 0.0008553	 0.0003308	 0.0008544	-0.0007244	 0.0008541	 0.0062400	 0.0008555	 0.0022451	 0.0008548	 0.0024806	 0.0008548	 0.0016115	115761
 236.0	 0.0025689	 0.0000012	 0.0209402	 0.0000012	-0.0059998	 0.0000012	 0.0038940	 0.0000012	 0.0011497	 0.0008534	-0.0000997	 0.0008531	-0.0000781	 0.0008531	 0.0031362	 0.0008533	 0.0039655	 0.0008520	-0.0002754	 0.0008545	 0.0014967	113222
 247.8	 0.0008837	 0.0000012	 0.0172698	 0.0000012	-0.0100423	 0.0000012	 0.0035150	 0.0000012	 0.0002384	 0.0008496	-0.0010580	 0.0008539	 0.0057480	 0.0008520	 0.0009469	 0.0008515	 0.0044425	 0.0008505	-0.0032104	 0.0008529	 0.0013878	110804
 259.6	-0.0009326	 0.0000012	 0.0123911	 0.0000012	-0.0136900	 0.0000012	 0.0012321	 0.0000012	-0.0004278	 0.0008478	-0.0004789	 0.0008526	 0.0065296	 0.0008497	 0.0019775	 0.0008507	-0.0002524	 0.0008482	-0.0048941	 0.0008522	 0.0012937	108312
 271.4	-0.0026501	 0.0000012	 0.0067938	 0.0000012	-0.0165628	 0.0000012	-0.0018607	 0.0000012	-0.0001885	 0.0008461	 0.0020173	 0.0008514	 0.0012827	 0.0008496	 0.0017525	 0.0008478	-0.0010092	 0.0008479	-0.0024539	 0.0008496	 0.0012176	105892
 283.2	-0.0043050	 0.0000012	 0.0011503	 0.0000012	-0.0203846	 0.0000012	-0.0045790	 0.0000012	 0.0004467	 0.0008441	 0.0038272	 0.0008505	-0.0033292	 0.0008497	 0.0017481	 0.0008449	 0.0017024	 0.0008452	 0.0013143	 0.0008494	 0.0011463	103567
 295.0	-0.0064080	 0.0000012	-0.0041774	 0.0000012	-0.0242447	 0.0000012	-0.0060294	 0.0000012	 0.0006431	 0.0008466	 0.0048025	 0.0008452	-0.0045015	 0.0008468	 0.0006822	 0.0008450	 0.0045470	 0.0008452	 0.0031584	 0.0008466	 0.0010811	101248
 306.8	-0.0083836	 0.0000012	-0.0092462	 0.0000012	-0.0270476	 0.0000012	-0.0054239	 0.0000012	 0.0027700	 0.0008456	 0.0062614	 0.0008435	-0.0011327	 0.0008440	-0.0007789	 0.0008452	 0.0063878	 0.0008453	 0.0028972	 0.0008438	 0.0010248	99031
 318.6	-0.0106529	 0.0000012	-0.0140169	 0.0000012	-0.0281401	 0.0000012	-0.0032739	 0.0000012	 0.0066308	 0.0008431	 0.0058316	 0.0008433	 0.0052869	 0.0008429	-0.0020319	 0.0008435	 0.0045711	 0.0008434	-0.0003571	 0.0008430	 0.0009704	96804
 330.4	-0.0131181	 0.0000012	-0.0182969	 0.0000012	-0.0286745	 0.0000012	-0.0011707	 0.0000012	 0.0088471	 0.0008410	 0.0024528	 0.0008427	 0.0115413	 0.0008416	-0.0023481	 0.0008422	 0.0046178	 0.0008422	-0.0038576	 0.0008417	 0.0009192	94617
 342.2	-0.0155669	 0.0000012	-0.0212331	 0.0000012	-0.0287147	 0.0000012	-0.0006346	 0.0000012	 0.0056953	 0.0008394	-0.0007296	 0.0008418	 0.0133838	 0.0008409	 0.0009018	 0.0008402	 0.0064608	 0.0008403	-0.0030527	 0.0008408	 0.0008725	92414
 354.0	-0.0174179	 0.0000012	-0.0222185	 0.0000012	-0.0283524	 0.0000012	-0.0017813	 0.0000012	-0.0011112	 0.0008405	-0.0021945	 0.0008382	 0.0105150	 0.0008401	 0.0041414	 0.0008386	 0.0049583	 0.0008405	-0.0019567	 0.0008383	 0.0008309	90336
 365.8	-0.0187891	 0.0000012	-0.0211133	 0.0000012	-0.0265746	 0.0000012	-0.0040253	 0.0000012	-0.0068466	 0.0008398	-0.0039055	 0.0008365	 0.0050139	 0.0008374	 0.0059903	 0.0008389	 0.0038571	 0.0008391	 0.0000639	 0.0008372	 0.0007943	88296
 377.6	-0.0200872	 0.0000012	-0.0181581	 0.0000012	-0.0244776	 0.0000012	-0.0055918	 0.0000012	-0.0073226	 0.0008379	-0.0038986	 0.0008359	-0.0004486	 0.0008347	 0.0077919	 0.0008391	 0.0009023	 0.0008375	 0.0021519	 0.0008363	 0.0007610	86160
 389.4	-0.0209789	 0.0000012	-0.0138018	 0.0000012	-0.0213047	 0.0000012	-0.0061130	 0.0000012	-0.0057757	 0.0008366	-0.0023108	 0.0008348	-0.0042135	 0.0008350	 0.0064846	 0.0008364	 0.0001676	 0.0008357	 0.0046596	 0.0008357	 0.0007310	84101
 401.2	-0.0216783	 0.0000012	-0.0087062	 0.0000012	-0.0164778	 0.0000012	-0.0055862	 0.0000012	-0.0061134	 0.0008347	-0.0012552	 0.0008344	-0.0059750	 0.0008334	 0.0018303	 0.0008357	 0.0017944	 0.0008344	 0.0025092	 0.0008346	 0.0007093	82085
 413.0	-0.0218473	 0.0000012	-0.0033458	 0.0000012	-0.0116283	 0.0000012	-0.0037952	 0.0000012	-0.0043120	 0.0008323	-0.0005756	 0.0008344	-0.0042237	 0.0008317	-0.0035368	 0.0008350	 0.0026730	 0.0008335	 0.0004452	 0.0008333	 0.0006932	80126
 424.8	-0.0213596	 0.0000012	 0.0023825	 0.0000012	-0.0076787	 0.0000012	-0.0014858	 0.0000012	 0.0026241	 0.0008302	 0.0014704	 0.0008343	-0.0019854	 0.0008323	-0.0044693	 0.0008323	 0.0007034	 0.0008324	-0.0028138	 0.0008322	 0.0006742	78190
 436.6	-0.0209521	 0.0000012	 0.0073401	 0.0000012	-0.0050854	 0.0000012	 0.0014030	 0.0000012	 0.0098845	 0.0008287	 0.0037691	 0.0008336	 0.0030657	 0.0008317	-0.0018362	 0.0008307	 0.0010995	 0.0008309	-0.0050577	 0.0008315	 0.0006578	76289
 448.4	-0.0203184	 0.0000012	 0.0106583	 0.0000012	-0.0023900	 0.0000012	 0.0034345	 0.0000012	 0.0124834	 0.0008285	 0.0054985	 0.0008316	 0.0080027	 0.0008296	-0.0000480	 0.0008306	 0.0021342	 0.0008293	-0.0035938	 0.0008309	 0.0006441	74424
 460.2	-0.0199529	 0.0000012	 0.0121169	 0.0000012	 0.0016255	 0.0000012	 0.0042863	 0.0000012	 0.0116357	 0.0008303	 0.0034755	 0.0008277	 0.0093306	 0.0008290	 0.0000279	 0.0008291	 0.0063625	 0.0008297	-0.0020674	 0.0008285	 0.0006304	72586
 472.0	-0.0199857	 0.0000012	 0.0120487	 0.0000012	 0.0066515	 0.0000012	 0.0039805	 0.0000012	 0.0081557	 0.0008287	 0.0008336	 0.0008272	 0.0065568	 0.0008291	-0.0000303	 0.0008269	 0.0083928	 0.0008266	 0.0015815	 0.0008294	 0.0006154	70705
 483.8	-0.0202803	 0.0000012	 0.0103946	 0.0000011	 0.0125407	 0.0000012	 0.0043454	 0.0000011	 0.0013465	 0.0008245	-0.0005393	 0.0008294	 0.0006355	 0.0008262	-0.0002997	 0.0008278	 0.0074329	 0.0008267	 0.0013811	 0.0008272	 0.0006001	68867
 495.6	-0.0207312	 0.0000012	 0.0072965	 0.0000011	 0.0184952	 0.0000011	 0.0054049	 0.0000011	-0.0071414	 0.0008243	-0.0024476	 0.0008276	-0.0032695	 0.0008249	-0.0020759	 0.0008270	 0.0035909	 0.0008270	-0.0005436	 0.0008249	 0.0005845	67101
 507.4	-0.0219459	 0.0000012	 0.0033178	 0.0000011	 0.0220831	 0.0000011	 0.0071848	 0.0000011	-0.0129764	 0.0008249	-0.0031064	 0.0008249	-0.0029733	 0.0008246	-0.0025213	 0.0008253	-0.0005584	 0.0008267	-0.0016643	 0.0008232	 0.0005718	65306
 519.2	-0.0241082	 0.0000011	-0.0006625	 0.0000011	 0.0225096	 0.0000011	 0.0081950	 0.0000011	-0.0143618	 0.0008258	-0.0032083	 0.0008220	-0.0020912	 0.0008255	-0.0014502	 0.0008224	-0.0016336	 0.0008243	-0.0013220	 0.0008237	 0.0005580	63586
 531.0	-0.0264428	 0.0000011	-0.0042300	 0.0000011	 0.0203645	 0.0000011	 0.0076981	 0.0000011	-0.0124420	 0.0008259	-0.0015160	 0.0008200	-0.0029107	 0.0008245	-0.0017947	 0.0008216	-0.0000741	 0.0008217	-0.0022430	 0.0008244	 0.0005429	61858
 542.8	-0.0287356	 0.0000011	-0.0080729	 0.0000011	 0.0174286	 0.0000011	 0.0059443	 0.0000011	-0.0100672	 0.0008244	 0.0002161	 0.0008196	 0.0005956	 0.0008206	-0.0015665	 0.0008236	 0.0023814	 0.0008223	-0.0022518	 0.0008218	 0.0005260	60171
 554.6	-0.0308496	 0.0000011	-0.0113012	 0.0000011	 0.0152244	 0.0000011	 0.0053852	 0.0000011	-0.0069680	 0.0008232	 0.0012671	 0.0008191	 0.0070889	 0.0008197	-0.0009076	 0.0008227	 0.0087086	 0.0008217	-0.0004505	 0.0008206	 0.0005096	58547
 566.4	-0.0329436	 0.0000011	-0.0141560	 0.0000011	 0.0128183	 0.0000011	 0.0057102	 0.0000011	-0.0001832	 0.0008219	 0.0023956	 0.0008187	 0.0082504	 0.0008212	-0.0021550	 0.0008193	 0.0097700	 0.0008203	-0.0026720	 0.0008203	 0.0004938	56962
 578.2	-0.0345746	 0.0000011	-0.0161356	 0.0000011	 0.0081978	 0.0000011	 0.0074348	 0.0000011	 0.0071001	 0.0008205	 0.0031234	 0.0008183	 0.0048481	 0.0008205	-0.0052162	 0.0008183	 0.0045595	 0.0008193	-0.0044040	 0.0008195	 0.0004789	55328
 590.0	-0.0351491	 0.0000011	-0.0177333	 0.0000011	 0.0021758	 0.0000011	 0.0091833	 0.0000011	 0.0116552	 0.0008198	 0.0025442	 0.0008172	 0.0015663	 0.0008178	-0.0061446	 0.0008193	-0.0011551	 0.0008190	-0.0032901	 0.0008181	 0.0004660	53793
 601.8	-0.0354718	 0.0000011	-0.0192402	 0.0000011	-0.0037750	 0.0000011	 0.0092840	 0.0000011	 0.0124235	 0.0008182	 0.0013663	 0.0008172	-0.0011322	 0.0008187	-0.0059120	 0.0008168	-0.0041790	 0.0008190	-0.0009299	 0.0008165	 0.0004537	52296
