4608	# No of dislocations in the cell
800000	# Np of point-pairs
  3200	# Square
 2	 0	 0	# diffraction vector, g:
 1	-1	-2	# line vector, l:
0.202470	0.202470	0.000000	# Burgers vector, b in [nm] 
0.266310	# C_factor/ nu = 0.345000
0.404940	# lattice parameter, [nm]
L	cos_AL	err_Cos	sin_AL	err_Sin	Cos_2AL	err_Cos_2AL	Sin_2AL	err_Sin_2AL	Cos_3AL	err_Cos_3AL	Sin_3AL	err_Sin_3AL	Cos_4AL	err_Cos_4AL	Sin_4AL	err_Sin_4AL	Cos_5AL	err_Cos_5AL	Sin_5AL	err_Sin_5AL	<eps^2>	bad_points
  11.8	 0.9664055	 0.0000005	-0.0557873	 0.0000008	 0.8878202	 0.0000007	-0.1046782	 0.0000010	 0.7817882	 0.0004065	-0.1428695	 0.0006464	 0.6631821	 0.0005419	-0.1687946	 0.0007403	 0.5434025	 0.0006568	-0.1819011	 0.0007948	 0.0308264	168249
  23.6	 0.8862807	 0.0000007	-0.1010607	 0.0000010	 0.6603616	 0.0000010	-0.1623099	 0.0000012	 0.4279721	 0.0007439	-0.1754632	 0.0008271	 0.2486524	 0.0008390	-0.1527141	 0.0008581	 0.1338439	 0.0008731	-0.1133146	 0.0008737	 0.0151796	164757
  35.4	 0.7775599	 0.0000009	-0.1329162	 0.0000011	 0.4260490	 0.0000012	-0.1680299	 0.0000013	 0.1815425	 0.0008579	-0.1262409	 0.0008679	 0.0677918	 0.0008826	-0.0686925	 0.0008788	 0.0238402	 0.0008851	-0.0291058	 0.0008833	 0.0100549	161382
  47.2	 0.6557550	 0.0000010	-0.1500985	 0.0000012	 0.2446344	 0.0000013	-0.1368930	 0.0000013	 0.0659946	 0.0008800	-0.0628875	 0.0008778	 0.0131335	 0.0008824	-0.0178231	 0.0008823	-0.0005154	 0.0008903	-0.0004786	 0.0008747	 0.0075887	158071
  59.0	 0.5331022	 0.0000011	-0.1541070	 0.0000012	 0.1293025	 0.0000013	-0.0927040	 0.0000013	 0.0194233	 0.0008806	-0.0217169	 0.0008794	-0.0016624	 0.0008880	-0.0001822	 0.0008726	 0.0042899	 0.0008810	-0.0004522	 0.0008797	 0.0061218	154892
  70.8	 0.4190588	 0.0000012	-0.1475576	 0.0000013	 0.0643807	 0.0000013	-0.0538073	 0.0000013	-0.0010950	 0.0008813	-0.0033793	 0.0008751	 0.0028016	 0.0008827	-0.0008374	 0.0008737	 0.0016309	 0.0008754	-0.0017801	 0.0008810	 0.0051091	151712
  82.6	 0.3197530	 0.0000012	-0.1331811	 0.0000013	 0.0285043	 0.0000013	-0.0267200	 0.0000013	-0.0044405	 0.0008829	 0.0017685	 0.0008693	 0.0029115	 0.0008711	-0.0029953	 0.0008811	 0.0048857	 0.0008790	 0.0091929	 0.0008731	 0.0043698	148614
  94.4	 0.2377879	 0.0000012	-0.1140738	 0.0000013	 0.0076576	 0.0000013	-0.0110370	 0.0000013	-0.0002951	 0.0008770	-0.0005283	 0.0008714	-0.0006080	 0.0008748	 0.0023255	 0.0008735	 0.0121175	 0.0008748	 0.0098379	 0.0008734	 0.0038622	145694
 106.2	 0.1733503	 0.0000013	-0.0927997	 0.0000013	-0.0041368	 0.0000013	-0.0030917	 0.0000013	-0.0001516	 0.0008692	-0.0031002	 0.0008751	 0.0054032	 0.0008738	 0.0121003	 0.0008703	 0.0102550	 0.0008681	 0.0003956	 0.0008761	 0.0034314	142684
 118.0	 0.1247914	 0.0000013	-0.0715620	 0.0000013	-0.0074791	 0.0000013	 0.0000064	 0.0000013	-0.0032237	 0.0008666	-0.0005567	 0.0008739	 0.0105204	 0.0008714	 0.0102978	 0.0008690	 0.0023788	 0.0008716	-0.0023923	 0.0008689	 0.0030681	139812
 129.8	 0.0884141	 0.0000013	-0.0521351	 0.0000013	-0.0059634	 0.0000013	 0.0003535	 0.0000013	-0.0025435	 0.0008688	 0.0070207	 0.0008679	 0.0072666	 0.0008656	 0.0013786	 0.0008711	-0.0076581	 0.0008689	-0.0021240	 0.0008677	 0.0027748	136913
 141.6	 0.0622439	 0.0000013	-0.0356140	 0.0000013	-0.0025408	 0.0000013	-0.0001175	 0.0000013	 0.0040053	 0.0008669	 0.0135793	 0.0008659	 0.0022447	 0.0008658	-0.0027215	 0.0008671	-0.0065997	 0.0008657	 0.0011882	 0.0008672	 0.0025198	134048
 153.4	 0.0431756	 0.0000013	-0.0222820	 0.0000013	-0.0008917	 0.0000013	-0.0007245	 0.0000013	 0.0078474	 0.0008655	 0.0143216	 0.0008636	-0.0028909	 0.0008660	-0.0015747	 0.0008633	 0.0005577	 0.0008639	 0.0005264	 0.0008654	 0.0023080	131222
 165.2	 0.0290193	 0.0000013	-0.0123174	 0.0000013	-0.0018796	 0.0000013	-0.0000991	 0.0000013	 0.0056373	 0.0008621	 0.0064964	 0.0008638	-0.0061378	 0.0008629	-0.0019839	 0.0008630	 0.0026301	 0.0008635	-0.0034763	 0.0008624	 0.0021275	128625
 177.0	 0.0180635	 0.0000012	-0.0057360	 0.0000012	-0.0043490	 0.0000012	 0.0032349	 0.0000012	-0.0001236	 0.0008592	-0.0038449	 0.0008634	-0.0038319	 0.0008611	-0.0019672	 0.0008615	 0.0043680	 0.0008628	-0.0033158	 0.0008598	 0.0019638	126053
 188.8	 0.0089466	 0.0000012	-0.0019683	 0.0000012	-0.0048273	 0.0000012	 0.0081629	 0.0000012	-0.0042183	 0.0008602	-0.0076751	 0.0008591	 0.0001951	 0.0008617	-0.0036718	 0.0008576	 0.0047946	 0.0008591	-0.0076048	 0.0008602	 0.0018188	123467
 200.6	 0.0007400	 0.0000012	 0.0000100	 0.0000012	-0.0027421	 0.0000012	 0.0137527	 0.0000012	-0.0047493	 0.0008579	-0.0038148	 0.0008581	 0.0033085	 0.0008602	-0.0018294	 0.0008558	-0.0016537	 0.0008579	-0.0061520	 0.0008581	 0.0016921	120870
 212.4	-0.0056641	 0.0000012	 0.0019999	 0.0000012	 0.0000091	 0.0000012	 0.0182207	 0.0000012	-0.0066946	 0.0008536	 0.0005012	 0.0008592	 0.0046147	 0.0008557	 0.0039576	 0.0008571	-0.0052006	 0.0008564	-0.0011678	 0.0008564	 0.0015874	118292
 224.2	-0.0103811	 0.0000012	 0.0041866	 0.0000012	 0.0005658	 0.0000012	 0.0186901	 0.0000012	-0.0077457	 0.0008502	-0.0003604	 0.0008594	-0.0005539	 0.0008531	 0.0050242	 0.0008565	-0.0030446	 0.0008548	 0.0026414	 0.0008549	 0.0014940	115761
 236.0	-0.0132666	 0.0000012	 0.0068388	 0.0000012	 0.0001144	 0.0000012	 0.0158845	 0.0000012	-0.0053493	 0.0008498	-0.0041498	 0.0008566	-0.0049402	 0.0008496	 0.0032071	 0.0008568	-0.0015899	 0.0008540	 0.0024689	 0.0008525	 0.0014215	113222
 247.8	-0.0145799	 0.0000012	 0.0092934	 0.0000012	-0.0007985	 0.0000012	 0.0105155	 0.0000012	-0.0018003	 0.0008518	-0.0037556	 0.0008517	-0.0039455	 0.0008492	 0.0028747	 0.0008543	-0.0056779	 0.0008529	-0.0021534	 0.0008506	 0.0013615	110804
 259.6	-0.0143534	 0.0000012	 0.0111641	 0.0000012	-0.0016624	 0.0000012	 0.0052987	 0.0000012	 0.0017444	 0.0008513	 0.0007222	 0.0008491	-0.0065106	 0.0008484	 0.0005891	 0.0008520	-0.0056869	 0.0008523	-0.0046065	 0.0008481	 0.0013101	108312
 271.4	-0.0122494	 0.0000012	 0.0122039	 0.0000012	-0.0010640	 0.0000012	 0.0025620	 0.0000012	 0.0047011	 0.0008483	 0.0043629	 0.0008492	-0.0083533	 0.0008494	-0.0010594	 0.0008480	-0.0019207	 0.0008489	-0.0052134	 0.0008486	 0.0012570	105892
 283.2	-0.0093623	 0.0000012	 0.0135769	 0.0000012	 0.0011130	 0.0000012	 0.0028047	 0.0000012	 0.0055054	 0.0008452	 0.0053000	 0.0008493	-0.0051597	 0.0008467	 0.0025758	 0.0008479	-0.0018668	 0.0008464	 0.0013298	 0.0008482	 0.0012033	103567
 295.0	-0.0064584	 0.0000012	 0.0154351	 0.0000012	 0.0053607	 0.0000012	 0.0048024	 0.0000012	 0.0014170	 0.0008442	 0.0037964	 0.0008476	-0.0011546	 0.0008448	 0.0067682	 0.0008470	-0.0039770	 0.0008455	 0.0070000	 0.0008463	 0.0011488	101248
 306.8	-0.0042749	 0.0000012	 0.0182353	 0.0000012	 0.0104414	 0.0000012	 0.0075010	 0.0000012	-0.0067967	 0.0008461	 0.0000107	 0.0008430	-0.0011401	 0.0008456	 0.0054687	 0.0008435	-0.0011894	 0.0008452	 0.0085889	 0.0008439	 0.0011006	99031
 318.6	-0.0032965	 0.0000012	 0.0210786	 0.0000012	 0.0147752	 0.0000012	 0.0098432	 0.0000012	-0.0125605	 0.0008466	-0.0049880	 0.0008397	-0.0020305	 0.0008447	-0.0003618	 0.0008418	-0.0041537	 0.0008434	 0.0025220	 0.0008430	 0.0010539	96804
 330.4	-0.0032192	 0.0000012	 0.0236483	 0.0000012	 0.0170867	 0.0000012	 0.0104035	 0.0000012	-0.0090472	 0.0008438	-0.0090762	 0.0008399	 0.0019046	 0.0008412	-0.0029721	 0.0008426	-0.0041004	 0.0008421	-0.0065843	 0.0008417	 0.0010089	94617
 342.2	-0.0039590	 0.0000012	 0.0261526	 0.0000012	 0.0175118	 0.0000012	 0.0084236	 0.0000012	-0.0028747	 0.0008428	-0.0087730	 0.0008383	 0.0041803	 0.0008411	-0.0040240	 0.0008401	 0.0020360	 0.0008386	-0.0033664	 0.0008426	 0.0009712	92414
 354.0	-0.0054503	 0.0000012	 0.0283168	 0.0000012	 0.0177612	 0.0000012	 0.0043373	 0.0000012	-0.0020599	 0.0008396	-0.0091342	 0.0008391	 0.0020132	 0.0008395	-0.0031271	 0.0008393	 0.0065922	 0.0008388	-0.0011048	 0.0008399	 0.0009334	90336
 365.8	-0.0074449	 0.0000012	 0.0298886	 0.0000012	 0.0187524	 0.0000012	-0.0003540	 0.0000012	-0.0058381	 0.0008366	-0.0134646	 0.0008396	-0.0011955	 0.0008369	 0.0020452	 0.0008395	 0.0072224	 0.0008374	 0.0002264	 0.0008389	 0.0008934	88296
 377.6	-0.0090665	 0.0000012	 0.0307009	 0.0000012	 0.0198102	 0.0000012	-0.0032723	 0.0000012	-0.0060059	 0.0008360	-0.0155305	 0.0008376	-0.0014800	 0.0008363	 0.0090439	 0.0008375	 0.0057867	 0.0008370	 0.0035006	 0.0008368	 0.0008543	86160
 389.4	-0.0100807	 0.0000012	 0.0303964	 0.0000012	 0.0189209	 0.0000012	-0.0032972	 0.0000012	-0.0021398	 0.0008331	-0.0104508	 0.0008382	-0.0002494	 0.0008365	 0.0068192	 0.0008349	 0.0065379	 0.0008343	 0.0006073	 0.0008371	 0.0008182	84101
 401.2	-0.0105541	 0.0000012	 0.0286895	 0.0000012	 0.0154995	 0.0000012	-0.0015486	 0.0000012	 0.0012119	 0.0008327	-0.0045241	 0.0008364	 0.0007981	 0.0008345	-0.0011627	 0.0008346	 0.0042487	 0.0008343	 0.0014880	 0.0008348	 0.0007827	82085
 413.0	-0.0099475	 0.0000012	 0.0263283	 0.0000012	 0.0090070	 0.0000012	 0.0000705	 0.0000012	 0.0039305	 0.0008320	-0.0038609	 0.0008347	 0.0009012	 0.0008343	-0.0041249	 0.0008325	-0.0001618	 0.0008337	 0.0049730	 0.0008331	 0.0007469	80126
 424.8	-0.0081643	 0.0000012	 0.0230413	 0.0000012	 0.0000389	 0.0000012	 0.0005323	 0.0000012	 0.0062452	 0.0008325	-0.0073249	 0.0008320	 0.0003339	 0.0008361	-0.0038399	 0.0008284	-0.0000520	 0.0008329	 0.0052755	 0.0008316	 0.0007137	78190
 436.6	-0.0062606	 0.0000012	 0.0190652	 0.0000012	-0.0078947	 0.0000012	-0.0004208	 0.0000012	 0.0055159	 0.0008335	-0.0092956	 0.0008288	-0.0015087	 0.0008321	-0.0010981	 0.0008303	-0.0023617	 0.0008302	-0.0005797	 0.0008322	 0.0006844	76289
 448.4	-0.0040311	 0.0000012	 0.0150472	 0.0000012	-0.0134641	 0.0000012	 0.0005324	 0.0000012	 0.0040812	 0.0008308	-0.0094210	 0.0008293	-0.0043922	 0.0008291	 0.0028296	 0.0008312	-0.0039583	 0.0008299	 0.0001764	 0.0008303	 0.0006600	74424
 460.2	-0.0022293	 0.0000012	 0.0109459	 0.0000012	-0.0152795	 0.0000012	 0.0035001	 0.0000012	 0.0061558	 0.0008287	-0.0088474	 0.0008294	-0.0062959	 0.0008279	 0.0051808	 0.0008302	-0.0029695	 0.0008290	 0.0049077	 0.0008292	 0.0006400	72586
 472.0	-0.0013604	 0.0000011	 0.0075661	 0.0000012	-0.0138489	 0.0000012	 0.0076649	 0.0000012	 0.0107082	 0.0008281	-0.0089589	 0.0008278	-0.0048061	 0.0008263	 0.0031540	 0.0008297	 0.0031170	 0.0008281	 0.0062424	 0.0008279	 0.0006212	70705
 483.8	-0.0023416	 0.0000011	 0.0050388	 0.0000012	-0.0106931	 0.0000011	 0.0130660	 0.0000012	 0.0121883	 0.0008258	-0.0089399	 0.0008279	-0.0011842	 0.0008282	 0.0003889	 0.0008257	 0.0090881	 0.0008282	 0.0052198	 0.0008256	 0.0006006	68867
 495.6	-0.0048504	 0.0000011	 0.0029418	 0.0000011	-0.0069173	 0.0000011	 0.0155753	 0.0000011	 0.0093855	 0.0008244	-0.0094528	 0.0008273	-0.0007575	 0.0008282	-0.0020989	 0.0008238	 0.0055231	 0.0008267	 0.0011355	 0.0008252	 0.0005795	67101
 507.4	-0.0081917	 0.0000011	 0.0009576	 0.0000011	-0.0029576	 0.0000011	 0.0149454	 0.0000011	 0.0043322	 0.0008251	-0.0100205	 0.0008247	-0.0027755	 0.0008243	-0.0014218	 0.0008256	 0.0035114	 0.0008224	-0.0006285	 0.0008275	 0.0005596	65306
 519.2	-0.0124005	 0.0000011	-0.0009587	 0.0000011	 0.0011358	 0.0000011	 0.0124927	 0.0000011	-0.0025745	 0.0008252	-0.0088887	 0.0008227	-0.0055385	 0.0008248	 0.0020458	 0.0008232	 0.0048133	 0.0008231	-0.0011576	 0.0008249	 0.0005406	63586
 531.0	-0.0168337	 0.0000011	-0.0027831	 0.0000011	 0.0048848	 0.0000011	 0.0094442	 0.0000011	-0.0083601	 0.0008240	-0.0072629	 0.0008219	-0.0063609	 0.0008241	 0.0014690	 0.0008219	 0.0065631	 0.0008238	-0.0004708	 0.0008222	 0.0005205	61858
 542.8	-0.0209521	 0.0000011	-0.0042812	 0.0000011	 0.0087096	 0.0000011	 0.0073304	 0.0000011	-0.0101974	 0.0008216	-0.0048264	 0.0008225	-0.0006799	 0.0008211	-0.0012144	 0.0008231	 0.0023190	 0.0008207	-0.0001598	 0.0008235	 0.0005025	60171
 554.6	-0.0239918	 0.0000011	-0.0058104	 0.0000011	 0.0117444	 0.0000011	 0.0059884	 0.0000011	-0.0086491	 0.0008202	-0.0022876	 0.0008221	 0.0022321	 0.0008205	-0.0039190	 0.0008218	-0.0003716	 0.0008211	 0.0000275	 0.0008213	 0.0004858	58547
 566.4	-0.0258495	 0.0000011	-0.0071499	 0.0000011	 0.0131305	 0.0000011	 0.0043701	 0.0000011	-0.0057944	 0.0008188	-0.0000317	 0.0008218	-0.0015569	 0.0008203	-0.0017000	 0.0008203	 0.0005562	 0.0008207	 0.0022175	 0.0008199	 0.0004691	56962
 578.2	-0.0264821	 0.0000011	-0.0089774	 0.0000011	 0.0122245	 0.0000011	 0.0020276	 0.0000011	-0.0019703	 0.0008181	 0.0025954	 0.0008207	-0.0010630	 0.0008206	 0.0002230	 0.0008182	 0.0024064	 0.0008193	 0.0015027	 0.0008195	 0.0004535	55328
 590.0	-0.0260915	 0.0000011	-0.0108675	 0.0000011	 0.0096880	 0.0000011	-0.0014963	 0.0000011	 0.0026383	 0.0008172	 0.0038472	 0.0008199	 0.0033181	 0.0008196	 0.0005881	 0.0008175	-0.0033618	 0.0008187	-0.0011611	 0.0008184	 0.0004392	53793
 601.8	-0.0254808	 0.0000011	-0.0127874	 0.0000011	 0.0067946	 0.0000011	-0.0052761	 0.0000011	 0.0035908	 0.0008165	 0.0042205	 0.0008190	 0.0042873	 0.0008161	 0.0017820	 0.0008193	-0.0073166	 0.0008182	-0.0020611	 0.0008172	 0.0004255	52296
