4608	# No of dislocations in the cell
800000	# Np of point-pairs
  3200	# Square
 2	 0	 0	# diffraction vector, g:
 1	-1	-2	# line vector, l:
0.202470	0.202470	0.000000	# Burgers vector, b in [nm] 
0.266310	# C_factor/ nu = 0.345000
0.404940	# lattice parameter, [nm]
L	cos_AL	err_Cos	sin_AL	err_Sin	Cos_2AL	err_Cos_2AL	Sin_2AL	err_Sin_2AL	Cos_3AL	err_Cos_3AL	Sin_3AL	err_Sin_3AL	Cos_4AL	err_Cos_4AL	Sin_4AL	err_Sin_4AL	Cos_5AL	err_Cos_5AL	Sin_5AL	err_Sin_5AL	<eps^2>	bad_points
  11.8	 0.9640039	 0.0000005	 0.0707440	 0.0000008	 0.8798751	 0.0000007	 0.1277916	 0.0000010	 0.7673642	 0.0004322	 0.1642615	 0.0006491	 0.6439948	 0.0005750	 0.1792134	 0.0007382	 0.5230423	 0.0006883	 0.1758730	 0.0007919	 0.0342978	168249
  23.6	 0.8781780	 0.0000007	 0.1240116	 0.0000010	 0.6414389	 0.0000011	 0.1728583	 0.0000012	 0.4111856	 0.0007675	 0.1528537	 0.0008260	 0.2453884	 0.0008448	 0.1076351	 0.0008646	 0.1449030	 0.0008714	 0.0691383	 0.0008800	 0.0163134	164757
  35.4	 0.7627694	 0.0000009	 0.1544926	 0.0000011	 0.4090287	 0.0000012	 0.1469681	 0.0000013	 0.1867899	 0.0008589	 0.0812850	 0.0008737	 0.0857483	 0.0008802	 0.0444015	 0.0008812	 0.0363406	 0.0008870	 0.0278373	 0.0008809	 0.0105892	161382
  47.2	 0.6356387	 0.0000011	 0.1625523	 0.0000012	 0.2420593	 0.0000013	 0.0970115	 0.0000013	 0.0849198	 0.0008776	 0.0422932	 0.0008795	 0.0244745	 0.0008852	 0.0212996	 0.0008790	 0.0028819	 0.0008829	 0.0034316	 0.0008822	 0.0078472	158071
  59.0	 0.5112160	 0.0000012	 0.1524947	 0.0000012	 0.1427886	 0.0000013	 0.0584604	 0.0000013	 0.0344032	 0.0008817	 0.0248166	 0.0008774	 0.0022988	 0.0008805	 0.0022989	 0.0008802	 0.0027480	 0.0008778	 0.0039152	 0.0008829	 0.0062293	154892
  70.8	 0.3999089	 0.0000012	 0.1310398	 0.0000013	 0.0855553	 0.0000013	 0.0389404	 0.0000013	 0.0080133	 0.0008821	 0.0080536	 0.0008742	 0.0011047	 0.0008770	 0.0016108	 0.0008794	 0.0059341	 0.0008731	 0.0109088	 0.0008832	 0.0050603	151712
  82.6	 0.3069107	 0.0000012	 0.1046472	 0.0000013	 0.0491399	 0.0000013	 0.0286662	 0.0000013	-0.0009660	 0.0008747	-0.0004771	 0.0008776	 0.0048039	 0.0008716	 0.0087614	 0.0008805	 0.0103766	 0.0008760	 0.0037574	 0.0008762	 0.0041848	148614
  94.4	 0.2334864	 0.0000013	 0.0796507	 0.0000013	 0.0247788	 0.0000013	 0.0187129	 0.0000013	-0.0017064	 0.0008739	 0.0023863	 0.0008744	 0.0083090	 0.0008713	 0.0086086	 0.0008769	 0.0027058	 0.0008760	-0.0048407	 0.0008724	 0.0035681	145694
 106.2	 0.1775873	 0.0000013	 0.0600303	 0.0000013	 0.0096307	 0.0000013	 0.0066761	 0.0000013	 0.0010730	 0.0008693	 0.0091894	 0.0008749	 0.0108848	 0.0008729	 0.0027113	 0.0008713	-0.0017630	 0.0008701	-0.0175001	 0.0008740	 0.0031552	142684
 118.0	 0.1361516	 0.0000013	 0.0473219	 0.0000013	 0.0019424	 0.0000013	-0.0012155	 0.0000013	 0.0055545	 0.0008651	 0.0113470	 0.0008753	 0.0060911	 0.0008714	-0.0071658	 0.0008691	 0.0040014	 0.0008679	-0.0094856	 0.0008726	 0.0028579	139812
 129.8	 0.1052632	 0.0000013	 0.0406803	 0.0000013	-0.0016562	 0.0000013	-0.0026697	 0.0000013	 0.0109553	 0.0008653	 0.0105886	 0.0008712	 0.0044224	 0.0008652	-0.0176688	 0.0008713	-0.0078792	 0.0008659	-0.0000438	 0.0008708	 0.0026255	136913
 141.6	 0.0811356	 0.0000013	 0.0378267	 0.0000013	-0.0027028	 0.0000013	 0.0001495	 0.0000013	 0.0155762	 0.0008662	 0.0058048	 0.0008665	 0.0075720	 0.0008662	-0.0138839	 0.0008666	-0.0165864	 0.0008639	 0.0035356	 0.0008688	 0.0024406	134048
 153.4	 0.0616460	 0.0000013	 0.0356829	 0.0000013	-0.0013149	 0.0000013	 0.0038343	 0.0000013	 0.0166566	 0.0008650	-0.0038294	 0.0008641	 0.0022250	 0.0008647	-0.0002592	 0.0008646	-0.0112394	 0.0008633	 0.0030956	 0.0008659	 0.0022909	131222
 165.2	 0.0447456	 0.0000013	 0.0322899	 0.0000013	 0.0018766	 0.0000012	 0.0076740	 0.0000013	 0.0132758	 0.0008606	-0.0131705	 0.0008651	-0.0150188	 0.0008625	 0.0059318	 0.0008632	-0.0061256	 0.0008601	 0.0013832	 0.0008658	 0.0021522	128625
 177.0	 0.0297796	 0.0000012	 0.0277096	 0.0000012	 0.0063027	 0.0000012	 0.0097311	 0.0000013	 0.0108936	 0.0008572	-0.0152152	 0.0008652	-0.0260443	 0.0008584	 0.0052299	 0.0008637	-0.0034414	 0.0008617	 0.0016303	 0.0008610	 0.0020354	126053
 188.8	 0.0168105	 0.0000012	 0.0212878	 0.0000012	 0.0129323	 0.0000012	 0.0107057	 0.0000012	 0.0096816	 0.0008555	-0.0087958	 0.0008638	-0.0227342	 0.0008584	 0.0039355	 0.0008605	-0.0043002	 0.0008601	 0.0028575	 0.0008592	 0.0019308	123467
 200.6	 0.0071138	 0.0000012	 0.0147942	 0.0000012	 0.0203993	 0.0000012	 0.0103378	 0.0000012	 0.0062428	 0.0008568	 0.0008567	 0.0008593	-0.0145980	 0.0008571	 0.0037116	 0.0008588	-0.0096419	 0.0008553	 0.0015283	 0.0008607	 0.0018456	120870
 212.4	 0.0005789	 0.0000012	 0.0082300	 0.0000012	 0.0256764	 0.0000012	 0.0087062	 0.0000012	-0.0014300	 0.0008596	 0.0039584	 0.0008533	-0.0110947	 0.0008556	 0.0047512	 0.0008571	-0.0051679	 0.0008560	 0.0014961	 0.0008568	 0.0017614	118292
 224.2	-0.0028127	 0.0000012	 0.0026270	 0.0000012	 0.0275161	 0.0000012	 0.0058825	 0.0000012	-0.0107569	 0.0008565	 0.0025246	 0.0008530	-0.0053892	 0.0008548	 0.0018886	 0.0008549	-0.0041460	 0.0008559	 0.0016741	 0.0008537	 0.0016824	115761
 236.0	-0.0042251	 0.0000012	-0.0018972	 0.0000012	 0.0250708	 0.0000012	 0.0022838	 0.0000012	-0.0174103	 0.0008521	 0.0013002	 0.0008542	 0.0020908	 0.0008525	 0.0012501	 0.0008540	-0.0066882	 0.0008530	 0.0011617	 0.0008535	 0.0016109	113222
 247.8	-0.0033370	 0.0000012	-0.0047031	 0.0000012	 0.0196201	 0.0000012	-0.0005066	 0.0000012	-0.0180694	 0.0008524	 0.0025670	 0.0008508	-0.0023152	 0.0008518	 0.0023129	 0.0008517	 0.0003945	 0.0008519	 0.0036405	 0.0008516	 0.0015452	110804
 259.6	-0.0016132	 0.0000012	-0.0058813	 0.0000012	 0.0128946	 0.0000012	-0.0004167	 0.0000012	-0.0150919	 0.0008515	 0.0040421	 0.0008487	-0.0023688	 0.0008501	-0.0006663	 0.0008503	 0.0039672	 0.0008516	 0.0044243	 0.0008488	 0.0014761	108312
 271.4	-0.0001407	 0.0000012	-0.0065622	 0.0000012	 0.0055627	 0.0000012	 0.0032381	 0.0000012	-0.0112756	 0.0008478	 0.0049217	 0.0008496	 0.0045391	 0.0008483	 0.0002023	 0.0008492	 0.0018942	 0.0008509	-0.0012720	 0.0008465	 0.0014023	105892
 283.2	 0.0000035	 0.0000012	-0.0074179	 0.0000012	-0.0011011	 0.0000012	 0.0081119	 0.0000012	-0.0103242	 0.0008453	 0.0061990	 0.0008492	 0.0035570	 0.0008480	 0.0038189	 0.0008466	-0.0018846	 0.0008483	-0.0024316	 0.0008463	 0.0013318	103567
 295.0	-0.0006158	 0.0000012	-0.0092500	 0.0000012	-0.0060129	 0.0000012	 0.0110045	 0.0000012	-0.0105594	 0.0008469	 0.0078923	 0.0008448	 0.0062365	 0.0008455	 0.0020607	 0.0008463	-0.0030899	 0.0008453	-0.0007360	 0.0008465	 0.0012645	101248
 306.8	-0.0013573	 0.0000012	-0.0114570	 0.0000012	-0.0065511	 0.0000012	 0.0098653	 0.0000012	-0.0087326	 0.0008433	 0.0082134	 0.0008457	 0.0093855	 0.0008459	 0.0016981	 0.0008432	-0.0053703	 0.0008431	-0.0004523	 0.0008460	 0.0012004	99031
 318.6	-0.0007737	 0.0000012	-0.0145485	 0.0000012	-0.0016102	 0.0000012	 0.0056967	 0.0000012	-0.0070416	 0.0008430	 0.0084446	 0.0008434	 0.0044659	 0.0008427	 0.0039033	 0.0008437	-0.0032929	 0.0008429	 0.0009460	 0.0008436	 0.0011414	96804
 330.4	 0.0020806	 0.0000012	-0.0181437	 0.0000012	 0.0043399	 0.0000012	 0.0019935	 0.0000012	-0.0092850	 0.0008425	 0.0085324	 0.0008412	 0.0030452	 0.0008411	 0.0038156	 0.0008427	 0.0015381	 0.0008413	 0.0011008	 0.0008426	 0.0010884	94617
 342.2	 0.0080500	 0.0000012	-0.0209633	 0.0000012	 0.0073570	 0.0000012	-0.0005593	 0.0000012	-0.0111363	 0.0008412	 0.0100423	 0.0008399	 0.0046025	 0.0008418	 0.0067736	 0.0008393	 0.0064480	 0.0008403	-0.0022777	 0.0008409	 0.0010384	92414
 354.0	 0.0162754	 0.0000012	-0.0225131	 0.0000012	 0.0059996	 0.0000012	-0.0026328	 0.0000012	-0.0099472	 0.0008404	 0.0123151	 0.0008382	 0.0003291	 0.0008403	 0.0092608	 0.0008384	 0.0032827	 0.0008398	-0.0016218	 0.0008390	 0.0009901	90336
 365.8	 0.0259096	 0.0000012	-0.0223009	 0.0000012	 0.0045579	 0.0000012	-0.0058111	 0.0000012	-0.0087572	 0.0008363	 0.0106190	 0.0008399	 0.0010690	 0.0008378	 0.0062225	 0.0008385	-0.0018875	 0.0008398	 0.0029840	 0.0008365	 0.0009472	88296
 377.6	 0.0352469	 0.0000012	-0.0202046	 0.0000012	 0.0058151	 0.0000012	-0.0090018	 0.0000012	-0.0068031	 0.0008374	 0.0082945	 0.0008363	 0.0071920	 0.0008355	 0.0012161	 0.0008383	 0.0004270	 0.0008371	 0.0022306	 0.0008368	 0.0009081	86160
 389.4	 0.0424640	 0.0000012	-0.0163647	 0.0000012	 0.0087943	 0.0000012	-0.0083500	 0.0000012	-0.0079243	 0.0008381	 0.0087703	 0.0008332	 0.0037255	 0.0008351	-0.0001921	 0.0008363	 0.0027869	 0.0008344	 0.0022637	 0.0008370	 0.0008699	84101
 401.2	 0.0463911	 0.0000012	-0.0114435	 0.0000012	 0.0109172	 0.0000012	-0.0030830	 0.0000012	-0.0121026	 0.0008358	 0.0060951	 0.0008331	-0.0026509	 0.0008332	-0.0004620	 0.0008359	 0.0013050	 0.0008332	 0.0016923	 0.0008359	 0.0008306	82085
 413.0	 0.0464712	 0.0000012	-0.0059618	 0.0000012	 0.0093319	 0.0000012	 0.0033903	 0.0000012	-0.0127836	 0.0008327	-0.0027216	 0.0008340	-0.0018695	 0.0008325	-0.0014106	 0.0008343	 0.0042535	 0.0008318	 0.0022952	 0.0008350	 0.0007942	80126
 424.8	 0.0423391	 0.0000012	-0.0006892	 0.0000012	 0.0060530	 0.0000012	 0.0068810	 0.0000012	-0.0101394	 0.0008315	-0.0104556	 0.0008329	-0.0005485	 0.0008316	 0.0011693	 0.0008330	 0.0063102	 0.0008327	 0.0046771	 0.0008318	 0.0007576	78190
 436.6	 0.0352314	 0.0000012	 0.0036113	 0.0000012	 0.0034477	 0.0000012	 0.0040355	 0.0000012	-0.0078606	 0.0008291	-0.0133678	 0.0008331	-0.0002293	 0.0008309	 0.0025422	 0.0008315	 0.0075508	 0.0008314	 0.0003719	 0.0008309	 0.0007231	76289
 448.4	 0.0266839	 0.0000012	 0.0063762	 0.0000012	 0.0025648	 0.0000012	-0.0013214	 0.0000012	-0.0073787	 0.0008299	-0.0120667	 0.0008302	-0.0012927	 0.0008293	 0.0023221	 0.0008309	 0.0042605	 0.0008304	-0.0037724	 0.0008299	 0.0006913	74424
 460.2	 0.0171890	 0.0000012	 0.0079338	 0.0000012	 0.0026586	 0.0000012	-0.0051754	 0.0000012	-0.0058761	 0.0008278	-0.0105329	 0.0008303	-0.0038589	 0.0008293	 0.0019390	 0.0008288	 0.0058013	 0.0008278	-0.0026995	 0.0008303	 0.0006630	72586
 472.0	 0.0083177	 0.0000012	 0.0081276	 0.0000012	 0.0022833	 0.0000012	-0.0049553	 0.0000012	-0.0004591	 0.0008253	-0.0113065	 0.0008305	 0.0041541	 0.0008274	 0.0003881	 0.0008286	 0.0061456	 0.0008281	-0.0033501	 0.0008278	 0.0006366	70705
 483.8	 0.0006180	 0.0000011	 0.0076149	 0.0000012	-0.0011825	 0.0000012	-0.0017777	 0.0000011	 0.0040925	 0.0008265	-0.0116538	 0.0008273	 0.0102149	 0.0008260	 0.0040849	 0.0008278	 0.0026903	 0.0008271	-0.0011955	 0.0008268	 0.0006115	68867
 495.6	-0.0056740	 0.0000011	 0.0065349	 0.0000011	-0.0054100	 0.0000011	 0.0004794	 0.0000011	 0.0059409	 0.0008261	-0.0086512	 0.0008257	 0.0072797	 0.0008238	 0.0067687	 0.0008281	-0.0008455	 0.0008266	 0.0003234	 0.0008254	 0.0005883	67101
 507.4	-0.0103872	 0.0000011	 0.0049248	 0.0000011	-0.0068025	 0.0000011	-0.0005204	 0.0000011	 0.0060398	 0.0008253	-0.0045161	 0.0008245	 0.0073075	 0.0008240	 0.0049605	 0.0008258	 0.0018284	 0.0008261	 0.0000677	 0.0008238	 0.0005652	65306
 519.2	-0.0141203	 0.0000011	 0.0034934	 0.0000011	-0.0032725	 0.0000011	-0.0034190	 0.0000011	 0.0070090	 0.0008233	-0.0013270	 0.0008246	 0.0075767	 0.0008240	 0.0056562	 0.0008239	-0.0000266	 0.0008230	-0.0014058	 0.0008250	 0.0005443	63586
 531.0	-0.0169141	 0.0000011	 0.0027059	 0.0000011	 0.0033476	 0.0000011	-0.0049014	 0.0000011	 0.0057422	 0.0008218	 0.0026701	 0.0008243	 0.0041584	 0.0008223	 0.0058719	 0.0008237	 0.0005098	 0.0008222	-0.0006383	 0.0008239	 0.0005256	61858
 542.8	-0.0185700	 0.0000011	 0.0023314	 0.0000011	 0.0080534	 0.0000011	-0.0038299	 0.0000011	 0.0016281	 0.0008211	 0.0025368	 0.0008231	-0.0001504	 0.0008222	 0.0037350	 0.0008220	 0.0075266	 0.0008211	 0.0050694	 0.0008231	 0.0005095	60171
 554.6	-0.0192330	 0.0000011	 0.0018892	 0.0000011	 0.0074603	 0.0000011	-0.0010349	 0.0000011	 0.0004473	 0.0008197	-0.0029985	 0.0008227	-0.0014110	 0.0008231	 0.0039594	 0.0008193	 0.0076364	 0.0008217	 0.0041248	 0.0008206	 0.0004959	58547
 566.4	-0.0195930	 0.0000011	 0.0018007	 0.0000011	 0.0020376	 0.0000011	 0.0005853	 0.0000011	 0.0033481	 0.0008190	-0.0083750	 0.0008215	 0.0000519	 0.0008202	 0.0035928	 0.0008204	 0.0067625	 0.0008193	 0.0038742	 0.0008213	 0.0004818	56962
 578.2	-0.0206274	 0.0000011	 0.0022336	 0.0000011	-0.0048204	 0.0000011	 0.0002255	 0.0000011	 0.0046039	 0.0008189	-0.0081337	 0.0008199	 0.0027127	 0.0008199	 0.0020556	 0.0008189	-0.0033244	 0.0008194	 0.0040605	 0.0008194	 0.0004682	55328
 590.0	-0.0226248	 0.0000011	 0.0037123	 0.0000011	-0.0090162	 0.0000011	-0.0006841	 0.0000011	-0.0010626	 0.0008161	-0.0052269	 0.0008210	 0.0028833	 0.0008190	 0.0012675	 0.0008181	-0.0031933	 0.0008174	-0.0007371	 0.0008197	 0.0004562	53793
 601.8	-0.0251159	 0.0000011	 0.0059440	 0.0000011	-0.0096898	 0.0000011	-0.0008616	 0.0000011	-0.0062086	 0.0008168	-0.0031656	 0.0008186	 0.0045312	 0.0008186	 0.0021385	 0.0008169	 0.0022032	 0.0008175	 0.0001969	 0.0008180	 0.0004449	52296
