4608	# No of dislocations in the cell
800000	# Np of point-pairs
  3200	# Square
 2	 0	 0	# diffraction vector, g:
 1	-1	-2	# line vector, l:
0.202470	0.202470	0.000000	# Burgers vector, b in [nm] 
0.266310	# C_factor/ nu = 0.345000
0.404940	# lattice parameter, [nm]
L	cos_AL	err_Cos	sin_AL	err_Sin	Cos_2AL	err_Cos_2AL	Sin_2AL	err_Sin_2AL	Cos_3AL	err_Cos_3AL	Sin_3AL	err_Sin_3AL	Cos_4AL	err_Cos_4AL	Sin_4AL	err_Sin_4AL	Cos_5AL	err_Cos_5AL	Sin_5AL	err_Sin_5AL	<eps^2>	bad_points
  11.8	 0.9677060	 0.0000005	-0.0244901	 0.0000008	 0.8935381	 0.0000007	-0.0436542	 0.0000010	 0.7944504	 0.0004066	-0.0546098	 0.0006433	 0.6847949	 0.0005384	-0.0567789	 0.0007387	 0.5744305	 0.0006505	-0.0511023	 0.0007958	 0.0346072	168249
  23.6	 0.8913242	 0.0000007	-0.0414307	 0.0000010	 0.6818224	 0.0000010	-0.0538344	 0.0000012	 0.4686070	 0.0007363	-0.0361771	 0.0008272	 0.3034984	 0.0008290	-0.0080567	 0.0008614	 0.1948010	 0.0008650	 0.0125345	 0.0008752	 0.0178341	164757
  35.4	 0.7896423	 0.0000009	-0.0494232	 0.0000011	 0.4672387	 0.0000012	-0.0338310	 0.0000013	 0.2408205	 0.0008498	 0.0053644	 0.0008677	 0.1280793	 0.0008764	 0.0180317	 0.0008784	 0.0707486	 0.0008843	 0.0090855	 0.0008809	 0.0118051	161382
  47.2	 0.6770164	 0.0000010	-0.0487353	 0.0000012	 0.3004516	 0.0000013	-0.0043332	 0.0000013	 0.1274622	 0.0008741	 0.0178775	 0.0008764	 0.0580376	 0.0008840	 0.0049290	 0.0008781	 0.0260641	 0.0008803	 0.0012657	 0.0008842	 0.0088311	158071
  59.0	 0.5642320	 0.0000011	-0.0409574	 0.0000012	 0.1917075	 0.0000013	 0.0150127	 0.0000013	 0.0707674	 0.0008794	 0.0074547	 0.0008768	 0.0253935	 0.0008790	 0.0007346	 0.0008812	 0.0101608	 0.0008804	 0.0119444	 0.0008802	 0.0071277	154892
  70.8	 0.4596553	 0.0000012	-0.0284423	 0.0000013	 0.1272232	 0.0000013	 0.0183021	 0.0000013	 0.0371286	 0.0008794	-0.0008551	 0.0008758	 0.0100754	 0.0008789	 0.0090126	 0.0008774	 0.0069381	 0.0008757	 0.0211308	 0.0008803	 0.0059694	151712
  82.6	 0.3684919	 0.0000012	-0.0141642	 0.0000013	 0.0867854	 0.0000013	 0.0099330	 0.0000013	 0.0186005	 0.0008762	 0.0019993	 0.0008757	 0.0027789	 0.0008746	 0.0173145	 0.0008774	 0.0060130	 0.0008776	 0.0150945	 0.0008744	 0.0051930	148614
  94.4	 0.2932058	 0.0000012	-0.0007574	 0.0000013	 0.0578801	 0.0000013	 0.0014178	 0.0000013	 0.0074383	 0.0008772	 0.0081999	 0.0008710	 0.0049626	 0.0008723	 0.0187486	 0.0008757	-0.0005184	 0.0008751	 0.0100689	 0.0008732	 0.0046161	145694
 106.2	 0.2334590	 0.0000013	 0.0097583	 0.0000013	 0.0357897	 0.0000013	-0.0018357	 0.0000013	-0.0012540	 0.0008706	 0.0140246	 0.0008736	 0.0041952	 0.0008727	 0.0137971	 0.0008715	 0.0049139	 0.0008735	 0.0076765	 0.0008707	 0.0042035	142684
 118.0	 0.1869648	 0.0000013	 0.0159028	 0.0000013	 0.0204001	 0.0000013	-0.0009626	 0.0000013	-0.0032800	 0.0008658	 0.0177868	 0.0008744	 0.0010571	 0.0008689	 0.0103428	 0.0008715	 0.0010930	 0.0008718	 0.0022974	 0.0008687	 0.0038138	139812
 129.8	 0.1514419	 0.0000013	 0.0168680	 0.0000013	 0.0112290	 0.0000013	 0.0018273	 0.0000013	-0.0001030	 0.0008654	 0.0177941	 0.0008710	 0.0027304	 0.0008690	 0.0083725	 0.0008676	-0.0084846	 0.0008704	-0.0032197	 0.0008662	 0.0034438	136913
 141.6	 0.1247157	 0.0000013	 0.0136697	 0.0000013	 0.0063796	 0.0000013	 0.0050496	 0.0000013	 0.0011230	 0.0008649	 0.0139007	 0.0008679	 0.0015562	 0.0008683	 0.0046488	 0.0008646	-0.0147008	 0.0008670	-0.0069819	 0.0008657	 0.0031116	134048
 153.4	 0.1037877	 0.0000013	 0.0076688	 0.0000013	 0.0023594	 0.0000013	 0.0078553	 0.0000013	-0.0013554	 0.0008606	 0.0093031	 0.0008687	-0.0033152	 0.0008663	 0.0026829	 0.0008630	-0.0134068	 0.0008651	 0.0008057	 0.0008641	 0.0028402	131222
 165.2	 0.0862191	 0.0000012	 0.0005769	 0.0000013	-0.0009713	 0.0000012	 0.0113110	 0.0000013	-0.0008130	 0.0008599	 0.0062974	 0.0008660	-0.0089275	 0.0008639	 0.0019102	 0.0008620	-0.0089770	 0.0008631	 0.0026204	 0.0008628	 0.0026173	128625
 177.0	 0.0709815	 0.0000012	-0.0055483	 0.0000012	-0.0032079	 0.0000012	 0.0134663	 0.0000013	 0.0045590	 0.0008598	 0.0064422	 0.0008628	-0.0151000	 0.0008624	 0.0004249	 0.0008601	-0.0087503	 0.0008617	 0.0032761	 0.0008609	 0.0024355	126053
 188.8	 0.0576609	 0.0000012	-0.0099092	 0.0000012	-0.0036315	 0.0000012	 0.0121612	 0.0000012	 0.0095451	 0.0008603	 0.0056500	 0.0008590	-0.0161902	 0.0008593	 0.0007024	 0.0008599	-0.0039552	 0.0008618	 0.0008013	 0.0008576	 0.0022747	123467
 200.6	 0.0457746	 0.0000012	-0.0127876	 0.0000012	-0.0035065	 0.0000012	 0.0076250	 0.0000012	 0.0089201	 0.0008588	 0.0031840	 0.0008572	-0.0114783	 0.0008575	 0.0020502	 0.0008585	-0.0022068	 0.0008589	-0.0084062	 0.0008571	 0.0021386	120870
 212.4	 0.0360851	 0.0000012	-0.0138434	 0.0000012	-0.0038397	 0.0000012	 0.0031161	 0.0000012	 0.0017099	 0.0008548	 0.0001284	 0.0008581	-0.0051457	 0.0008560	 0.0004283	 0.0008569	-0.0022443	 0.0008574	-0.0059479	 0.0008554	 0.0020128	118292
 224.2	 0.0285900	 0.0000012	-0.0135818	 0.0000012	-0.0045743	 0.0000012	 0.0003982	 0.0000012	-0.0081282	 0.0008526	-0.0019167	 0.0008570	 0.0006964	 0.0008555	-0.0028109	 0.0008542	 0.0009062	 0.0008551	-0.0062434	 0.0008545	 0.0018916	115761
 236.0	 0.0233960	 0.0000012	-0.0129858	 0.0000012	-0.0046693	 0.0000012	 0.0008947	 0.0000012	-0.0161434	 0.0008518	-0.0025390	 0.0008545	 0.0046141	 0.0008537	-0.0080706	 0.0008528	-0.0012088	 0.0008524	-0.0063527	 0.0008540	 0.0017826	113222
 247.8	 0.0203578	 0.0000012	-0.0117549	 0.0000012	-0.0035081	 0.0000012	 0.0030270	 0.0000012	-0.0182393	 0.0008494	-0.0012689	 0.0008538	 0.0036975	 0.0008530	-0.0137192	 0.0008503	-0.0000479	 0.0008495	-0.0032399	 0.0008540	 0.0016876	110804
 259.6	 0.0190287	 0.0000012	-0.0110125	 0.0000012	 0.0012539	 0.0000012	 0.0041302	 0.0000012	-0.0138353	 0.0008495	 0.0015073	 0.0008508	 0.0024472	 0.0008506	-0.0151686	 0.0008497	-0.0036340	 0.0008499	-0.0026049	 0.0008505	 0.0016010	108312
 271.4	 0.0191679	 0.0000012	-0.0098264	 0.0000012	 0.0076385	 0.0000012	 0.0025828	 0.0000012	-0.0047608	 0.0008490	 0.0030241	 0.0008484	 0.0055883	 0.0008484	-0.0128447	 0.0008489	-0.0068459	 0.0008468	-0.0005235	 0.0008507	 0.0015188	105892
 283.2	 0.0202433	 0.0000012	-0.0081305	 0.0000012	 0.0117814	 0.0000012	-0.0003344	 0.0000012	 0.0032081	 0.0008488	 0.0022457	 0.0008458	 0.0067980	 0.0008469	-0.0067444	 0.0008477	-0.0037887	 0.0008461	 0.0016512	 0.0008485	 0.0014427	103567
 295.0	 0.0212439	 0.0000012	-0.0058144	 0.0000012	 0.0114642	 0.0000012	-0.0026811	 0.0000012	 0.0041318	 0.0008468	-0.0001571	 0.0008450	 0.0044296	 0.0008461	-0.0023155	 0.0008457	 0.0022030	 0.0008462	 0.0023345	 0.0008456	 0.0013672	101248
 306.8	 0.0216086	 0.0000012	-0.0042161	 0.0000012	 0.0071500	 0.0000012	-0.0035720	 0.0000012	 0.0007205	 0.0008435	-0.0029793	 0.0008456	 0.0020513	 0.0008454	-0.0022978	 0.0008437	 0.0045181	 0.0008439	 0.0029092	 0.0008452	 0.0012983	99031
 318.6	 0.0203487	 0.0000012	-0.0030634	 0.0000012	 0.0032184	 0.0000012	-0.0033343	 0.0000012	-0.0013059	 0.0008414	-0.0027499	 0.0008450	 0.0035648	 0.0008432	-0.0020384	 0.0008432	 0.0035165	 0.0008423	 0.0035402	 0.0008441	 0.0012257	96804
 330.4	 0.0176653	 0.0000012	-0.0022029	 0.0000012	 0.0007637	 0.0000012	-0.0008884	 0.0000012	-0.0003928	 0.0008404	-0.0024308	 0.0008434	 0.0066046	 0.0008435	-0.0016708	 0.0008403	 0.0001751	 0.0008421	 0.0026166	 0.0008417	 0.0011622	94617
 342.2	 0.0144794	 0.0000012	-0.0013161	 0.0000012	-0.0000824	 0.0000012	 0.0022003	 0.0000012	 0.0003022	 0.0008407	-0.0023673	 0.0008405	 0.0058708	 0.0008422	-0.0025327	 0.0008390	-0.0016263	 0.0008412	 0.0018332	 0.0008400	 0.0011059	92414
 354.0	 0.0108159	 0.0000012	-0.0001115	 0.0000012	-0.0010012	 0.0000012	 0.0054570	 0.0000012	 0.0002420	 0.0008389	-0.0017465	 0.0008399	 0.0003644	 0.0008396	-0.0037529	 0.0008391	 0.0017701	 0.0008388	 0.0017778	 0.0008400	 0.0010533	90336
 365.8	 0.0074929	 0.0000012	 0.0010922	 0.0000012	-0.0038368	 0.0000012	 0.0067652	 0.0000012	 0.0018692	 0.0008374	-0.0006756	 0.0008389	-0.0012635	 0.0008374	-0.0005004	 0.0008389	 0.0078215	 0.0008381	-0.0005610	 0.0008382	 0.0010063	88296
 377.6	 0.0040538	 0.0000012	 0.0016356	 0.0000012	-0.0080683	 0.0000012	 0.0067475	 0.0000012	 0.0051054	 0.0008369	 0.0011361	 0.0008369	 0.0025198	 0.0008367	 0.0037452	 0.0008372	 0.0058901	 0.0008370	-0.0012297	 0.0008368	 0.0009634	86160
 389.4	 0.0005334	 0.0000012	 0.0019532	 0.0000012	-0.0111841	 0.0000012	 0.0062929	 0.0000012	 0.0111725	 0.0008355	 0.0042863	 0.0008358	 0.0029827	 0.0008358	 0.0073221	 0.0008355	 0.0039750	 0.0008369	 0.0013900	 0.0008345	 0.0009236	84101
 401.2	-0.0029605	 0.0000012	 0.0013191	 0.0000012	-0.0122420	 0.0000012	 0.0055734	 0.0000012	 0.0169886	 0.0008342	 0.0060216	 0.0008346	-0.0016821	 0.0008352	 0.0075424	 0.0008338	 0.0041780	 0.0008348	-0.0004622	 0.0008343	 0.0008890	82085
 413.0	-0.0060199	 0.0000012	 0.0002862	 0.0000012	-0.0116817	 0.0000012	 0.0046540	 0.0000012	 0.0198182	 0.0008322	 0.0055168	 0.0008343	-0.0051237	 0.0008348	 0.0058637	 0.0008320	 0.0053579	 0.0008347	-0.0008893	 0.0008320	 0.0008523	80126
 424.8	-0.0087806	 0.0000012	-0.0009193	 0.0000012	-0.0109657	 0.0000012	 0.0029146	 0.0000012	 0.0190937	 0.0008321	 0.0054248	 0.0008321	-0.0042005	 0.0008345	 0.0035029	 0.0008301	 0.0066012	 0.0008327	-0.0009537	 0.0008318	 0.0008180	78190
 436.6	-0.0112757	 0.0000012	-0.0021132	 0.0000012	-0.0103814	 0.0000012	 0.0024992	 0.0000012	 0.0145745	 0.0008302	 0.0056051	 0.0008320	-0.0011098	 0.0008316	 0.0014744	 0.0008307	 0.0040669	 0.0008308	-0.0005513	 0.0008316	 0.0007863	76289
 448.4	-0.0141349	 0.0000012	-0.0029408	 0.0000012	-0.0094027	 0.0000012	 0.0029852	 0.0000012	 0.0089267	 0.0008284	 0.0054362	 0.0008317	-0.0010454	 0.0008303	-0.0005352	 0.0008299	 0.0021613	 0.0008300	 0.0002065	 0.0008303	 0.0007576	74424
 460.2	-0.0174616	 0.0000012	-0.0035008	 0.0000012	-0.0080823	 0.0000012	 0.0051942	 0.0000012	 0.0053977	 0.0008269	 0.0055361	 0.0008312	-0.0032839	 0.0008293	-0.0018888	 0.0008288	 0.0003126	 0.0008284	 0.0009006	 0.0008297	 0.0007301	72586
 472.0	-0.0217678	 0.0000012	-0.0040587	 0.0000012	-0.0063214	 0.0000012	 0.0070819	 0.0000012	 0.0030219	 0.0008261	 0.0046101	 0.0008299	-0.0015008	 0.0008291	-0.0013036	 0.0008269	-0.0006123	 0.0008271	 0.0029973	 0.0008289	 0.0007043	70705
 483.8	-0.0267184	 0.0000011	-0.0045060	 0.0000012	-0.0047598	 0.0000012	 0.0076095	 0.0000011	-0.0022025	 0.0008246	 0.0026525	 0.0008293	 0.0026566	 0.0008267	-0.0006743	 0.0008273	 0.0018651	 0.0008271	 0.0034743	 0.0008268	 0.0006805	68867
 495.6	-0.0321637	 0.0000011	-0.0054389	 0.0000011	-0.0038609	 0.0000011	 0.0074692	 0.0000011	-0.0105588	 0.0008240	 0.0009588	 0.0008278	 0.0034374	 0.0008251	-0.0010010	 0.0008268	 0.0030336	 0.0008254	 0.0030703	 0.0008265	 0.0006584	67101
 507.4	-0.0377410	 0.0000011	-0.0071072	 0.0000011	-0.0017554	 0.0000011	 0.0074694	 0.0000011	-0.0171336	 0.0008252	 0.0000133	 0.0008245	 0.0006261	 0.0008237	-0.0007217	 0.0008262	 0.0035778	 0.0008241	 0.0029654	 0.0008258	 0.0006369	65306
 519.2	-0.0426773	 0.0000011	-0.0089099	 0.0000011	 0.0007716	 0.0000011	 0.0082778	 0.0000011	-0.0188359	 0.0008247	-0.0007788	 0.0008230	 0.0005378	 0.0008227	 0.0005116	 0.0008253	 0.0031089	 0.0008236	 0.0034026	 0.0008243	 0.0006167	63586
 531.0	-0.0465745	 0.0000011	-0.0109309	 0.0000011	 0.0023616	 0.0000011	 0.0095840	 0.0000011	-0.0162724	 0.0008237	-0.0011617	 0.0008222	 0.0036974	 0.0008228	 0.0015105	 0.0008233	 0.0018279	 0.0008230	 0.0020091	 0.0008230	 0.0005976	61858
 542.8	-0.0493433	 0.0000011	-0.0126890	 0.0000011	 0.0044050	 0.0000011	 0.0120926	 0.0000011	-0.0126479	 0.0008227	-0.0024179	 0.0008214	 0.0048030	 0.0008231	 0.0004401	 0.0008211	 0.0015426	 0.0008223	 0.0012777	 0.0008218	 0.0005801	60171
 554.6	-0.0504926	 0.0000011	-0.0140826	 0.0000011	 0.0061461	 0.0000011	 0.0137972	 0.0000011	-0.0111164	 0.0008201	-0.0043377	 0.0008222	 0.0024737	 0.0008207	 0.0007848	 0.0008216	 0.0003099	 0.0008224	 0.0004942	 0.0008200	 0.0005641	58547
 566.4	-0.0504973	 0.0000011	-0.0149985	 0.0000011	 0.0071961	 0.0000011	 0.0134400	 0.0000011	-0.0120437	 0.0008194	-0.0042392	 0.0008211	 0.0010593	 0.0008196	 0.0010247	 0.0008210	-0.0031375	 0.0008218	-0.0036668	 0.0008188	 0.0005498	56962
 578.2	-0.0491778	 0.0000011	-0.0150206	 0.0000011	 0.0078309	 0.0000011	 0.0122784	 0.0000011	-0.0144614	 0.0008205	-0.0020203	 0.0008181	 0.0028133	 0.0008192	-0.0013314	 0.0008196	-0.0049290	 0.0008201	-0.0009324	 0.0008187	 0.0005339	55328
 590.0	-0.0472814	 0.0000011	-0.0140850	 0.0000011	 0.0076669	 0.0000011	 0.0094679	 0.0000011	-0.0158877	 0.0008199	 0.0014731	 0.0008170	 0.0062937	 0.0008176	-0.0030599	 0.0008195	-0.0049964	 0.0008189	 0.0009991	 0.0008182	 0.0005198	53793
 601.8	-0.0445319	 0.0000011	-0.0119450	 0.0000011	 0.0070139	 0.0000011	 0.0057071	 0.0000011	-0.0144610	 0.0008188	 0.0046785	 0.0008165	 0.0067983	 0.0008162	-0.0039247	 0.0008192	-0.0052062	 0.0008177	-0.0018686	 0.0008178	 0.0005056	52296
