4608	# No of dislocations in the cell
800000	# Np of point-pairs
  3200	# Square
 2	 0	 0	# diffraction vector, g:
 1	-1	-2	# line vector, l:
0.202470	0.202470	0.000000	# Burgers vector, b in [nm] 
0.266310	# C_factor/ nu = 0.345000
0.404940	# lattice parameter, [nm]
L	cos_AL	err_Cos	sin_AL	err_Sin	Cos_2AL	err_Cos_2AL	Sin_2AL	err_Sin_2AL	Cos_3AL	err_Cos_3AL	Sin_3AL	err_Sin_3AL	Cos_4AL	err_Cos_4AL	Sin_4AL	err_Sin_4AL	Cos_5AL	err_Cos_5AL	Sin_5AL	err_Sin_5AL	<eps^2>	bad_points
  11.8	 0.9642976	 0.0000005	 0.0165644	 0.0000008	 0.8810966	 0.0000007	 0.0293083	 0.0000010	 0.7708772	 0.0004234	 0.0364212	 0.0006789	 0.6495298	 0.0005545	 0.0377451	 0.0007781	 0.5283089	 0.0006617	 0.0342003	 0.0008375	 0.0346280	168249
  23.6	 0.8802814	 0.0000007	 0.0285817	 0.0000010	 0.6484146	 0.0000010	 0.0367470	 0.0000012	 0.4143840	 0.0007404	 0.0274608	 0.0008686	 0.2329304	 0.0008309	 0.0161433	 0.0008933	 0.1120115	 0.0008695	 0.0116231	 0.0008934	 0.0174842	164757
  35.4	 0.7688859	 0.0000009	 0.0345579	 0.0000012	 0.4146510	 0.0000012	 0.0265779	 0.0000013	 0.1652209	 0.0008530	 0.0136279	 0.0008918	 0.0399260	 0.0008820	 0.0120776	 0.0008861	-0.0080608	 0.0008857	 0.0141699	 0.0008837	 0.0118353	161382
  47.2	 0.6471210	 0.0000010	 0.0343620	 0.0000012	 0.2338392	 0.0000013	 0.0157749	 0.0000013	 0.0399892	 0.0008793	 0.0131881	 0.0008842	-0.0135002	 0.0008809	 0.0141507	 0.0008839	-0.0128027	 0.0008750	 0.0146656	 0.0008897	 0.0090137	158071
  59.0	 0.5268810	 0.0000011	 0.0297854	 0.0000013	 0.1132485	 0.0000013	 0.0120993	 0.0000013	-0.0081632	 0.0008794	 0.0139732	 0.0008811	-0.0124850	 0.0008732	 0.0146717	 0.0008872	-0.0015625	 0.0008827	 0.0120067	 0.0008779	 0.0073894	154892
  70.8	 0.4155116	 0.0000012	 0.0235251	 0.0000013	 0.0406657	 0.0000013	 0.0122655	 0.0000013	-0.0168177	 0.0008720	 0.0145312	 0.0008839	-0.0019504	 0.0008794	 0.0122976	 0.0008769	-0.0030828	 0.0008828	 0.0144742	 0.0008734	 0.0062454	151712
  82.6	 0.3173442	 0.0000012	 0.0175764	 0.0000013	 0.0010517	 0.0000013	 0.0131225	 0.0000013	-0.0093929	 0.0008725	 0.0134133	 0.0008795	 0.0008482	 0.0008812	 0.0136909	 0.0008709	-0.0121837	 0.0008762	 0.0112704	 0.0008758	 0.0053780	148614
  94.4	 0.2339520	 0.0000012	 0.0131887	 0.0000013	-0.0157742	 0.0000013	 0.0139602	 0.0000013	-0.0001162	 0.0008776	 0.0116347	 0.0008706	-0.0054257	 0.0008780	 0.0134803	 0.0008701	-0.0129386	 0.0008695	 0.0028086	 0.0008786	 0.0047075	145694
 106.2	 0.1653838	 0.0000013	 0.0102480	 0.0000013	-0.0182772	 0.0000013	 0.0154285	 0.0000013	 0.0035490	 0.0008775	 0.0114194	 0.0008667	-0.0160711	 0.0008711	 0.0075370	 0.0008729	 0.0065445	 0.0008686	 0.0081493	 0.0008756	 0.0042296	142684
 118.0	 0.1105062	 0.0000013	 0.0090389	 0.0000013	-0.0141926	 0.0000013	 0.0163310	 0.0000013	-0.0005027	 0.0008740	 0.0117845	 0.0008664	-0.0139588	 0.0008654	 0.0044535	 0.0008750	 0.0145501	 0.0008672	 0.0111960	 0.0008730	 0.0038436	139812
 129.8	 0.0680025	 0.0000013	 0.0085963	 0.0000013	-0.0077801	 0.0000013	 0.0145739	 0.0000013	-0.0088893	 0.0008696	 0.0100624	 0.0008669	 0.0033738	 0.0008636	 0.0131598	 0.0008730	 0.0153881	 0.0008683	 0.0051824	 0.0008682	 0.0035381	136913
 141.6	 0.0359530	 0.0000013	 0.0083555	 0.0000013	-0.0014647	 0.0000013	 0.0103508	 0.0000013	-0.0164760	 0.0008666	 0.0096424	 0.0008660	 0.0147707	 0.0008655	 0.0153158	 0.0008671	 0.0060164	 0.0008675	 0.0011336	 0.0008654	 0.0032421	134048
 153.4	 0.0129695	 0.0000013	 0.0082859	 0.0000013	 0.0033683	 0.0000013	 0.0066537	 0.0000013	-0.0150758	 0.0008616	 0.0117387	 0.0008674	 0.0216369	 0.0008621	 0.0102351	 0.0008667	-0.0040883	 0.0008634	 0.0014600	 0.0008658	 0.0029940	131222
 165.2	-0.0025770	 0.0000013	 0.0084754	 0.0000013	 0.0053445	 0.0000013	 0.0051302	 0.0000012	-0.0063207	 0.0008601	 0.0164546	 0.0008656	 0.0158805	 0.0008624	 0.0079178	 0.0008633	-0.0081317	 0.0008635	-0.0012190	 0.0008625	 0.0027658	128625
 177.0	-0.0121752	 0.0000012	 0.0096931	 0.0000012	 0.0034202	 0.0000012	 0.0062879	 0.0000012	 0.0020787	 0.0008582	 0.0179169	 0.0008642	 0.0042121	 0.0008597	 0.0068259	 0.0008629	-0.0095631	 0.0008618	-0.0014324	 0.0008608	 0.0025582	126053
 188.8	-0.0174160	 0.0000012	 0.0114850	 0.0000012	-0.0024456	 0.0000012	 0.0080442	 0.0000012	 0.0089438	 0.0008568	 0.0155336	 0.0008623	-0.0043565	 0.0008574	 0.0040110	 0.0008619	-0.0056676	 0.0008613	 0.0003778	 0.0008580	 0.0023828	123467
 200.6	-0.0193551	 0.0000012	 0.0136309	 0.0000012	-0.0078957	 0.0000012	 0.0074435	 0.0000012	 0.0138558	 0.0008563	 0.0113256	 0.0008595	-0.0072217	 0.0008581	-0.0007375	 0.0008579	-0.0035037	 0.0008611	 0.0021209	 0.0008550	 0.0022254	120870
 212.4	-0.0193245	 0.0000012	 0.0155796	 0.0000012	-0.0078744	 0.0000012	 0.0053660	 0.0000012	 0.0136106	 0.0008558	 0.0070020	 0.0008569	-0.0065246	 0.0008566	-0.0021355	 0.0008562	-0.0046014	 0.0008544	 0.0016792	 0.0008584	 0.0020838	118292
 224.2	-0.0178483	 0.0000012	 0.0160858	 0.0000012	-0.0033216	 0.0000012	 0.0055911	 0.0000012	 0.0079094	 0.0008548	 0.0056731	 0.0008548	-0.0063403	 0.0008577	-0.0023330	 0.0008519	-0.0010654	 0.0008537	 0.0020757	 0.0008560	 0.0019756	115761
 236.0	-0.0152853	 0.0000012	 0.0155447	 0.0000012	 0.0007472	 0.0000012	 0.0082156	 0.0000012	 0.0003854	 0.0008520	 0.0070409	 0.0008545	-0.0088277	 0.0008579	 0.0021489	 0.0008485	 0.0018373	 0.0008528	 0.0030088	 0.0008537	 0.0018837	113222
 247.8	-0.0120307	 0.0000012	 0.0135596	 0.0000012	 0.0024455	 0.0000012	 0.0103297	 0.0000012	-0.0065993	 0.0008506	 0.0062314	 0.0008528	-0.0111255	 0.0008551	-0.0000437	 0.0008483	-0.0009528	 0.0008513	 0.0006787	 0.0008522	 0.0018025	110804
 259.6	-0.0077029	 0.0000012	 0.0109125	 0.0000012	 0.0009245	 0.0000012	 0.0095648	 0.0000012	-0.0082385	 0.0008500	 0.0029118	 0.0008503	-0.0094524	 0.0008510	-0.0017144	 0.0008494	-0.0014830	 0.0008514	-0.0008150	 0.0008490	 0.0017334	108312
 271.4	-0.0025744	 0.0000012	 0.0082670	 0.0000012	-0.0033280	 0.0000012	 0.0068338	 0.0000012	-0.0064084	 0.0008482	-0.0014978	 0.0008493	-0.0094911	 0.0008484	 0.0018078	 0.0008489	-0.0021772	 0.0008485	-0.0045589	 0.0008490	 0.0016766	105892
 283.2	 0.0029646	 0.0000012	 0.0056632	 0.0000012	-0.0079693	 0.0000012	 0.0034404	 0.0000012	-0.0058854	 0.0008485	-0.0080728	 0.0008460	-0.0064127	 0.0008460	 0.0053413	 0.0008485	-0.0026267	 0.0008450	-0.0061391	 0.0008495	 0.0016252	103567
 295.0	 0.0077194	 0.0000012	 0.0029470	 0.0000012	-0.0118998	 0.0000012	 0.0002207	 0.0000012	-0.0038051	 0.0008461	-0.0103407	 0.0008456	 0.0026623	 0.0008468	 0.0055159	 0.0008450	-0.0053852	 0.0008450	-0.0030510	 0.0008468	 0.0015819	101248
 306.8	 0.0112637	 0.0000012	 0.0002320	 0.0000012	-0.0147752	 0.0000012	-0.0013092	 0.0000012	-0.0023892	 0.0008448	-0.0089158	 0.0008442	 0.0112299	 0.0008450	 0.0028803	 0.0008440	-0.0068210	 0.0008450	 0.0000443	 0.0008441	 0.0015448	99031
 318.6	 0.0139029	 0.0000012	-0.0019693	 0.0000012	-0.0165744	 0.0000012	-0.0014121	 0.0000012	-0.0021678	 0.0008448	-0.0049691	 0.0008416	 0.0161750	 0.0008442	 0.0027603	 0.0008421	-0.0034387	 0.0008430	 0.0053302	 0.0008435	 0.0015096	96804
 330.4	 0.0153561	 0.0000012	-0.0041408	 0.0000012	-0.0198764	 0.0000012	-0.0016162	 0.0000012	-0.0019861	 0.0008441	-0.0013034	 0.0008397	 0.0173959	 0.0008428	 0.0051145	 0.0008408	 0.0012786	 0.0008412	 0.0059344	 0.0008427	 0.0014766	94617
 342.2	 0.0158708	 0.0000012	-0.0055123	 0.0000012	-0.0240004	 0.0000012	-0.0031326	 0.0000012	-0.0035679	 0.0008425	 0.0021188	 0.0008388	 0.0119085	 0.0008397	 0.0058390	 0.0008414	 0.0010035	 0.0008406	 0.0008109	 0.0008406	 0.0014467	92414
 354.0	 0.0154343	 0.0000012	-0.0058211	 0.0000012	-0.0283694	 0.0000012	-0.0063284	 0.0000012	-0.0045783	 0.0008395	 0.0048510	 0.0008392	 0.0000437	 0.0008377	 0.0045073	 0.0008410	-0.0035216	 0.0008405	-0.0041128	 0.0008383	 0.0014207	90336
 365.8	 0.0140547	 0.0000012	-0.0046637	 0.0000012	-0.0299863	 0.0000012	-0.0098321	 0.0000012	-0.0027089	 0.0008384	 0.0029083	 0.0008379	-0.0077161	 0.0008398	 0.0010292	 0.0008365	-0.0065549	 0.0008380	-0.0046789	 0.0008383	 0.0013968	88296
 377.6	 0.0120142	 0.0000012	-0.0024857	 0.0000012	-0.0274896	 0.0000012	-0.0119865	 0.0000012	 0.0027650	 0.0008373	-0.0001583	 0.0008366	-0.0066331	 0.0008386	-0.0033045	 0.0008352	-0.0069038	 0.0008350	-0.0036189	 0.0008388	 0.0013714	86160
 389.4	 0.0097107	 0.0000012	 0.0000711	 0.0000012	-0.0226678	 0.0000012	-0.0123917	 0.0000012	 0.0089434	 0.0008370	-0.0013574	 0.0008344	-0.0003647	 0.0008368	-0.0039565	 0.0008346	-0.0044782	 0.0008349	-0.0022609	 0.0008365	 0.0013467	84101
 401.2	 0.0072177	 0.0000012	 0.0023751	 0.0000012	-0.0184372	 0.0000012	-0.0110726	 0.0000012	 0.0112884	 0.0008357	 0.0005355	 0.0008333	 0.0029084	 0.0008354	-0.0025299	 0.0008336	-0.0035366	 0.0008343	-0.0018893	 0.0008347	 0.0013240	82085
 413.0	 0.0047316	 0.0000012	 0.0040737	 0.0000012	-0.0157184	 0.0000012	-0.0087186	 0.0000012	 0.0090150	 0.0008344	 0.0018224	 0.0008323	 0.0015639	 0.0008331	-0.0051597	 0.0008337	 0.0002579	 0.0008346	-0.0020395	 0.0008322	 0.0013003	80126
 424.8	 0.0017022	 0.0000012	 0.0048844	 0.0000012	-0.0138938	 0.0000012	-0.0062871	 0.0000012	 0.0039178	 0.0008326	 0.0013956	 0.0008320	 0.0015304	 0.0008314	-0.0049754	 0.0008332	 0.0020702	 0.0008337	 0.0007336	 0.0008308	 0.0012743	78190
 436.6	-0.0006822	 0.0000012	 0.0044439	 0.0000012	-0.0113890	 0.0000012	-0.0025834	 0.0000012	-0.0019230	 0.0008315	-0.0006396	 0.0008309	 0.0002601	 0.0008288	-0.0038541	 0.0008336	 0.0018554	 0.0008312	 0.0019042	 0.0008312	 0.0012495	76289
 448.4	-0.0023308	 0.0000012	 0.0025496	 0.0000012	-0.0083177	 0.0000012	 0.0024088	 0.0000012	-0.0074933	 0.0008299	-0.0050674	 0.0008303	-0.0007376	 0.0008295	-0.0045079	 0.0008307	-0.0033355	 0.0008285	 0.0035544	 0.0008318	 0.0012270	74424
 460.2	-0.0027709	 0.0000012	-0.0001529	 0.0000012	-0.0056041	 0.0000012	 0.0065563	 0.0000012	-0.0089733	 0.0008282	-0.0097189	 0.0008298	-0.0003563	 0.0008309	-0.0013127	 0.0008273	-0.0013001	 0.0008286	 0.0051282	 0.0008295	 0.0012016	72586
 472.0	-0.0023674	 0.0000012	-0.0030720	 0.0000012	-0.0046537	 0.0000012	 0.0099131	 0.0000012	-0.0041661	 0.0008299	-0.0076560	 0.0008260	-0.0032994	 0.0008274	 0.0024180	 0.0008286	 0.0061873	 0.0008280	 0.0064753	 0.0008280	 0.0011746	70705
 483.8	-0.0013704	 0.0000011	-0.0057179	 0.0000012	-0.0036941	 0.0000011	 0.0103244	 0.0000012	 0.0004213	 0.0008303	 0.0009130	 0.0008236	-0.0020605	 0.0008254	 0.0013017	 0.0008285	 0.0087504	 0.0008265	 0.0064654	 0.0008273	 0.0011481	68867
 495.6	 0.0002273	 0.0000011	-0.0083178	 0.0000011	-0.0026335	 0.0000011	 0.0080894	 0.0000011	-0.0008844	 0.0008287	 0.0096577	 0.0008231	 0.0010892	 0.0008256	 0.0007800	 0.0008263	 0.0058869	 0.0008244	 0.0036842	 0.0008275	 0.0011218	67101
 507.4	 0.0016860	 0.0000011	-0.0105327	 0.0000011	-0.0005063	 0.0000011	 0.0044537	 0.0000011	-0.0051956	 0.0008260	 0.0143321	 0.0008237	 0.0010828	 0.0008253	-0.0003739	 0.0008246	 0.0015740	 0.0008237	 0.0025777	 0.0008262	 0.0010955	65306
 519.2	 0.0024024	 0.0000011	-0.0124185	 0.0000011	 0.0002844	 0.0000011	 0.0000875	 0.0000011	-0.0078927	 0.0008234	 0.0119506	 0.0008244	 0.0014828	 0.0008228	-0.0023994	 0.0008252	-0.0017630	 0.0008229	 0.0007348	 0.0008251	 0.0010693	63586
 531.0	 0.0025591	 0.0000011	-0.0138773	 0.0000011	-0.0006850	 0.0000011	-0.0043088	 0.0000011	-0.0077693	 0.0008216	 0.0068273	 0.0008243	 0.0014726	 0.0008230	-0.0047888	 0.0008231	-0.0059090	 0.0008246	-0.0006772	 0.0008215	 0.0010431	61858
 542.8	 0.0025524	 0.0000011	-0.0152462	 0.0000011	-0.0023640	 0.0000011	-0.0065046	 0.0000011	-0.0038402	 0.0008199	 0.0022775	 0.0008242	-0.0038511	 0.0008235	-0.0047243	 0.0008206	-0.0086336	 0.0008234	 0.0000782	 0.0008207	 0.0010175	60171
 554.6	 0.0031190	 0.0000011	-0.0166518	 0.0000011	-0.0048920	 0.0000011	-0.0067291	 0.0000011	 0.0000966	 0.0008206	-0.0019327	 0.0008218	-0.0059186	 0.0008213	-0.0017916	 0.0008211	-0.0062387	 0.0008205	 0.0048373	 0.0008219	 0.0009954	58547
 566.4	 0.0042591	 0.0000011	-0.0182221	 0.0000011	-0.0080139	 0.0000011	-0.0058642	 0.0000011	 0.0021936	 0.0008205	-0.0041735	 0.0008201	-0.0045863	 0.0008197	 0.0022827	 0.0008209	-0.0010248	 0.0008198	 0.0060946	 0.0008208	 0.0009765	56962
 578.2	 0.0059864	 0.0000011	-0.0197327	 0.0000011	-0.0119054	 0.0000011	-0.0056779	 0.0000011	 0.0008522	 0.0008187	-0.0033979	 0.0008201	-0.0043040	 0.0008205	 0.0035231	 0.0008183	 0.0026754	 0.0008207	 0.0009602	 0.0008181	 0.0009585	55328
 590.0	 0.0081376	 0.0000011	-0.0205886	 0.0000011	-0.0158971	 0.0000011	-0.0056966	 0.0000011	-0.0032338	 0.0008176	-0.0027247	 0.0008196	-0.0054254	 0.0008197	 0.0047137	 0.0008174	 0.0005157	 0.0008182	-0.0031458	 0.0008189	 0.0009422	53793
 601.8	 0.0104192	 0.0000011	-0.0200028	 0.0000011	-0.0181659	 0.0000011	-0.0057316	 0.0000011	-0.0070908	 0.0008174	-0.0042420	 0.0008181	-0.0073498	 0.0008174	 0.0037311	 0.0008181	-0.0039104	 0.0008182	 0.0002840	 0.0008173	 0.0009258	52296
