4608	# No of dislocations in the cell
800000	# Np of point-pairs
  3200	# Square
 2	 0	 0	# diffraction vector, g:
 1	-1	-2	# line vector, l:
0.202470	0.202470	0.000000	# Burgers vector, b in [nm] 
0.266310	# C_factor/ nu = 0.345000
0.404940	# lattice parameter, [nm]
L	cos_AL	err_Cos	sin_AL	err_Sin	Cos_2AL	err_Cos_2AL	Sin_2AL	err_Sin_2AL	Cos_3AL	err_Cos_3AL	Sin_3AL	err_Sin_3AL	Cos_4AL	err_Cos_4AL	Sin_4AL	err_Sin_4AL	Cos_5AL	err_Cos_5AL	Sin_5AL	err_Sin_5AL	<eps^2>	bad_points
  11.8	 0.9614511	 0.0000005	 0.0094741	 0.0000008	 0.8697972	 0.0000007	 0.0173237	 0.0000011	 0.7453543	 0.0004239	 0.0230114	 0.0007232	 0.6060977	 0.0005685	 0.0269547	 0.0008229	 0.4664619	 0.0006902	 0.0289924	 0.0008722	 0.0327590	168249
  23.6	 0.8679413	 0.0000007	 0.0171479	 0.0000010	 0.6036468	 0.0000011	 0.0271050	 0.0000013	 0.3355419	 0.0007789	 0.0296380	 0.0008882	 0.1415589	 0.0008616	 0.0240627	 0.0008941	 0.0361329	 0.0008746	 0.0135875	 0.0008983	 0.0166753	164757
  35.4	 0.7408908	 0.0000009	 0.0231458	 0.0000012	 0.3342630	 0.0000012	 0.0310179	 0.0000013	 0.0782288	 0.0008695	 0.0207099	 0.0008942	-0.0031001	 0.0008749	 0.0041544	 0.0008946	-0.0147737	 0.0008788	-0.0010842	 0.0008906	 0.0109819	161382
  47.2	 0.5992263	 0.0000011	 0.0281965	 0.0000013	 0.1401763	 0.0000013	 0.0277379	 0.0000013	-0.0012511	 0.0008728	 0.0053135	 0.0008922	-0.0151369	 0.0008772	 0.0003182	 0.0008877	-0.0266531	 0.0008838	 0.0202076	 0.0008804	 0.0081115	158071
  59.0	 0.4586259	 0.0000012	 0.0320100	 0.0000013	 0.0378580	 0.0000013	 0.0176223	 0.0000013	-0.0100205	 0.0008762	-0.0027548	 0.0008844	-0.0263709	 0.0008826	 0.0172136	 0.0008773	-0.0184106	 0.0008822	 0.0282729	 0.0008775	 0.0064778	154892
  70.8	 0.3306971	 0.0000012	 0.0345171	 0.0000013	 0.0012924	 0.0000013	 0.0053679	 0.0000013	-0.0180861	 0.0008782	 0.0044397	 0.0008780	-0.0226171	 0.0008815	 0.0260713	 0.0008739	-0.0075720	 0.0008786	 0.0182802	 0.0008775	 0.0053111	151712
  82.6	 0.2231916	 0.0000013	 0.0352124	 0.0000013	-0.0059810	 0.0000013	-0.0027860	 0.0000013	-0.0270513	 0.0008813	 0.0173861	 0.0008700	-0.0083772	 0.0008758	 0.0205784	 0.0008761	-0.0009342	 0.0008768	 0.0056753	 0.0008754	 0.0045326	148614
  94.4	 0.1399523	 0.0000013	 0.0343605	 0.0000013	-0.0102556	 0.0000013	-0.0060001	 0.0000013	-0.0225327	 0.0008785	 0.0235389	 0.0008688	-0.0045112	 0.0008752	 0.0139200	 0.0008729	 0.0100900	 0.0008723	-0.0147699	 0.0008758	 0.0038909	145694
 106.2	 0.0809748	 0.0000013	 0.0316634	 0.0000013	-0.0190046	 0.0000013	-0.0026079	 0.0000013	-0.0114368	 0.0008731	 0.0184818	 0.0008708	 0.0024464	 0.0008711	 0.0044995	 0.0008732	 0.0133677	 0.0008694	-0.0157882	 0.0008746	 0.0034280	142684
 118.0	 0.0426192	 0.0000013	 0.0268005	 0.0000013	-0.0282105	 0.0000013	 0.0033945	 0.0000013	-0.0035310	 0.0008700	 0.0115986	 0.0008704	 0.0120470	 0.0008692	-0.0097865	 0.0008711	 0.0089347	 0.0008687	-0.0121219	 0.0008716	 0.0030678	139812
 129.8	 0.0196706	 0.0000013	 0.0205073	 0.0000013	-0.0309896	 0.0000013	 0.0087843	 0.0000013	-0.0003190	 0.0008689	 0.0101069	 0.0008678	 0.0140891	 0.0008665	-0.0134151	 0.0008699	 0.0005826	 0.0008686	-0.0196856	 0.0008678	 0.0027817	136913
 141.6	 0.0071002	 0.0000013	 0.0134920	 0.0000013	-0.0260442	 0.0000013	 0.0105028	 0.0000013	 0.0043927	 0.0008651	 0.0085713	 0.0008678	 0.0071224	 0.0008658	-0.0081921	 0.0008671	-0.0000381	 0.0008664	-0.0117486	 0.0008665	 0.0025448	134048
 153.4	 0.0008979	 0.0000013	 0.0067304	 0.0000013	-0.0173200	 0.0000013	 0.0082406	 0.0000013	 0.0093487	 0.0008655	 0.0008999	 0.0008638	-0.0005705	 0.0008633	-0.0111084	 0.0008659	 0.0009680	 0.0008688	-0.0007673	 0.0008605	 0.0023441	131222
 165.2	-0.0019102	 0.0000012	 0.0006241	 0.0000013	-0.0090206	 0.0000013	 0.0050546	 0.0000013	 0.0104073	 0.0008626	-0.0085416	 0.0008633	-0.0018950	 0.0008608	-0.0171857	 0.0008649	 0.0007434	 0.0008632	-0.0017030	 0.0008628	 0.0021746	128625
 177.0	-0.0039348	 0.0000012	-0.0035279	 0.0000012	-0.0042255	 0.0000012	 0.0034854	 0.0000012	 0.0041679	 0.0008593	-0.0127404	 0.0008632	 0.0011024	 0.0008627	-0.0128719	 0.0008598	 0.0052339	 0.0008609	-0.0042434	 0.0008617	 0.0020245	126053
 188.8	-0.0068115	 0.0000012	-0.0058297	 0.0000012	-0.0027492	 0.0000012	 0.0054718	 0.0000012	-0.0030876	 0.0008576	-0.0096206	 0.0008617	 0.0020446	 0.0008615	-0.0023289	 0.0008578	 0.0051012	 0.0008610	-0.0004106	 0.0008584	 0.0018968	123467
 200.6	-0.0117116	 0.0000012	-0.0063231	 0.0000012	-0.0042016	 0.0000012	 0.0099813	 0.0000012	-0.0055444	 0.0008568	-0.0052088	 0.0008593	 0.0058513	 0.0008599	-0.0037211	 0.0008562	-0.0000791	 0.0008577	-0.0032754	 0.0008584	 0.0017761	120870
 212.4	-0.0183956	 0.0000012	-0.0058538	 0.0000012	-0.0056375	 0.0000012	 0.0134620	 0.0000012	-0.0018337	 0.0008539	-0.0054630	 0.0008589	 0.0081114	 0.0008550	-0.0041034	 0.0008578	-0.0102704	 0.0008577	-0.0046518	 0.0008550	 0.0016586	118292
 224.2	-0.0255907	 0.0000012	-0.0057045	 0.0000012	-0.0057959	 0.0000012	 0.0129987	 0.0000012	 0.0008487	 0.0008553	-0.0068670	 0.0008543	 0.0051377	 0.0008518	 0.0005979	 0.0008579	-0.0153166	 0.0008553	 0.0004328	 0.0008541	 0.0015442	115761
 236.0	-0.0321652	 0.0000012	-0.0066474	 0.0000012	-0.0044874	 0.0000012	 0.0081566	 0.0000012	-0.0006906	 0.0008560	-0.0061524	 0.0008504	-0.0000595	 0.0008541	-0.0003217	 0.0008524	-0.0039376	 0.0008506	 0.0021708	 0.0008559	 0.0014403	113222
 247.8	-0.0370424	 0.0000012	-0.0081169	 0.0000012	-0.0023520	 0.0000012	 0.0023878	 0.0000012	-0.0044619	 0.0008520	-0.0039800	 0.0008515	-0.0030938	 0.0008537	-0.0055639	 0.0008497	 0.0029244	 0.0008511	 0.0001053	 0.0008524	 0.0013386	110804
 259.6	-0.0394209	 0.0000012	-0.0110482	 0.0000012	 0.0001618	 0.0000012	-0.0000432	 0.0000012	-0.0064973	 0.0008521	 0.0001036	 0.0008483	-0.0056286	 0.0008529	-0.0051536	 0.0008475	 0.0017381	 0.0008513	 0.0030450	 0.0008491	 0.0012406	108312
 271.4	-0.0388172	 0.0000012	-0.0141857	 0.0000012	 0.0028296	 0.0000012	 0.0013244	 0.0000012	-0.0053035	 0.0008483	 0.0069299	 0.0008491	-0.0063881	 0.0008480	 0.0017639	 0.0008495	 0.0058037	 0.0008497	 0.0006442	 0.0008477	 0.0011509	105892
 283.2	-0.0349685	 0.0000012	-0.0167073	 0.0000012	 0.0048306	 0.0000012	 0.0046470	 0.0000012	-0.0048691	 0.0008436	 0.0111777	 0.0008508	-0.0020558	 0.0008446	 0.0063273	 0.0008500	 0.0107184	 0.0008484	-0.0037829	 0.0008461	 0.0010768	103567
 295.0	-0.0284222	 0.0000012	-0.0177891	 0.0000012	 0.0038131	 0.0000012	 0.0084135	 0.0000012	-0.0101799	 0.0008434	 0.0095283	 0.0008483	 0.0005928	 0.0008458	 0.0062176	 0.0008460	 0.0092782	 0.0008461	-0.0053205	 0.0008456	 0.0010207	101248
 306.8	-0.0194429	 0.0000012	-0.0172572	 0.0000012	-0.0001864	 0.0000012	 0.0100263	 0.0000012	-0.0157281	 0.0008448	 0.0026595	 0.0008441	 0.0020042	 0.0008459	 0.0020797	 0.0008432	 0.0007111	 0.0008446	-0.0020286	 0.0008446	 0.0009677	99031
 318.6	-0.0097934	 0.0000012	-0.0151745	 0.0000012	-0.0046355	 0.0000012	 0.0082513	 0.0000012	-0.0170571	 0.0008454	-0.0029795	 0.0008408	 0.0043824	 0.0008439	-0.0031874	 0.0008425	-0.0050777	 0.0008427	 0.0000999	 0.0008437	 0.0009137	96804
 330.4	-0.0003672	 0.0000012	-0.0124907	 0.0000012	-0.0068942	 0.0000012	 0.0049086	 0.0000012	-0.0134806	 0.0008427	-0.0052247	 0.0008410	 0.0031945	 0.0008418	-0.0070899	 0.0008420	-0.0054673	 0.0008442	-0.0011832	 0.0008396	 0.0008639	94617
 342.2	 0.0081012	 0.0000012	-0.0089818	 0.0000012	-0.0070938	 0.0000012	 0.0038947	 0.0000012	-0.0058025	 0.0008397	-0.0066779	 0.0008415	-0.0026833	 0.0008420	-0.0072048	 0.0008391	-0.0029518	 0.0008409	-0.0014248	 0.0008403	 0.0008188	92414
 354.0	 0.0151434	 0.0000012	-0.0050724	 0.0000012	-0.0046739	 0.0000012	 0.0060339	 0.0000012	-0.0015854	 0.0008378	-0.0072834	 0.0008409	-0.0057970	 0.0008392	-0.0028890	 0.0008395	-0.0044168	 0.0008379	-0.0001458	 0.0008409	 0.0007785	90336
 365.8	 0.0202198	 0.0000012	-0.0010921	 0.0000012	 0.0003648	 0.0000012	 0.0115687	 0.0000012	-0.0028772	 0.0008380	-0.0067921	 0.0008383	-0.0021073	 0.0008370	-0.0011511	 0.0008394	-0.0040787	 0.0008384	 0.0025439	 0.0008379	 0.0007426	88296
 377.6	 0.0235019	 0.0000012	 0.0030740	 0.0000012	 0.0058011	 0.0000012	 0.0156992	 0.0000012	-0.0069404	 0.0008364	-0.0042610	 0.0008374	 0.0000283	 0.0008351	-0.0018894	 0.0008387	-0.0011158	 0.0008360	 0.0017463	 0.0008378	 0.0007096	86160
 389.4	 0.0250823	 0.0000012	 0.0064307	 0.0000012	 0.0098728	 0.0000012	 0.0152805	 0.0000012	-0.0073405	 0.0008354	-0.0019320	 0.0008360	 0.0007478	 0.0008361	-0.0019448	 0.0008353	-0.0010122	 0.0008354	 0.0003970	 0.0008360	 0.0006781	84101
 401.2	 0.0252246	 0.0000012	 0.0085410	 0.0000012	 0.0127541	 0.0000012	 0.0094209	 0.0000012	-0.0039142	 0.0008354	-0.0017200	 0.0008336	 0.0009077	 0.0008350	-0.0007974	 0.0008340	-0.0009021	 0.0008359	-0.0015162	 0.0008331	 0.0006496	82085
 413.0	 0.0239784	 0.0000012	 0.0092522	 0.0000012	 0.0158495	 0.0000012	 0.0007892	 0.0000012	-0.0018345	 0.0008343	-0.0019191	 0.0008325	 0.0033019	 0.0008337	 0.0022711	 0.0008331	-0.0043359	 0.0008329	-0.0058438	 0.0008339	 0.0006239	80126
 424.8	 0.0212009	 0.0000012	 0.0087135	 0.0000012	 0.0204954	 0.0000012	-0.0069608	 0.0000012	-0.0018700	 0.0008350	 0.0017374	 0.0008296	 0.0057134	 0.0008316	 0.0085171	 0.0008329	-0.0058931	 0.0008329	-0.0051963	 0.0008316	 0.0006015	78190
 436.6	 0.0171234	 0.0000012	 0.0066912	 0.0000012	 0.0280443	 0.0000012	-0.0116045	 0.0000012	-0.0040837	 0.0008325	 0.0057164	 0.0008299	 0.0033920	 0.0008320	 0.0054375	 0.0008304	-0.0022930	 0.0008317	-0.0017051	 0.0008307	 0.0005812	76289
 448.4	 0.0123890	 0.0000012	 0.0042395	 0.0000011	 0.0355367	 0.0000012	-0.0124319	 0.0000012	-0.0046808	 0.0008310	 0.0049120	 0.0008292	 0.0032674	 0.0008307	-0.0038746	 0.0008295	 0.0008744	 0.0008315	-0.0011508	 0.0008288	 0.0005620	74424
 460.2	 0.0078689	 0.0000012	 0.0022462	 0.0000011	 0.0403318	 0.0000012	-0.0120516	 0.0000012	-0.0010379	 0.0008325	-0.0023899	 0.0008256	 0.0021700	 0.0008322	-0.0045604	 0.0008259	-0.0009025	 0.0008295	-0.0013444	 0.0008287	 0.0005445	72586
 472.0	 0.0042101	 0.0000012	 0.0014965	 0.0000011	 0.0400902	 0.0000012	-0.0114685	 0.0000012	 0.0051236	 0.0008295	-0.0074196	 0.0008264	 0.0034530	 0.0008291	-0.0018281	 0.0008269	-0.0044415	 0.0008285	-0.0009576	 0.0008275	 0.0005312	70705
 483.8	 0.0024092	 0.0000012	 0.0026215	 0.0000011	 0.0360249	 0.0000012	-0.0112261	 0.0000011	 0.0088983	 0.0008263	-0.0057800	 0.0008275	 0.0081201	 0.0008270	-0.0002128	 0.0008269	-0.0013361	 0.0008273	-0.0009054	 0.0008266	 0.0005195	68867
 495.6	 0.0017472	 0.0000012	 0.0053384	 0.0000011	 0.0306181	 0.0000011	-0.0111488	 0.0000011	 0.0093027	 0.0008252	 0.0028840	 0.0008266	 0.0102170	 0.0008260	-0.0004346	 0.0008259	 0.0031169	 0.0008264	 0.0000655	 0.0008255	 0.0005083	67101
 507.4	 0.0014600	 0.0000012	 0.0085259	 0.0000011	 0.0263053	 0.0000011	-0.0101227	 0.0000011	 0.0081591	 0.0008245	 0.0109159	 0.0008253	 0.0065818	 0.0008246	-0.0013871	 0.0008253	 0.0011329	 0.0008254	-0.0009759	 0.0008246	 0.0004985	65306
 519.2	 0.0010272	 0.0000011	 0.0109195	 0.0000011	 0.0220645	 0.0000011	-0.0078444	 0.0000011	 0.0064313	 0.0008233	 0.0124069	 0.0008245	-0.0018043	 0.0008239	-0.0052143	 0.0008241	 0.0013911	 0.0008237	-0.0015218	 0.0008243	 0.0004908	63586
 531.0	-0.0003748	 0.0000011	 0.0119813	 0.0000011	 0.0181091	 0.0000011	-0.0050760	 0.0000011	 0.0062177	 0.0008234	 0.0086240	 0.0008226	-0.0055140	 0.0008227	-0.0105835	 0.0008233	 0.0056307	 0.0008254	-0.0012165	 0.0008206	 0.0004810	61858
 542.8	-0.0025071	 0.0000011	 0.0119297	 0.0000011	 0.0144336	 0.0000011	-0.0043724	 0.0000011	 0.0079400	 0.0008234	 0.0026446	 0.0008208	-0.0028885	 0.0008225	-0.0109859	 0.0008216	 0.0053228	 0.0008227	 0.0004642	 0.0008215	 0.0004700	60171
 554.6	-0.0056209	 0.0000011	 0.0109043	 0.0000011	 0.0097276	 0.0000011	-0.0049638	 0.0000011	 0.0103523	 0.0008217	-0.0037929	 0.0008206	-0.0021314	 0.0008220	-0.0046988	 0.0008204	 0.0032916	 0.0008205	 0.0004142	 0.0008219	 0.0004588	58547
 566.4	-0.0092286	 0.0000011	 0.0087748	 0.0000011	 0.0033492	 0.0000011	-0.0052682	 0.0000011	 0.0130284	 0.0008199	-0.0073106	 0.0008206	-0.0045509	 0.0008198	 0.0006507	 0.0008208	 0.0031429	 0.0008198	-0.0006907	 0.0008208	 0.0004506	56962
 578.2	-0.0127283	 0.0000011	 0.0058070	 0.0000011	-0.0032533	 0.0000011	-0.0058128	 0.0000011	 0.0130021	 0.0008189	-0.0060353	 0.0008198	-0.0080944	 0.0008189	 0.0010756	 0.0008198	-0.0004603	 0.0008193	-0.0014560	 0.0008195	 0.0004443	55328
 590.0	-0.0158392	 0.0000011	 0.0026974	 0.0000011	-0.0073771	 0.0000011	-0.0063015	 0.0000011	 0.0122621	 0.0008192	-0.0005414	 0.0008178	-0.0057806	 0.0008187	-0.0009377	 0.0008184	-0.0041480	 0.0008176	-0.0036686	 0.0008195	 0.0004379	53793
 601.8	-0.0180714	 0.0000011	-0.0003424	 0.0000011	-0.0079672	 0.0000011	-0.0062489	 0.0000011	 0.0092982	 0.0008179	 0.0043162	 0.0008176	-0.0010981	 0.0008174	-0.0018912	 0.0008181	-0.0012160	 0.0008170	-0.0037843	 0.0008185	 0.0004310	52296
