4608	# No of dislocations in the cell
800000	# Np of point-pairs
  3200	# Square
 2	 0	 0	# diffraction vector, g:
 1	-1	-2	# line vector, l:
0.202470	0.202470	0.000000	# Burgers vector, b in [nm] 
0.266310	# C_factor/ nu = 0.345000
0.404940	# lattice parameter, [nm]
L	cos_AL	err_Cos	sin_AL	err_Sin	Cos_2AL	err_Cos_2AL	Sin_2AL	err_Sin_2AL	Cos_3AL	err_Cos_3AL	Sin_3AL	err_Sin_3AL	Cos_4AL	err_Cos_4AL	Sin_4AL	err_Sin_4AL	Cos_5AL	err_Cos_5AL	Sin_5AL	err_Sin_5AL	<eps^2>	bad_points
  11.8	 0.9667049	 0.0000005	-0.0113267	 0.0000008	 0.8900189	 0.0000007	-0.0214579	 0.0000010	 0.7879959	 0.0004097	-0.0292921	 0.0006563	 0.6752345	 0.0005393	-0.0341175	 0.0007540	 0.5613353	 0.0006496	-0.0351440	 0.0008125	 0.0395511	168249
  23.6	 0.8877821	 0.0000007	-0.0219505	 0.0000010	 0.6713430	 0.0000010	-0.0345059	 0.0000012	 0.4502390	 0.0007368	-0.0327168	 0.0008429	 0.2773342	 0.0008326	-0.0182052	 0.0008714	 0.1624838	 0.0008654	-0.0012311	 0.0008853	 0.0195385	164757
  35.4	 0.7820927	 0.0000009	-0.0306501	 0.0000011	 0.4473508	 0.0000012	-0.0338775	 0.0000013	 0.2095301	 0.0008537	-0.0097767	 0.0008765	 0.0949584	 0.0008709	 0.0083321	 0.0008906	 0.0456835	 0.0008828	 0.0039825	 0.0008851	 0.0126775	161382
  47.2	 0.6647664	 0.0000010	-0.0359934	 0.0000012	 0.2709023	 0.0000013	-0.0199503	 0.0000013	 0.0926298	 0.0008688	 0.0085624	 0.0008885	 0.0358997	 0.0008837	-0.0008387	 0.0008803	 0.0038201	 0.0008827	-0.0067295	 0.0008823	 0.0092159	158071
  59.0	 0.5471730	 0.0000011	-0.0375819	 0.0000012	 0.1546841	 0.0000013	-0.0022229	 0.0000013	 0.0449661	 0.0008773	 0.0026786	 0.0008817	 0.0033995	 0.0008814	-0.0077443	 0.0008793	-0.0172117	 0.0008791	 0.0089625	 0.0008813	 0.0074039	154892
  70.8	 0.4370535	 0.0000012	-0.0351902	 0.0000013	 0.0881722	 0.0000013	 0.0078172	 0.0000013	 0.0180000	 0.0008808	-0.0087985	 0.0008753	-0.0179869	 0.0008775	 0.0051162	 0.0008787	-0.0059111	 0.0008765	 0.0116024	 0.0008798	 0.0062330	151712
  82.6	 0.3400156	 0.0000012	-0.0294349	 0.0000013	 0.0535199	 0.0000013	 0.0065961	 0.0000013	-0.0058156	 0.0008768	-0.0083245	 0.0008753	-0.0170850	 0.0008724	 0.0136935	 0.0008794	 0.0059851	 0.0008765	-0.0017605	 0.0008758	 0.0053228	148614
  94.4	 0.2585420	 0.0000013	-0.0211371	 0.0000013	 0.0330511	 0.0000013	-0.0028393	 0.0000013	-0.0214961	 0.0008733	 0.0033943	 0.0008747	-0.0037234	 0.0008727	 0.0054626	 0.0008756	 0.0028395	 0.0008742	-0.0015161	 0.0008741	 0.0045879	145694
 106.2	 0.1928947	 0.0000013	-0.0118445	 0.0000013	 0.0162248	 0.0000013	-0.0117253	 0.0000013	-0.0228851	 0.0008688	 0.0115613	 0.0008749	 0.0035988	 0.0008725	-0.0029939	 0.0008718	-0.0014949	 0.0008719	 0.0054394	 0.0008724	 0.0040350	142684
 118.0	 0.1421268	 0.0000013	-0.0031898	 0.0000013	 0.0021297	 0.0000013	-0.0147690	 0.0000013	-0.0135348	 0.0008662	 0.0101863	 0.0008741	 0.0013703	 0.0008734	-0.0008106	 0.0008671	-0.0035869	 0.0008688	-0.0002155	 0.0008717	 0.0035631	139812
 129.8	 0.1046743	 0.0000013	 0.0030509	 0.0000013	-0.0103313	 0.0000013	-0.0118507	 0.0000013	-0.0012596	 0.0008651	 0.0040019	 0.0008716	-0.0045455	 0.0008684	 0.0021255	 0.0008683	-0.0040857	 0.0008686	-0.0039106	 0.0008681	 0.0032085	136913
 141.6	 0.0783031	 0.0000013	 0.0064291	 0.0000013	-0.0197379	 0.0000013	-0.0054681	 0.0000013	 0.0050211	 0.0008657	-0.0015669	 0.0008673	-0.0073031	 0.0008655	 0.0011902	 0.0008674	-0.0061027	 0.0008694	 0.0029109	 0.0008636	 0.0028842	134048
 153.4	 0.0597375	 0.0000012	 0.0066203	 0.0000013	-0.0221544	 0.0000013	 0.0024747	 0.0000013	 0.0008696	 0.0008680	-0.0029514	 0.0008613	-0.0059906	 0.0008666	-0.0026979	 0.0008627	-0.0062201	 0.0008648	 0.0041215	 0.0008644	 0.0026398	131222
 165.2	 0.0464412	 0.0000012	 0.0044709	 0.0000013	-0.0155418	 0.0000013	 0.0071144	 0.0000013	-0.0063285	 0.0008659	-0.0003224	 0.0008600	-0.0022892	 0.0008658	-0.0038375	 0.0008601	-0.0002351	 0.0008655	-0.0013787	 0.0008604	 0.0024306	128625
 177.0	 0.0358197	 0.0000012	 0.0005742	 0.0000012	-0.0034229	 0.0000012	 0.0073250	 0.0000012	-0.0099049	 0.0008607	 0.0048879	 0.0008619	-0.0017333	 0.0008646	 0.0001836	 0.0008581	 0.0059159	 0.0008642	-0.0028877	 0.0008585	 0.0022377	126053
 188.8	 0.0264472	 0.0000012	-0.0041399	 0.0000012	 0.0095236	 0.0000012	 0.0046876	 0.0000012	-0.0100854	 0.0008582	 0.0046939	 0.0008610	-0.0046433	 0.0008585	 0.0034299	 0.0008608	 0.0106435	 0.0008611	 0.0018776	 0.0008582	 0.0020528	123467
 200.6	 0.0171106	 0.0000012	-0.0088392	 0.0000012	 0.0181609	 0.0000012	 0.0003349	 0.0000012	-0.0094611	 0.0008563	-0.0007080	 0.0008597	-0.0034304	 0.0008599	 0.0009418	 0.0008562	 0.0068982	 0.0008588	 0.0037938	 0.0008573	 0.0018764	120870
 212.4	 0.0082283	 0.0000012	-0.0127263	 0.0000012	 0.0211965	 0.0000012	-0.0042061	 0.0000012	-0.0069237	 0.0008553	-0.0059512	 0.0008575	 0.0012152	 0.0008563	-0.0017874	 0.0008565	-0.0022292	 0.0008572	 0.0037277	 0.0008556	 0.0017154	118292
 224.2	 0.0003238	 0.0000012	-0.0151004	 0.0000012	 0.0186359	 0.0000012	-0.0074419	 0.0000012	-0.0047093	 0.0008566	-0.0069633	 0.0008530	 0.0052996	 0.0008572	 0.0001501	 0.0008525	-0.0046292	 0.0008553	 0.0048749	 0.0008543	 0.0015737	115761
 236.0	-0.0064248	 0.0000012	-0.0161632	 0.0000012	 0.0102950	 0.0000012	-0.0088270	 0.0000012	-0.0043155	 0.0008559	-0.0030490	 0.0008506	 0.0084063	 0.0008535	 0.0037454	 0.0008530	-0.0034267	 0.0008529	 0.0026871	 0.0008536	 0.0014570	113222
 247.8	-0.0117957	 0.0000012	-0.0165986	 0.0000012	-0.0006548	 0.0000012	-0.0085134	 0.0000012	-0.0078904	 0.0008502	 0.0002507	 0.0008532	 0.0097190	 0.0008515	 0.0019293	 0.0008519	-0.0052456	 0.0008493	-0.0007047	 0.0008541	 0.0013566	110804
 259.6	-0.0163765	 0.0000012	-0.0163187	 0.0000012	-0.0118334	 0.0000012	-0.0075514	 0.0000012	-0.0136438	 0.0008487	-0.0008547	 0.0008516	 0.0079468	 0.0008509	-0.0003786	 0.0008494	-0.0043807	 0.0008523	-0.0004311	 0.0008481	 0.0012657	108312
 271.4	-0.0196913	 0.0000012	-0.0162032	 0.0000012	-0.0205210	 0.0000012	-0.0064274	 0.0000012	-0.0191213	 0.0008532	-0.0017703	 0.0008440	 0.0048762	 0.0008497	-0.0002126	 0.0008477	 0.0012648	 0.0008497	-0.0017096	 0.0008477	 0.0011966	105892
 283.2	-0.0211875	 0.0000012	-0.0161170	 0.0000012	-0.0246997	 0.0000012	-0.0059484	 0.0000012	-0.0189673	 0.0008507	-0.0013831	 0.0008436	 0.0062183	 0.0008471	 0.0020585	 0.0008474	 0.0064287	 0.0008462	-0.0057957	 0.0008484	 0.0011336	103567
 295.0	-0.0208778	 0.0000012	-0.0162157	 0.0000012	-0.0243139	 0.0000012	-0.0054480	 0.0000012	-0.0115109	 0.0008460	-0.0000145	 0.0008458	 0.0067947	 0.0008479	 0.0007649	 0.0008439	 0.0036186	 0.0008475	-0.0018202	 0.0008443	 0.0010779	101248
 306.8	-0.0194356	 0.0000012	-0.0165867	 0.0000012	-0.0190929	 0.0000012	-0.0053457	 0.0000012	-0.0007227	 0.0008428	 0.0021382	 0.0008463	 0.0019346	 0.0008460	-0.0006645	 0.0008431	-0.0002204	 0.0008457	 0.0014727	 0.0008434	 0.0010264	99031
 318.6	-0.0179188	 0.0000012	-0.0170476	 0.0000012	-0.0122134	 0.0000012	-0.0063355	 0.0000012	 0.0077801	 0.0008419	 0.0043620	 0.0008445	-0.0004823	 0.0008447	-0.0019245	 0.0008418	-0.0027401	 0.0008424	 0.0029339	 0.0008440	 0.0009824	96804
 330.4	-0.0160209	 0.0000012	-0.0169881	 0.0000012	-0.0074498	 0.0000012	-0.0069358	 0.0000012	 0.0116129	 0.0008412	 0.0064796	 0.0008425	-0.0005466	 0.0008420	-0.0040785	 0.0008418	-0.0039690	 0.0008392	 0.0055522	 0.0008446	 0.0009398	94617
 342.2	-0.0149624	 0.0000012	-0.0165809	 0.0000012	-0.0057346	 0.0000012	-0.0065454	 0.0000012	 0.0118708	 0.0008409	 0.0075385	 0.0008401	-0.0009752	 0.0008405	-0.0054743	 0.0008407	-0.0054078	 0.0008390	 0.0045523	 0.0008421	 0.0008968	92414
 354.0	-0.0145993	 0.0000012	-0.0161724	 0.0000012	-0.0056912	 0.0000012	-0.0048610	 0.0000012	 0.0111268	 0.0008396	 0.0076362	 0.0008390	-0.0018380	 0.0008387	-0.0058631	 0.0008401	-0.0069512	 0.0008410	-0.0007209	 0.0008377	 0.0008602	90336
 365.8	-0.0154352	 0.0000012	-0.0161027	 0.0000012	-0.0052518	 0.0000012	-0.0039354	 0.0000012	 0.0108981	 0.0008388	 0.0090017	 0.0008374	-0.0030206	 0.0008393	-0.0036696	 0.0008370	-0.0043076	 0.0008397	-0.0011738	 0.0008367	 0.0008303	88296
 377.6	-0.0179905	 0.0000012	-0.0158770	 0.0000012	-0.0046201	 0.0000012	-0.0038229	 0.0000012	 0.0112310	 0.0008380	 0.0101115	 0.0008357	-0.0017432	 0.0008362	 0.0012895	 0.0008377	 0.0014994	 0.0008356	 0.0006060	 0.0008382	 0.0008040	86160
 389.4	-0.0217322	 0.0000012	-0.0150578	 0.0000012	-0.0038478	 0.0000012	-0.0038261	 0.0000012	 0.0099409	 0.0008377	 0.0057971	 0.0008336	 0.0019753	 0.0008351	 0.0022688	 0.0008363	 0.0029003	 0.0008362	 0.0004648	 0.0008352	 0.0007829	84101
 401.2	-0.0263576	 0.0000012	-0.0139602	 0.0000012	-0.0030213	 0.0000012	-0.0027058	 0.0000012	 0.0049080	 0.0008358	 0.0005900	 0.0008333	 0.0006807	 0.0008353	-0.0012754	 0.0008338	 0.0022356	 0.0008352	 0.0025363	 0.0008339	 0.0007600	82085
 413.0	-0.0316023	 0.0000012	-0.0128887	 0.0000012	-0.0033295	 0.0000012	-0.0004614	 0.0000012	-0.0032538	 0.0008332	-0.0017084	 0.0008336	-0.0030785	 0.0008343	-0.0021068	 0.0008325	 0.0044088	 0.0008349	 0.0047206	 0.0008319	 0.0007374	80126
 424.8	-0.0359824	 0.0000012	-0.0118302	 0.0000012	-0.0041929	 0.0000012	 0.0033090	 0.0000012	-0.0109693	 0.0008312	-0.0021770	 0.0008333	-0.0028340	 0.0008332	 0.0000579	 0.0008314	 0.0077773	 0.0008335	 0.0042027	 0.0008311	 0.0007173	78190
 436.6	-0.0394875	 0.0000012	-0.0104284	 0.0000012	-0.0054210	 0.0000012	 0.0069020	 0.0000012	-0.0138645	 0.0008299	-0.0024971	 0.0008323	 0.0011516	 0.0008323	 0.0022791	 0.0008301	 0.0067197	 0.0008311	-0.0003417	 0.0008312	 0.0006984	76289
 448.4	-0.0421024	 0.0000012	-0.0086612	 0.0000012	-0.0057989	 0.0000012	 0.0083838	 0.0000012	-0.0133032	 0.0008310	-0.0035542	 0.0008291	 0.0041921	 0.0008313	 0.0028318	 0.0008290	 0.0015090	 0.0008303	-0.0016297	 0.0008300	 0.0006825	74424
 460.2	-0.0436957	 0.0000012	-0.0065263	 0.0000012	-0.0048467	 0.0000012	 0.0086239	 0.0000012	-0.0108658	 0.0008312	-0.0022799	 0.0008268	 0.0033537	 0.0008294	 0.0039402	 0.0008287	-0.0019186	 0.0008313	-0.0024309	 0.0008268	 0.0006676	72586
 472.0	-0.0442791	 0.0000012	-0.0039908	 0.0000012	-0.0035023	 0.0000012	 0.0089211	 0.0000012	-0.0068273	 0.0008300	-0.0001533	 0.0008260	 0.0025406	 0.0008278	 0.0046463	 0.0008282	-0.0010178	 0.0008294	-0.0017817	 0.0008266	 0.0006541	70705
 483.8	-0.0443574	 0.0000011	-0.0007536	 0.0000012	-0.0021127	 0.0000012	 0.0079821	 0.0000011	-0.0041331	 0.0008287	 0.0010539	 0.0008252	 0.0010914	 0.0008270	 0.0054475	 0.0008269	-0.0028613	 0.0008269	-0.0004809	 0.0008271	 0.0006417	68867
 495.6	-0.0433709	 0.0000011	 0.0027151	 0.0000011	-0.0014522	 0.0000011	 0.0052792	 0.0000011	-0.0020228	 0.0008268	 0.0016207	 0.0008251	 0.0004716	 0.0008268	 0.0064152	 0.0008251	-0.0100975	 0.0008266	-0.0009681	 0.0008252	 0.0006296	67101
 507.4	-0.0416340	 0.0000011	 0.0058816	 0.0000011	-0.0004523	 0.0000011	 0.0011702	 0.0000011	 0.0002014	 0.0008246	 0.0018993	 0.0008253	 0.0014988	 0.0008252	 0.0063059	 0.0008247	-0.0093654	 0.0008259	-0.0008604	 0.0008239	 0.0006205	65306
 519.2	-0.0390879	 0.0000011	 0.0084237	 0.0000011	 0.0013700	 0.0000011	-0.0030419	 0.0000011	 0.0006575	 0.0008230	 0.0023690	 0.0008250	 0.0018131	 0.0008250	 0.0065285	 0.0008230	-0.0041229	 0.0008256	-0.0006704	 0.0008224	 0.0006108	63586
 531.0	-0.0363692	 0.0000011	 0.0100258	 0.0000011	 0.0027376	 0.0000011	-0.0071554	 0.0000011	-0.0015619	 0.0008217	 0.0019345	 0.0008243	 0.0008675	 0.0008232	 0.0041475	 0.0008228	-0.0022532	 0.0008236	-0.0029197	 0.0008224	 0.0006008	61858
 542.8	-0.0332933	 0.0000011	 0.0111389	 0.0000011	 0.0021313	 0.0000011	-0.0097860	 0.0000011	-0.0040265	 0.0008209	 0.0000461	 0.0008233	-0.0007633	 0.0008223	 0.0006329	 0.0008219	 0.0007221	 0.0008227	-0.0055000	 0.0008214	 0.0005898	60171
 554.6	-0.0304524	 0.0000011	 0.0120527	 0.0000011	 0.0009368	 0.0000011	-0.0095965	 0.0000011	-0.0057847	 0.0008202	-0.0017077	 0.0008222	-0.0022650	 0.0008213	-0.0001230	 0.0008211	 0.0004090	 0.0008208	-0.0054966	 0.0008215	 0.0005762	58547
 566.4	-0.0280487	 0.0000011	 0.0127408	 0.0000011	 0.0001292	 0.0000011	-0.0076248	 0.0000011	-0.0073180	 0.0008196	-0.0027943	 0.0008210	-0.0041559	 0.0008192	-0.0001359	 0.0008214	-0.0030507	 0.0008212	-0.0056606	 0.0008194	 0.0005634	56962
 578.2	-0.0256366	 0.0000011	 0.0137945	 0.0000011	 0.0007693	 0.0000011	-0.0051084	 0.0000011	-0.0086235	 0.0008206	-0.0016310	 0.0008182	-0.0068130	 0.0008186	 0.0010508	 0.0008202	-0.0009923	 0.0008193	-0.0044058	 0.0008195	 0.0005529	55328
 590.0	-0.0234097	 0.0000011	 0.0151842	 0.0000011	 0.0033016	 0.0000011	-0.0026070	 0.0000011	-0.0093378	 0.0008199	 0.0022421	 0.0008172	-0.0075636	 0.0008185	-0.0000565	 0.0008186	-0.0001644	 0.0008190	-0.0003433	 0.0008181	 0.0005418	53793
 601.8	-0.0213891	 0.0000011	 0.0161449	 0.0000011	 0.0057700	 0.0000011	-0.0006807	 0.0000011	-0.0100999	 0.0008169	 0.0057784	 0.0008184	-0.0054400	 0.0008185	-0.0001233	 0.0008170	 0.0006639	 0.0008181	 0.0000608	 0.0008174	 0.0005300	52296
