2.302585092994045901e+00 -5.148575357489298433e-03 2.297436517636556541e+00
3.404558729364860259e+00 -4.552137084018182539e-02 3.359037358524678218e+00
3.916055268956084578e+00 -1.193262960883557655e-01 3.796728972867728924e+00
4.252814903193875118e+00 -2.194827693876709174e-01 4.033332133806204034e+00
4.504288961134310654e+00 -3.393956716933318463e-01 4.164893289440978918e+00
4.705061225841382644e+00 -4.729368956561373905e-01 4.232124330185245142e+00
4.872185621631313523e+00 -6.144428503404413267e-01 4.257742771290872419e+00
5.015338023623161945e+00 -7.587138178088256302e-01 4.256624205814336648e+00
5.140540591758036015e+00 -9.010137304403191827e-01 4.239526861317717277e+00
5.251797350913143703e+00 -1.037070085520927831e+00 4.214727265392215649e+00
5.351906004416021823e+00 -1.163125829724986904e+00 4.188780174691034475e+00
5.442898595359144664e+00 -1.277366696678488678e+00 4.165531898680655765e+00
5.526297686662860364e+00 -1.380619706197794505e+00 4.145677980465065637e+00
5.603273619942638284e+00 -1.474390369720389948e+00 4.128883250222248336e+00
5.674745421801655532e+00 -1.560172329470010721e+00 4.114573092331644588e+00
5.741447977542676107e+00 -1.639226259323923074e+00 4.102221718218753033e+00
5.803978160361048744e+00 -1.712547219272505750e+00 4.091430941088542994e+00
5.862827363187590457e+00 -1.780925037188630267e+00 4.081902325998960634e+00
5.918404976238476500e+00 -1.844996953472706203e+00 4.073408022765770298e+00
5.971055675476774738e+00 -1.905284825212745670e+00 4.065770850264028624e+00
6.021072382177013793e+00 -1.962221533411026675e+00 4.058850848765986896e+00
6.068706132501806572e+00 -2.016169801102508430e+00 4.052536331399298142e+00
6.114173701100421354e+00 -2.067437070871095184e+00 4.046736630229325726e+00
6.157663565451414911e+00 -2.116285847677330079e+00 4.041377717774084388e+00
6.199340626291403034e+00 -2.162942283653511488e+00 4.036398342637891545e+00
6.239349983018683155e+00 -2.207602020641389107e+00 4.031747962377293604e+00
6.277819982389925890e+00 -2.250436874492951489e+00 4.027383107896974401e+00
6.314864702161842480e+00 -2.291596344787067085e+00 4.023268357374774951e+00
6.350585990873483411e+00 -2.331213849492859147e+00 4.019372141380624264e+00
6.385075155681597892e+00 -2.369406898564599295e+00 4.015668257116998596e+00
6.418414368695311012e+00 -2.406280299126482447e+00 4.012134069568828565e+00
6.450677846335366894e+00 -2.441927996463277850e+00 4.008749849872089044e+00
6.481932844306048658e+00 -2.476434415553268042e+00 4.005498428752780171e+00
6.512240501727140973e+00 -2.509875666127631799e+00 4.002364835599509618e+00
6.541656561061527597e+00 -2.542320632730326935e+00 3.999335928331200662e+00
6.570231985143252018e+00 -2.573832051110810593e+00 3.996399934032441426e+00
6.598013488465624299e+00 -2.604467337490975698e+00 3.993546150974648601e+00
6.625043996640559207e+00 -2.634278170287267518e+00 3.990765826353291690e+00
6.651363045376276872e+00 -2.663311140353020523e+00 3.988051905023256349e+00
6.677007128282707704e+00 -2.691611653257266035e+00 3.985395475025441669e+00
6.702010001183967169e+00 -2.719219708800684199e+00 3.982790292383282971e+00
6.726402949305491319e+00 -2.746170612386968468e+00 3.980232336918522851e+00
6.750215022641677720e+00 -2.772502009643378784e+00 3.977713012998298936e+00
6.773473243945718814e+00 -2.798241512300722711e+00 3.975231731644996103e+00
6.796202793076389526e+00 -2.823423007721409750e+00 3.972779785354979776e+00
6.818427170855359876e+00 -2.848069252632311255e+00 3.970357918223048621e+00
6.840168345108486037e+00 -2.872210931862420491e+00 3.967957413246065546e+00
6.861446881166254563e+00 -2.895865858305378904e+00 3.965581022860875660e+00
6.882282058766591604e+00 -2.919062459422987033e+00 3.963219599343604571e+00
6.902691977025590120e+00 -2.941815805476765799e+00 3.960876171548824320e+00
6.922693648908414765e+00 -2.964149311548073040e+00 3.958544337360341725e+00
6.942303086436026227e+00 -2.986081027461184867e+00 3.956222058974841360e+00
6.961535377696963955e+00 -3.007623390530662633e+00 3.953911987166301323e+00
6.980404756592158755e+00 -3.028799582548181490e+00 3.951605174043977264e+00
6.998924666120430516e+00 -3.049620556446723363e+00 3.949304109673707153e+00
7.017107815909501056e+00 -3.070098228673537655e+00 3.947009587235963401e+00
7.034966234609215441e+00 -3.090252885596185717e+00 3.944713349013029724e+00
7.052511317687930159e+00 -3.110093474785592171e+00 3.942417842902337988e+00
7.069753871107696597e+00 -3.129627773777647448e+00 3.940126097330049149e+00
7.086704151297452015e+00 -3.148874519809906403e+00 3.937829631487545612e+00
7.103371901794481857e+00 -3.167843713293053032e+00 3.935528188501428826e+00
7.119766386881941855e+00 -3.186539908574595792e+00 3.933226478307346063e+00
7.135896422513196669e+00 -3.204974329440841263e+00 3.930922093072355405e+00
7.151770404781431445e+00 -3.223161912848798494e+00 3.928608491932632951e+00
7.167396336164696180e+00 -3.241109225796362736e+00 3.926287110368333444e+00
7.182781849751781245e+00 -3.258819483103964743e+00 3.923962366647816502e+00
7.197934231632505231e+00 -3.276301253848374451e+00 3.921632977784130780e+00
7.212860441616832041e+00 -3.293568518905336084e+00 3.919291922711495957e+00
7.227567132430298358e+00 -3.310627691973705211e+00 3.916939440456593147e+00
7.242060667518259720e+00 -3.327482099994335751e+00 3.914578567523923969e+00
7.256347137578227802e+00 -3.344133918719136123e+00 3.912213218859091679e+00
7.270432375927801338e+00 -3.360594196749287388e+00 3.909838179178513951e+00
7.284321972805227752e+00 -3.376872998089567535e+00 3.907448974715660217e+00
7.298021288690351938e+00 -3.392975033180745115e+00 3.905046255509606823e+00
7.311535466725382015e+00 -3.408902864496245577e+00 3.902632602229136438e+00
7.324869444307499755e+00 -3.424657724126957348e+00 3.900211720180542407e+00
7.338027963918709595e+00 -3.440245199119984498e+00 3.897782764798725097e+00
7.351015583252361374e+00 -3.455676544434671094e+00 3.895339038817690280e+00
7.363836684690464374e+00 -3.470957159715345242e+00 3.892879524975119132e+00
7.376495484181100792e+00 -3.486090097230872153e+00 3.890405386950228639e+00
7.388996039560939089e+00 -3.501077107633903118e+00 3.887918931927035970e+00
7.401342258363958315e+00 -3.515919018495020865e+00 3.885423239868937451e+00
7.413537905153973817e+00 -3.530618115796503531e+00 3.882919789357470286e+00
7.425586608415404299e+00 -3.545184461386136299e+00 3.880402147029268001e+00
7.437491867033825699e+00 -3.559624024097178818e+00 3.877867842936646881e+00
7.449257056395285126e+00 -3.573940053655102034e+00 3.875317002740183092e+00
7.460885434130961613e+00 -3.588134538807746576e+00 3.872750895323215037e+00
7.472380145531643869e+00 -3.602208616078108605e+00 3.870171529453535264e+00
7.483744228654541253e+00 -3.616162790194735077e+00 3.867581438459806176e+00
7.494980619143163381e+00 -3.629997352495279994e+00 3.864983266647883386e+00
7.506092154779408609e+00 -3.643718751918828325e+00 3.862373402860580285e+00
7.517081579785513057e+00 -3.657334280137294780e+00 3.859747299648218277e+00
7.527951548892177769e+00 -3.670847514170568537e+00 3.857104034721609231e+00
7.538704631187959748e+00 -3.684260672083481403e+00 3.854443959104478346e+00
7.549343313763892560e+00 -3.697575169766571079e+00 3.851768143997321481e+00
7.559870005166267504e+00 -3.710791867362632779e+00 3.849078137803634725e+00
7.570287038669568425e+00 -3.723911200872337179e+00 3.846375837797231245e+00
7.580596675380684601e+00 -3.736933253503893937e+00 3.843663421876790665e+00
7.590801107184731222e+00 -3.749858211814360853e+00 3.840942895370370369e+00
7.600902459542082212e+00 -3.762692102232978897e+00 3.838210357309103316e+00
