2.091329812230613872e+00 -3.090828109679406022e-01 1.782247001262673214e+00
3.216927506332598607e+00 -3.150500411211748508e-01 2.901877465211423868e+00
3.735120709663720895e+00 -3.150705078421410232e-01 3.420050201821579705e+00
4.070645315354219029e+00 -3.149987868928100787e-01 3.755646528461408895e+00
4.324800965185615631e+00 -3.149660739105182850e-01 4.009834891275096957e+00
4.527317634144047531e+00 -3.149427593618154275e-01 4.212374874782232048e+00
4.695667215004602824e+00 -3.149262976395569846e-01 4.380740917365045561e+00
4.839727237281188366e+00 -3.149143995386808892e-01 4.524812837742507199e+00
4.963786051902202345e+00 -3.149042160499426202e-01 4.648881835852259670e+00
5.075785495045177953e+00 -3.148978373168396794e-01 4.760887657728337885e+00
5.176498551182547203e+00 -3.148928278567346140e-01 4.861605723325812534e+00
5.267992603029776788e+00 -3.148888160433825356e-01 4.953103786986393864e+00
5.351814498040073254e+00 -3.148855767220714030e-01 5.036928921318001962e+00
5.427980939904170299e+00 -3.148825308534169976e-01 5.113098409050753190e+00
5.499843490904102516e+00 -3.148803701946627509e-01 5.184963120709439544e+00
5.566887267682783857e+00 -3.148785457160761525e-01 5.252008721966707760e+00
5.629717946969993392e+00 -3.148769881774548529e-01 5.314840958792538927e+00
5.688833924287378885e+00 -3.148756540730710540e-01 5.373958270214307831e+00
5.743792043472684128e+00 -3.148743423201047498e-01 5.428917701152579767e+00
5.796699873803414782e+00 -3.148733529472984571e-01 5.481826520856116325e+00
5.846949007536498932e+00 -3.148724853416730585e-01 5.532076522194826040e+00
5.894793856729775960e+00 -3.148717152182091694e-01 5.579922141511566736e+00
5.940454035145148914e+00 -3.148710363314338734e-01 5.625582998813714930e+00
5.983443444583455673e+00 -3.148703495093993499e-01 5.668573095074056489e+00
6.025309715224810958e+00 -3.148698130082973057e-01 5.710439902216513985e+00
6.065493641232937883e+00 -3.148693296660745045e-01 5.750624311566863156e+00
6.104125198974730715e+00 -3.148688881574561726e-01 5.789256310817274098e+00
6.141319882875740710e+00 -3.148684961971611740e-01 5.826451386678579425e+00
6.176621721863597259e+00 -3.148680807040719065e-01 5.861753641159525685e+00
6.211259678994781375e+00 -3.148677643177672514e-01 5.896391914677014512e+00
6.244738022108192510e+00 -3.148674681517584784e-01 5.929870553956433810e+00
6.277131899877460341e+00 -3.148671949089073552e-01 5.962264704968553097e+00
6.308509362226379480e+00 -3.148669428797923331e-01 5.993642419346587147e+00
6.338456196457417313e+00 -3.148666819727810595e-01 6.023589514484636531e+00
6.367994410587521692e+00 -3.148664698175957510e-01 6.053127940769925885e+00
6.396685188663994381e+00 -3.148662731125480563e-01 6.081818915551446381e+00
6.424575792301017607e+00 -3.148660903246986997e-01 6.109709701976319352e+00
6.451709638864378427e+00 -3.148659167813815940e-01 6.136843722082996777e+00
6.477712176355072238e+00 -3.148657418145539566e-01 6.162846434540518281e+00
6.503459669597836168e+00 -3.148655945200696249e-01 6.188594075077766377e+00
6.528560907855203155e+00 -3.148654579151637378e-01 6.213695449940039417e+00
6.553047517245119025e+00 -3.148653243714314431e-01 6.238182192873687804e+00
6.576948914420459147e+00 -3.148652084304873200e-01 6.262083705989971882e+00
6.599925251661058923e+00 -3.148650805520154528e-01 6.285060171109043026e+00
6.622744355071396249e+00 -3.148649749923729257e-01 6.307879380079023157e+00
6.645054386777010436e+00 -3.148648751877284324e-01 6.330189511589281892e+00
6.666735629490156967e+00 -3.148647783049597915e-01 6.351870851185196898e+00
6.688095763616868972e+00 -3.148646895309556992e-01 6.373231074085913050e+00
6.708679738649896862e+00 -3.148645954908880218e-01 6.393815143159009118e+00
6.729171311302806657e+00 -3.148645163555581217e-01 6.414306794947248314e+00
6.749251431636547949e+00 -3.148644397420984897e-01 6.434386991894449181e+00
6.768936307582229972e+00 -3.148643704723180781e-01 6.454071937109912227e+00
6.787936823895289962e+00 -3.148642947556634097e-01 6.473072529139626496e+00
6.806881687824305693e+00 -3.148642313836812479e-01 6.492017456440624557e+00
6.825474337872109665e+00 -3.148641710029398966e-01 6.510610166869169824e+00
6.843727631934607203e+00 -3.148641133794862212e-01 6.528863518555120926e+00
6.861653731096026831e+00 -3.148640562372531648e-01 6.546789674858773722e+00
6.878986141222680928e+00 -3.148639927366996827e-01 6.564122148485981079e+00
6.896296534013558244e+00 -3.148639471656883848e-01 6.581432586847870247e+00
6.913312281330901143e+00 -3.148638812327821945e-01 6.598448400098119393e+00
6.930043517027389299e+00 -3.148638566896633795e-01 6.615179660337726197e+00
6.946499364223160278e+00 -3.148638132736887307e-01 6.631635550949471991e+00
6.962432495558775081e+00 -3.148637648034556258e-01 6.647568730755319066e+00
6.978368464119228065e+00 -3.148637258714788723e-01 6.663504738247748804e+00
6.994054035480139042e+00 -3.148636888183191096e-01 6.679190346661820321e+00
7.009497370290001861e+00 -3.148636474431945609e-01 6.694633722846806911e+00
7.024705853791376242e+00 -3.148636155311277385e-01 6.709842238260248948e+00
7.039449577469802932e+00 -3.148635768094490417e-01 6.724586000660353946e+00
7.054212535733277001e+00 -3.148635477034809060e-01 6.739348988029796317e+00
7.068760752292318372e+00 -3.148635165669492753e-01 6.753897235725369264e+00
7.083100345773492457e+00 -3.148634859270668107e-01 6.768236859846425979e+00
7.097237249864648767e+00 -3.148634577048819438e-01 6.782373792159766879e+00
7.110956453775593822e+00 -3.148634270253289347e-01 6.796093026750265054e+00
7.124707598568278399e+00 -3.148633960081484995e-01 6.809844202560129567e+00
7.138272246418950751e+00 -3.148633750903506168e-01 6.823408871328600078e+00
7.151655294960004738e+00 -3.148633502835095910e-01 6.836791944676495092e+00
7.164861761452064215e+00 -3.148633269670703672e-01 6.849998434484994014e+00
7.177689570402428387e+00 -3.148633013145709647e-01 6.862826269087857867e+00
7.190558720134741399e+00 -3.148632790272244963e-01 6.875695441107517070e+00
7.203264368335184464e+00 -3.148632569355629962e-01 6.888401111399621080e+00
7.215810624519090943e+00 -3.148632371100497651e-01 6.900947387409041234e+00
7.228201428355928826e+00 -3.148632173196649897e-01 6.913338211036263559e+00
7.240246616471129215e+00 -3.148631956133749465e-01 6.925383420857754047e+00
7.252340085809850123e+00 -3.148631771886320485e-01 6.937476908621218463e+00
7.264289056231701736e+00 -3.148631590954931170e-01 6.949425897136208619e+00
7.276096944904051789e+00 -3.148631396637495694e-01 6.961233805240301997e+00
7.287767049897736271e+00 -3.148631246160446540e-01 6.972903925281691784e+00
7.299119621276175529e+00 -3.148631066435868542e-01 6.984256514632588342e+00
7.310525592106526638e+00 -3.148630845721696048e-01 6.995662507534357033e+00
7.321802955025340509e+00 -3.148630751244178572e-01 7.006939879900922818e+00
7.332954563415086113e+00 -3.148630604824319557e-01 7.018091502932653825e+00
7.343983189548495716e+00 -3.148630455168439091e-01 7.029120144031652195e+00
7.355123836173957486e+00 -3.148630286852482363e-01 7.040260807488709638e+00
7.365911990054541114e+00 -3.148630147872886753e-01 7.051048975267252494e+00
7.376585006782180542e+00 -3.148629985558974997e-01 7.061722008226283265e+00
7.387145326183619076e+00 -3.148629893144058722e-01 7.072282336869212926e+00
7.397595289741584423e+00 -3.148629756573675942e-01 7.082732314084216441e+00
7.407772828887348560e+00 -3.148629622867234468e-01 7.092909866600624724e+00
7.418010519069805575e+00 -3.148629517883760331e-01 7.103147567281429708e+00
7.428144461872081550e+00 -3.148629396394097557e-01 7.113281522232671961e+00
