2.302585092994045901e+00 3.728432723845774826e-03 2.306313525717891721e+00
3.404558729364860259e+00 3.798885671692690813e-02 3.442547586081787347e+00
3.916055268956084578e+00 1.230328742790787744e-01 4.039088143235163741e+00
4.252814903193875118e+00 3.168458391640318617e-01 4.569660742357907424e+00
4.504288961134310654e+00 8.958170427881210207e-01 5.400106003922431341e+00
4.705061225841382644e+00 1.171774358114533499e+01 1.642280480698671852e+01
4.872185621631313523e+00 -1.972144064910698935e+00 2.900041556720614366e+00
5.015338023623161945e+00 -1.138294076113233411e+00 3.877043947509928756e+00
5.140540591758036015e+00 -8.875979614968589892e-01 4.252942630261177470e+00
5.251797350913143703e+00 -7.689016572372165959e-01 4.482895693675927440e+00
5.351906004416021823e+00 -7.006930631603565107e-01 4.651212941255665534e+00
5.442898595359144664e+00 -6.569567994356333429e-01 4.785941795923511322e+00
5.526297686662860364e+00 -6.268456899038108432e-01 4.899451996759049521e+00
5.603273619942638284e+00 -6.050492845885544480e-01 4.998224335354083614e+00
5.674745421801655532e+00 -5.886703700878066492e-01 5.086075051713848438e+00
5.741447977542676107e+00 -5.759994560557445409e-01 5.165448521486931455e+00
5.803978160361048744e+00 -5.659660165266853227e-01 5.238012143834363421e+00
5.862827363187590457e+00 -5.578675339367826780e-01 5.304959829250807779e+00
5.918404976238476500e+00 -5.512252131251106357e-01 5.367179763113365532e+00
5.971055675476774738e+00 -5.457023749207706720e-01 5.425353300556004399e+00
6.021072382177013793e+00 -5.410559692627957551e-01 5.480016412914218371e+00
6.068706132501806572e+00 -5.371065583598765292e-01 5.531599574141930376e+00
6.114173701100421354e+00 -5.337190760787916544e-01 5.580454625021629589e+00
6.157663565451414911e+00 -5.307901208112041358e-01 5.626873444640210664e+00
6.199340626291403034e+00 -5.282393427110648743e-01 5.671101283580338048e+00
6.239349983018683155e+00 -5.260034717428868634e-01 5.713346511275796402e+00
6.277819982389925890e+00 -5.240320926811034008e-01 5.753787889708822156e+00
6.314864702161842480e+00 -5.222846019727651612e-01 5.792580100189077541e+00
6.350585990873483411e+00 -5.207279803309758925e-01 5.829858010542507074e+00
6.385075155681597892e+00 -5.193351385766765693e-01 5.865740017104921655e+00
6.418414368695311012e+00 -5.180836729209371549e-01 5.900330695774373524e+00
6.450677846335366894e+00 -5.169549170402271132e-01 5.933722929295139892e+00
6.481932844306048658e+00 -5.159332122049561375e-01 5.965999632101092409e+00
6.512240501727140973e+00 -5.150053396004946604e-01 5.997235162126646202e+00
6.541656561061527597e+00 -5.141600746674734879e-01 6.027496486394054109e+00
6.570231985143252018e+00 -5.133878342055160360e-01 6.056844150937735982e+00
6.598013488465624299e+00 -5.126803946867769524e-01 6.085333093778847235e+00
6.625043996640559207e+00 -5.120306657287851948e-01 6.113013330911774013e+00
6.651363045376276872e+00 -5.114325066535477804e-01 6.139930538722729203e+00
6.677007128282707704e+00 -5.108805769673491204e-01 6.166126551315358917e+00
6.702010001183967169e+00 -5.103702137442389652e-01 6.191639787439727982e+00
6.726402949305491319e+00 -5.098973304919187655e-01 6.216505618813572553e+00
6.750215022641677720e+00 -5.094583332838402701e-01 6.240756689357837672e+00
6.773473243945718814e+00 -5.090500508578096328e-01 6.264423193087909070e+00
6.796202793076389526e+00 -5.086696760675019080e-01 6.287533117008887729e+00
6.818427170855359876e+00 -5.083147166263267680e-01 6.310112454229033219e+00
6.840168345108486037e+00 -5.079829528190312748e-01 6.332185392289455095e+00
6.861446881166254563e+00 -5.076724048750754781e-01 6.353774476291179418e+00
6.882282058766591604e+00 -5.073812987857023726e-01 6.374900759980889120e+00
6.902691977025590120e+00 -5.071080433610818394e-01 6.395583933664508614e+00
6.922693648908414765e+00 -5.068512074523485733e-01 6.415842441456065970e+00
6.942303086436026227e+00 -5.066095009525900528e-01 6.435693585483436507e+00
6.961535377696963955e+00 -5.063817583853562621e-01 6.455153619311607471e+00
6.980404756592158755e+00 -5.061669246844120451e-01 6.474237831907746710e+00
6.998924666120430516e+00 -5.059640428400066225e-01 6.492960623280423782e+00
7.017107815909501056e+00 -5.057722431300222254e-01 6.511335572779478831e+00
7.034966234609215441e+00 -5.055907337105929322e-01 6.529375500898622064e+00
7.052511317687930159e+00 -5.054187923743418409e-01 6.547092525313588318e+00
7.069753871107696597e+00 -5.052557593090822863e-01 6.564498111798614310e+00
7.086704151297452015e+00 -5.051010307222507656e-01 6.581603120575200805e+00
7.103371901794481857e+00 -5.049540532166375550e-01 6.598417848577843969e+00
7.119766386881941855e+00 -5.048143188140600257e-01 6.614952068067881719e+00
7.135896422513196669e+00 -5.046813605438739136e-01 6.631215061969323088e+00
7.151770404781431445e+00 -5.045547485254793241e-01 6.647215656255951899e+00
7.167396336164696180e+00 -5.044340864820364700e-01 6.662962249682659710e+00
7.182781849751781245e+00 -5.043190086304024655e-01 6.678462841121378446e+00
7.197934231632505231e+00 -5.042091769022741810e-01 6.693725054730230717e+00
7.212860441616832041e+00 -5.041042784574426561e-01 6.708756163159389274e+00
7.227567132430298358e+00 -5.040040234546576681e-01 6.723563108975640468e+00
7.242060667518259720e+00 -5.039081430484702029e-01 6.738152524469789739e+00
7.256347137578227802e+00 -5.038163875872134767e-01 6.752530749991014325e+00
7.270432375927801338e+00 -5.037285249888162619e-01 6.766703850938984743e+00
7.284321972805227752e+00 -5.036443392759537563e-01 6.780677633529274217e+00
7.298021288690351938e+00 -5.035636292516636470e-01 6.794457659438688069e+00
7.311535466725382015e+00 -5.034862073001807881e-01 6.808049259425200894e+00
7.324869444307499755e+00 -5.034118983000449576e-01 6.821457546007454908e+00
7.338027963918709595e+00 -5.033405386373015489e-01 6.834687425281408046e+00
7.351015583252361374e+00 -5.032719753087792069e-01 6.847743607943582056e+00
7.363836684690464374e+00 -5.032060651064438339e-01 6.860630619584020096e+00
7.376495484181100792e+00 -5.031426738734857684e-01 6.873352810307615357e+00
7.388996039560939089e+00 -5.030816758256780874e-01 6.885914363735261112e+00
7.401342258363958315e+00 -5.030229529314688142e-01 6.898319305432489834e+00
7.413537905153973817e+00 -5.029663943449597108e-01 6.910571510809013773e+00
7.425586608415404299e+00 -5.029118958866168887e-01 6.922674712528787744e+00
7.437491867033825699e+00 -5.028593595679184958e-01 6.934632507465907203e+00
7.449257056395285126e+00 -5.028086931546583704e-01 6.946448363240627089e+00
7.460885434130961613e+00 -5.027598097658148024e-01 6.958125624365147033e+00
7.472380145531643869e+00 -5.027126275047349990e-01 6.969667518026908759e+00
7.483744228654541253e+00 -5.026670691196630791e-01 6.981077159534878618e+00
7.494980619143163381e+00 -5.026230616909627136e-01 6.992357557452201000e+00
7.506092154779408609e+00 -5.025805363424824534e-01 7.003511618436926156e+00
7.517081579785513057e+00 -5.025394279754850091e-01 7.014542151810028159e+00
7.527951548892177769e+00 -5.024996750227599396e-01 7.025451873869418051e+00
7.538704631187959748e+00 -5.024612192210325956e-01 7.036243411966927042e+00
7.549343313763892560e+00 -5.024240054003659139e-01 7.046919308363526646e+00
7.559870005166267504e+00 -5.023879812890843510e-01 7.057482023877183153e+00
7.570287038669568425e+00 -5.023530973329094484e-01 7.067933941336659309e+00
7.580596675380684601e+00 -5.023193065271441826e-01 7.078277368853540530e+00
7.590801107184731222e+00 -5.022865642608186354e-01 7.088514542923912920e+00
7.600902459542082212e+00 -5.022548281717206242e-01 7.098647631370361921e+00
