2.091329812230613872e+00 -3.767731507545469052e-03 2.087562080723068370e+00
3.216927506332598607e+00 -3.163790691315770259e-02 3.185289599419440787e+00
3.735120709663720895e+00 -8.093298050422471912e-02 3.654187729159496190e+00
4.070645315354219029e+00 -1.455409046676291451e-01 3.925104410686589773e+00
4.324800965185615631e+00 -2.199617664388578420e-01 4.104839198746757845e+00
4.527317634144047531e+00 -2.992851475163075814e-01 4.228032486627739672e+00
4.695667215004602824e+00 -3.793869398606273813e-01 4.316280275143975054e+00
4.839727237281188366e+00 -4.575741403296375021e-01 4.382153096951550530e+00
4.963786051902202345e+00 -5.325604366596085049e-01 4.431225615242594174e+00
5.075785495045177953e+00 -6.038963423635036465e-01 4.471889152681674418e+00
5.176498551182547203e+00 -6.715301549314409701e-01 4.504968396251106455e+00
5.267992603029776788e+00 -7.356006334301141703e-01 4.532391969599662396e+00
5.351814498040073254e+00 -7.963251205778850705e-01 4.555489377462188294e+00
5.427980939904170299e+00 -8.539441762833235305e-01 4.574036763620846990e+00
5.499843490904102516e+00 -9.087039922034511052e-01 4.591139498700651522e+00
5.566887267682783857e+00 -9.608321726893187531e-01 4.606055094993465104e+00
5.629717946969993392e+00 -1.010541109501611690e+00 4.619176837468382146e+00
5.688833924287378885e+00 -1.058024502162746572e+00 4.630809422124632313e+00
5.743792043472684128e+00 -1.103456187271856015e+00 4.640335856200827891e+00
5.796699873803414782e+00 -1.146997390714762588e+00 4.649702483088652194e+00
5.846949007536498932e+00 -1.188789034372842002e+00 4.658159973163656709e+00
5.894793856729775960e+00 -1.228959477792554766e+00 4.665834378937221416e+00
5.940454035145148914e+00 -1.267624498547604173e+00 4.672829536597545186e+00
5.983443444583455673e+00 -1.304887420950409327e+00 4.678556023633046124e+00
6.025309715224810958e+00 -1.340845296375179574e+00 4.684464418849631606e+00
6.065493641232937883e+00 -1.375582631216558882e+00 4.689911010016379223e+00
6.104125198974730715e+00 -1.409177339122241079e+00 4.694947859852489636e+00
6.141319882875740710e+00 -1.441700391088770239e+00 4.699619491786970471e+00
6.176621721863597259e+00 -1.473215468445259635e+00 4.703406253418338068e+00
6.211259678994781375e+00 -1.503783965175053305e+00 4.707475713819728291e+00
6.244738022108192510e+00 -1.533458998357377423e+00 4.711279023750814865e+00
6.277131899877460341e+00 -1.562290458771145918e+00 4.714841441106313980e+00
6.308509362226379480e+00 -1.590324221736705512e+00 4.718185140489674190e+00
6.338456196457417313e+00 -1.617601725037266513e+00 4.720854471420151022e+00
6.367994410587521692e+00 -1.644163826034483078e+00 4.723830584553038392e+00
6.396685188663994381e+00 -1.670045807321855147e+00 4.726639381342138790e+00
6.424575792301017607e+00 -1.695281216909986011e+00 4.729294575391032041e+00
6.451709638864378427e+00 -1.719901207360546636e+00 4.731808431503831791e+00
6.477712176355072238e+00 -1.743934019426924387e+00 4.733778156928147851e+00
6.503459669597836168e+00 -1.767408201255371569e+00 4.736051468342465043e+00
6.528560907855203155e+00 -1.790348187159324755e+00 4.738212720695878843e+00
6.553047517245119025e+00 -1.812777521556498517e+00 4.740269995688620952e+00
6.576948914420459147e+00 -1.834718292069750012e+00 4.742230622350708913e+00
6.599925251661058923e+00 -1.856190443059660078e+00 4.743734808601399067e+00
6.622744355071396249e+00 -1.877214772901145912e+00 4.745529582170250116e+00
6.645054386777010436e+00 -1.897808799053783080e+00 4.747245587723227800e+00
6.666735629490156967e+00 -1.917989645547144351e+00 4.748745983943012838e+00
6.688095763616868972e+00 -1.937773504747961395e+00 4.750322258868907355e+00
6.708679738649896862e+00 -1.957174951409456298e+00 4.751504787240440564e+00
6.729171311302806657e+00 -1.976209620072495010e+00 4.752961691230311203e+00
6.749251431636547949e+00 -1.994890448426170693e+00 4.754360983210377256e+00
6.768936307582229972e+00 -2.013230293937053439e+00 4.755706013645176533e+00
6.787936823895289962e+00 -2.031240730456131072e+00 4.756696093439158446e+00
6.806881687824305693e+00 -2.048934457384077312e+00 4.757947230440228381e+00
6.825474337872109665e+00 -2.066321817201337119e+00 4.759152520670772546e+00
6.843727631934607203e+00 -2.083413193409508590e+00 4.760314438525098168e+00
6.861653731096026831e+00 -2.100218447057918159e+00 4.761435284038109117e+00
6.878986141222680928e+00 -2.116746412906979291e+00 4.762239728315702081e+00
6.896296534013558244e+00 -2.133007163852705723e+00 4.763289370160852521e+00
6.913312281330901143e+00 -2.149008510004716488e+00 4.764303771326185100e+00
6.930043517027389299e+00 -2.164758831076927237e+00 4.765284685950462062e+00
6.946499364223160278e+00 -2.180265619523754417e+00 4.766233744699405861e+00
6.962432495558775081e+00 -2.195535843995114700e+00 4.766896651563660825e+00
6.978368464119228065e+00 -2.210577562988727429e+00 4.767790901130500636e+00
6.994054035480139042e+00 -2.225397017678224731e+00 4.768657017801913867e+00
7.009497370290001861e+00 -2.240000652242334134e+00 4.769496718047667727e+00
7.024705853791376242e+00 -2.254394662215845280e+00 4.770311191575530962e+00
7.039449577469802932e+00 -2.268584490746716753e+00 4.770865086723086179e+00
7.054212535733277001e+00 -2.282576737951859336e+00 4.771635797781417665e+00
7.068760752292318372e+00 -2.296376370750640383e+00 4.772384381541677989e+00
7.083100345773492457e+00 -2.309988597008139521e+00 4.773111748765352935e+00
7.097237249864648767e+00 -2.323418456763766571e+00 4.773818793100882196e+00
7.110956453775593822e+00 -2.336670307933244928e+00 4.774286145842348894e+00
7.124707598568278399e+00 -2.349749624946833926e+00 4.774957973621444474e+00
7.138272246418950751e+00 -2.362660451352808444e+00 4.775611795066142307e+00
7.151655294960004738e+00 -2.375407039236520301e+00 4.776248255723483993e+00
7.164861761452064215e+00 -2.387993538511584912e+00 4.776868222940478859e+00
7.177689570402428387e+00 -2.400423469049898451e+00 4.777266101352529937e+00
7.190558720134741399e+00 -2.412701475897254699e+00 4.777857244237486256e+00
7.203264368335184464e+00 -2.424830831766346950e+00 4.778433536568837070e+00
7.215810624519090943e+00 -2.436815092905443514e+00 4.778995531613647429e+00
7.228201428355928826e+00 -2.448657675602420092e+00 4.779543752753508734e+00
7.240246616471129215e+00 -2.460361507036969098e+00 4.779885109434159673e+00
7.252340085809850123e+00 -2.471930540987916647e+00 4.780409544821933920e+00
7.264289056231701736e+00 -2.483367475987784179e+00 4.780921580243918001e+00
7.276096944904051789e+00 -2.494675283550499056e+00 4.781421661353553176e+00
7.287767049897736271e+00 -2.505856856068113370e+00 4.781910193829622457e+00
7.299119621276175529e+00 -2.516914603151940710e+00 4.782205018124234819e+00
7.310525592106526638e+00 -2.527851937905631896e+00 4.782673654200895186e+00
7.321802955025340509e+00 -2.538671121817327681e+00 4.783131833208012829e+00
7.332954563415086113e+00 -2.549374662136782543e+00 4.783579901278303126e+00
7.343983189548495716e+00 -2.559964999669145147e+00 4.784018189879351013e+00
7.355123836173957486e+00 -2.570444175472494042e+00 4.784679660701463888e+00
7.365911990054541114e+00 -2.580815142735986889e+00 4.785096847318554225e+00
7.376585006782180542e+00 -2.591079788104561743e+00 4.785505218677618799e+00
7.387145326183619076e+00 -2.601240277169076354e+00 4.785905049014543167e+00
7.397595289741584423e+00 -2.611298687827078080e+00 4.786296601914505899e+00
7.407772828887348560e+00 -2.621256727593150426e+00 4.786516101294198577e+00
7.418010519069805575e+00 -2.631117020386721350e+00 4.786893498683084225e+00
7.428144461872081550e+00 -2.640881141436020485e+00 4.787263320436061065e+00
