1.496168880979668270e+00 -2.817615871553094120e-01 1.214407293824358858e+00
2.597325259718012092e+00 -3.043401573333878174e-01 2.292985102384624163e+00
3.119935911378128868e+00 -3.054098565285204847e-01 2.814526054849608272e+00
3.462383179856421300e+00 -3.055001339819644057e-01 3.156883045874456784e+00
3.712573736428579796e+00 -3.054506428640390014e-01 3.407123093564540905e+00
3.916394733460931477e+00 -3.054287576564607143e-01 3.610965975804470762e+00
4.082378730914081544e+00 -3.053947825434724650e-01 3.776983948370609134e+00
4.227568924583703591e+00 -3.053777089832025449e-01 3.922191215600501213e+00
4.351794621845497701e+00 -3.053578495791005043e-01 4.046436772266397419e+00
4.464570019754297903e+00 -3.053467466720095613e-01 4.159223273082288230e+00
4.565922697204612746e+00 -3.053372943887792124e-01 4.260585402815833866e+00
4.656033588443558635e+00 -3.053270514942805769e-01 4.350706536949277670e+00
4.740454733443439927e+00 -3.053207063506222507e-01 4.435134027092817455e+00
4.816667917547635014e+00 -3.053138135458532409e-01 4.511354104001782162e+00
4.889006449971169843e+00 -3.053093579566114046e-01 4.583697092014558550e+00
4.955037009987549368e+00 -3.053044914082593264e-01 4.649732518579289930e+00
5.018319295083218279e+00 -3.053012424971412453e-01 4.713018052586076756e+00
5.077837927555904685e+00 -3.052983737184638557e-01 4.772539553837440884e+00
5.132809711114967754e+00 -3.052952291079161773e-01 4.827514482007051910e+00
5.186058896537360852e+00 -3.052930480528951995e-01 4.880765848484466041e+00
5.235528833048647357e+00 -3.052906426554874431e-01 4.930238190393160025e+00
5.283703692036321620e+00 -3.052889435772972448e-01 4.978414748459024430e+00
5.328673028819921775e+00 -3.052870598943584479e-01 5.023385968925563105e+00
5.372656644867579878e+00 -3.052857089341083352e-01 5.067370935933471543e+00
5.414788491988273833e+00 -3.052844795729693916e-01 5.109504012415304608e+00
5.454339440266698702e+00 -3.052831114086048125e-01 5.149056328858093501e+00
5.493230298131040357e+00 -3.052821103161623695e-01 5.187948187814877876e+00
5.529851177744847135e+00 -3.052809917420996610e-01 5.224570186002747363e+00
5.565964099369120177e+00 -3.052801649351135627e-01 5.260683934434006837e+00
5.600059139081969839e+00 -3.052792378880805346e-01 5.294779901193889415e+00
5.633764548937890915e+00 -3.052785465554453959e-01 5.328486002382445186e+00
5.666371685501546906e+00 -3.052779054367096290e-01 5.361093780064837055e+00
5.697258576243946493e+00 -3.052771847170954733e-01 5.391981391526851297e+00
5.727890186534776440e+00 -3.052766405137596339e-01 5.422613546021016973e+00
5.756960712787631884e+00 -3.052760271196597874e-01 5.451684685667972374e+00
5.785842513910216312e+00 -3.052755609405150006e-01 5.480566952969700978e+00
5.813298451644212328e+00 -3.052750342527166261e-01 5.508023417391495258e+00
5.840619564654934592e+00 -3.052746316379271740e-01 5.535344933017007030e+00
5.867214560177322902e+00 -3.052742534968658772e-01 5.561940306680456914e+00
5.892551291046371986e+00 -3.052738255249558552e-01 5.587277465521416353e+00
5.917817282702699799e+00 -3.052734955610083012e-01 5.612543787141691887e+00
5.941918746312759403e+00 -3.052731214172604290e-01 5.636645624895498585e+00
5.965982243859824230e+00 -3.052728316495318395e-01 5.660709412210292335e+00
5.988963293906032881e+00 -3.052725025352767130e-01 5.683690791370755946e+00
6.011933563146666160e+00 -3.052722465867923063e-01 5.706661316559873853e+00
6.034388375522852677e+00 -3.052720040110135091e-01 5.729116371511839390e+00
6.055865806538380802e+00 -3.052717281659275694e-01 5.750594078372452955e+00
6.077365778040690891e+00 -3.052715122934865910e-01 5.772094265747204744e+00
6.097948964533300042e+00 -3.052712664768393869e-01 5.792677698056460933e+00
6.118571990419794382e+00 -3.052710734642467560e-01 5.813300916955547848e+00
6.138778559605203355e+00 -3.052708896237708025e-01 5.833507669981432997e+00
6.158147241138600236e+00 -3.052706800818127952e-01 5.852876561056786997e+00
6.177577300116848136e+00 -3.052705146987491069e-01 5.872306785418098585e+00
6.196215737688236302e+00 -3.052703259817913795e-01 5.890945411706445256e+00
6.214926759792527733e+00 -3.052701766249665272e-01 5.909656583167561372e+00
6.232888017808099868e+00 -3.052700060191849141e-01 5.927618011788914565e+00
6.250931323108960491e+00 -3.052698706498645498e-01 5.945661452459096274e+00
6.268655032829023810e+00 -3.052697409837982212e-01 5.963385291845225922e+00
6.285684488052222463e+00 -3.052695927692876121e-01 5.980414895282934573e+00
6.302807959515492442e+00 -3.052694746859480057e-01 5.997538484829544103e+00
6.319270329229727423e+00 -3.052693395918045782e-01 6.014000989637922956e+00
6.335832887258248114e+00 -3.052692317288094315e-01 6.030563655529438627e+00
6.351764723151059222e+00 -3.052691082277264045e-01 6.046495614923332873e+00
6.367801950507569586e+00 -3.052690094193712400e-01 6.062532941088198513e+00
6.383586197146923880e+00 -3.052689143506133740e-01 6.078317282796310117e+00
6.398780578196733515e+00 -3.052688054454962274e-01 6.093511772751237565e+00
6.414086996051699074e+00 -3.052687180253541022e-01 6.108818278026345361e+00
6.428828299934571611e+00 -3.052686178123319993e-01 6.123559682122239778e+00
6.443684969519448913e+00 -3.052685372288276855e-01 6.138416432290621394e+00
6.457999434568378661e+00 -3.052684447925480549e-01 6.152730989775830217e+00
6.472432031713061917e+00 -3.052683703391435022e-01 6.167163661373918693e+00
6.486659414699945891e+00 -3.052682984434551550e-01 6.181391116256490292e+00
6.500375743928290539e+00 -3.052682159434956799e-01 6.195107527984794693e+00
6.514213748727784470e+00 -3.052681493099398402e-01 6.208945599417845074e+00
6.527559788024350773e+00 -3.052680728054961712e-01 6.222291715218855046e+00
6.541029160279881793e+00 -3.052680109244818585e-01 6.235761149355400157e+00
6.554024377191027817e+00 -3.052679398390846233e-01 6.248756437351943305e+00
6.567144247592406003e+00 -3.052678822620836785e-01 6.261876365330322436e+00
6.580094316148142219e+00 -3.052678264959381993e-01 6.274826489652204131e+00
6.592594661416775637e+00 -3.052677624182025817e-01 6.287326898998572666e+00
6.605221335357672530e+00 -3.052677103960829696e-01 6.299953624961589504e+00
6.617413397690340204e+00 -3.052676505925276951e-01 6.312145747097812176e+00
6.629732435516870304e+00 -3.052676019810706132e-01 6.324464833535799357e+00
6.641631054758405206e+00 -3.052675460741842706e-01 6.336363508684220491e+00
6.653657090528590778e+00 -3.052675005768503702e-01 6.348389589951739964e+00
6.665540302791628235e+00 -3.052674563992358592e-01 6.360272846392392765e+00
6.677022708003490514e+00 -3.052674055821223975e-01 6.371755302421368228e+00
6.688633054104418996e+00 -3.052673641439475061e-01 6.383365689960471379e+00
6.699854818002669354e+00 -3.052673164593170396e-01 6.394587501543352204e+00
6.711204548007904336e+00 -3.052672775350694923e-01 6.405937270472835010e+00
6.722177240710066393e+00 -3.052672327268720065e-01 6.416910007983194220e+00
6.733277797859451574e+00 -3.052671961138825329e-01 6.428010601745569375e+00
6.744256556056798857e+00 -3.052671604863673172e-01 6.438989395570431817e+00
6.754874325833823967e+00 -3.052671194678531763e-01 6.449607206365970846e+00
6.765619766575723837e+00 -3.052670858928445696e-01 6.460352680682879267e+00
6.776014289034121063e+00 -3.052670472248438793e-01 6.470747241809276851e+00
6.786536122789314618e+00 -3.052670155452253398e-01 6.481269107244089334e+00
6.796716592547331182e+00 -3.052669790486542967e-01 6.491449613498676996e+00
6.807023935928157243e+00 -3.052669491221292053e-01 6.501756986806028316e+00
6.817226182377638111e+00 -3.052669199469381089e-01 6.511959262430700335e+00
