1.496168880979668270e+00 -1.197870389338164324e-03 1.494971010590329996e+00
2.597325259718012092e+00 -1.060156603052395986e-02 2.586723693687488002e+00
3.119935911378128868e+00 -2.815152581198617290e-02 3.091784385566142657e+00
3.462383179856421300e+00 -5.263296401324902424e-02 3.409750215843172061e+00
3.712573736428579796e+00 -8.289230446737197444e-02 3.629681431961207849e+00
3.916394733460931477e+00 -1.178566577073158900e-01 3.798538075753615573e+00
4.082378730914081544e+00 -1.564920309299859813e-01 3.925886699984095785e+00
4.227568924583703591e+00 -1.978504950211574520e-01 4.029718429562546333e+00
4.351794621845497701e+00 -2.410306339452321367e-01 4.110763987900265981e+00
4.464570019754297903e+00 -2.852221481159604166e-01 4.179347871638337431e+00
4.565922697204612746e+00 -3.297057932934628899e-01 4.236216903911150133e+00
4.656033588443558635e+00 -3.739096877164634347e-01 4.282123900727095034e+00
4.740454733443439927e+00 -4.174452017398891934e-01 4.323009531703550401e+00
4.816667917547635014e+00 -4.600595039450026125e-01 4.356608413602632623e+00
4.889006449971169843e+00 -5.016159838555389605e-01 4.387390466115631327e+00
4.955037009987549368e+00 -5.420380057907158156e-01 4.412999004196833219e+00
5.018319295083218279e+00 -5.813039169976967901e-01 4.437015378085521711e+00
5.077837927555904685e+00 -6.194137339333771752e-01 4.458424193622527731e+00
5.132809711114967754e+00 -6.563859707753706418e-01 4.476423740339597224e+00
5.186058896537360852e+00 -6.922561909630190469e-01 4.493802705574341694e+00
5.235528833048647357e+00 -7.270585563988829492e-01 4.508470276649764408e+00
5.283703692036321620e+00 -7.608381855187533738e-01 4.522865506517568690e+00
5.328673028819921775e+00 -7.936344379481804490e-01 4.535038590871740993e+00
5.372656644867579878e+00 -8.254936967001692549e-01 4.547162948167410512e+00
5.414788491988273833e+00 -8.564565279343827608e-01 4.558331964053890850e+00
5.454339440266698702e+00 -8.865624690142014375e-01 4.567776971252497376e+00
5.493230298131040357e+00 -9.158539775478451439e-01 4.577376320583194769e+00
5.529851177744847135e+00 -9.443658020695642197e-01 4.585485375675283137e+00
5.565964099369120177e+00 -9.721365906014847180e-01 4.593827508767635237e+00
5.600059139081969839e+00 -9.991975715186970364e-01 4.600861567563272914e+00
5.633764548937890915e+00 -1.025583521083894833e+00 4.608181027853996525e+00
5.666371685501546906e+00 -1.051323446127373717e+00 4.615048239374173633e+00
5.697258576243946493e+00 -1.076444789049583850e+00 4.620813787194363087e+00
5.727890186534776440e+00 -1.100976989898914793e+00 4.626913196635861425e+00
5.756960712787631884e+00 -1.124943155307070342e+00 4.632017557480561543e+00
5.785842513910216312e+00 -1.148369602280339352e+00 4.637472911629877181e+00
5.813298451644212328e+00 -1.171276740604086042e+00 4.642021711040126064e+00
5.840619564654934592e+00 -1.193688123499982767e+00 4.646931441154952047e+00
5.867214560177322902e+00 -1.215622816054217736e+00 4.651591744123105165e+00
5.892551291046371986e+00 -1.237098858073375496e+00 4.655452432972996490e+00
5.917817282702699799e+00 -1.258136276903581985e+00 4.659681005799117592e+00
5.941918746312759403e+00 -1.278750094105898460e+00 4.663168652206860720e+00
5.965982243859824230e+00 -1.298958344759943762e+00 4.667023899099880246e+00
5.988963293906032881e+00 -1.318774358684879688e+00 4.670188935221153415e+00
6.011933563146666160e+00 -1.338214425789471473e+00 4.673719137357194242e+00
6.034388375522852677e+00 -1.357291284024616518e+00 4.677097091498236381e+00
6.055865806538380802e+00 -1.376017039655196283e+00 4.679848766883184297e+00
6.077365778040690891e+00 -1.394405759852628934e+00 4.682960018188062179e+00
6.097948964533300042e+00 -1.412467423495652241e+00 4.685481541037647801e+00
6.118571990419794382e+00 -1.430214835325265055e+00 4.688357155094529105e+00
6.138778559605203355e+00 -1.447657722317125195e+00 4.691120837288078604e+00
6.158147241138600236e+00 -1.464805361073516332e+00 4.693341880065084126e+00
6.177577300116848136e+00 -1.481668936845535356e+00 4.695908363271312780e+00
6.196215737688236302e+00 -1.498256020692988466e+00 4.697959716995248058e+00
6.214926759792527733e+00 -1.514576870162190003e+00 4.700349889630337508e+00
6.232888017808099868e+00 -1.530638289036102107e+00 4.702249728771997539e+00
6.250931323108960491e+00 -1.546449710646853104e+00 4.704481612462107165e+00
6.268655032829023810e+00 -1.562017975741241127e+00 4.706637057087782239e+00
6.285684488052222463e+00 -1.577349637926923620e+00 4.708334850125298843e+00
6.302807959515492442e+00 -1.592453060206283189e+00 4.710354899309209031e+00
6.319270329229727423e+00 -1.607333491276623505e+00 4.711936837953103918e+00
6.335832887258248114e+00 -1.621998673048222761e+00 4.713834214210025131e+00
6.351764723151059222e+00 -1.636453350628552794e+00 4.715311372522506872e+00
6.367801950507569586e+00 -1.650704708575695401e+00 4.717097241931874407e+00
6.383586197146923880e+00 -1.664757686772787348e+00 4.718828510374136087e+00
6.398780578196733515e+00 -1.678617036739658008e+00 4.720163541457075951e+00
6.414086996051699074e+00 -1.692289210572543778e+00 4.721797785479155074e+00
6.428828299934571611e+00 -1.705777917172324853e+00 4.723050382762246535e+00
6.443684969519448913e+00 -1.719089178390938555e+00 4.724595791128510136e+00
6.457999434568378661e+00 -1.732226362459035940e+00 4.725773072109342721e+00
6.472432031713061917e+00 -1.745195101576352936e+00 4.727236930136708537e+00
6.486659414699945891e+00 -1.757999043539173467e+00 4.728660371160772868e+00
6.500375743928290539e+00 -1.770641709340830872e+00 4.729734034587459668e+00
6.514213748727784470e+00 -1.783128213563598408e+00 4.731085535164186062e+00
6.527559788024350773e+00 -1.795461213774145914e+00 4.732098574250205303e+00
6.541029160279881793e+00 -1.807645517162520532e+00 4.733383643117361039e+00
6.554024377191027817e+00 -1.819683544517816109e+00 4.734340832673211708e+00
6.567144247592406003e+00 -1.831579822356412590e+00 4.735564425235993191e+00
6.580094316148142219e+00 -1.843337094729978753e+00 4.736757221418163688e+00
6.592594661416775637e+00 -1.854958018421499544e+00 4.737636642995275871e+00
6.605221335357672530e+00 -1.866446743541408937e+00 4.738774591816263815e+00
6.617413397690340204e+00 -1.877805190939815239e+00 4.739608206750524744e+00
6.629732435516870304e+00 -1.889037285018212886e+00 4.740695150498657640e+00
6.641631054758405206e+00 -1.900144778129762013e+00 4.741486276628643637e+00
6.653657090528590778e+00 -1.911131387095597267e+00 4.742525703432993289e+00
6.665540302791628235e+00 -1.921999207742677518e+00 4.743541095048950496e+00
6.677022708003490514e+00 -1.932750274730131501e+00 4.744272433273359013e+00
6.688633054104418996e+00 -1.943388024170457307e+00 4.745245029933961689e+00
6.699854818002669354e+00 -1.953913848888493066e+00 4.745940969114176511e+00
6.711204548007904336e+00 -1.964331015224022314e+00 4.746873532783881799e+00
6.722177240710066393e+00 -1.974640793627430835e+00 4.747536447082636002e+00
6.733277797859451574e+00 -1.984846293308477172e+00 4.748431504550974402e+00
6.744256556056798857e+00 -1.994949134816323744e+00 4.749307421240475335e+00
6.754874325833823967e+00 -2.004950895194995475e+00 4.749923430638828492e+00
6.765619766575723837e+00 -2.014854469610568355e+00 4.750765296965155926e+00
6.776014289034121063e+00 -2.024660865006060906e+00 4.751353424028060601e+00
6.786536122789314618e+00 -2.034372846106311972e+00 4.752163276683003090e+00
6.796716592547331182e+00 -2.043991329406380508e+00 4.752725263140950673e+00
6.807023935928157243e+00 -2.053518958225970525e+00 4.753504977702187162e+00
6.817226182377638111e+00 -2.062956997893510280e+00 4.754269184484128274e+00
