1.496168880979668270e+00 -4.947031793983863203e-04 1.495674177800269788e+00
2.597325259718012092e+00 -3.793655733598209033e-03 2.593531603984414069e+00
3.119935911378128868e+00 -9.507906602389258263e-03 3.110428004775739552e+00
3.462383179856421300e+00 -1.698294264889889729e-02 3.445400237207522309e+00
3.712573736428579796e+00 -2.574149925344603948e-02 3.686832237175133642e+00
3.916394733460931477e+00 -3.543045372799517173e-02 3.880964279732936451e+00
4.082378730914081544e+00 -4.577943584886230016e-02 4.036599295065219195e+00
4.227568924583703591e+00 -5.657836244461665609e-02 4.170990562139087032e+00
4.351794621845497701e+00 -6.765033734582234781e-02 4.284144284499675770e+00
4.464570019754297903e+00 -7.882800943648013425e-02 4.385742010317818185e+00
4.565922697204612746e+00 -8.993765580138000926e-02 4.475985041403232501e+00
4.656033588443558635e+00 -1.007912070908635604e-01 4.555242381352694991e+00
4.740454733443439927e+00 -1.112290035217323864e-01 4.629225729921707888e+00
4.816667917547635014e+00 -1.211520318422676518e-01 4.695515885705367154e+00
4.889006449971169843e+00 -1.305123818846221917e-01 4.758494068086547735e+00
4.955037009987549368e+00 -1.392971266580435297e-01 4.815739883329506199e+00
5.018319295083218279e+00 -1.475161803410741934e-01 4.870803114742144224e+00
5.077837927555904685e+00 -1.551924173265535611e-01 4.922645510229351373e+00
5.132809711114967754e+00 -1.623557190373011161e-01 4.970453992077666250e+00
5.186058896537360852e+00 -1.690392034808771149e-01 5.017019693056483653e+00
5.235528833048647357e+00 -1.752765208372001893e-01 5.060252312211447112e+00
5.283703692036321620e+00 -1.811008027017235178e-01 5.102602889334598046e+00
5.328673028819921775e+00 -1.865435417520546202e-01 5.142129487067867544e+00
5.372656644867579878e+00 -1.916344643887891996e-01 5.181022180478790595e+00
5.414788491988273833e+00 -1.964011135039988309e-01 5.218387378484274919e+00
5.454339440266698702e+00 -2.008689231804867970e-01 5.253470517086212155e+00
5.493230298131040357e+00 -2.050613340720260080e-01 5.288168964059014598e+00
5.529851177744847135e+00 -2.089997251829793234e-01 5.320851452561868200e+00
5.565964099369120177e+00 -2.127037254579067505e-01 5.353260373911213676e+00
5.600059139081969839e+00 -2.161911814583826474e-01 5.383867957623587053e+00
5.633764548937890915e+00 -2.194784539354923125e-01 5.414286095002398547e+00
5.666371685501546906e+00 -2.225804226422692655e-01 5.443791262859277502e+00
5.697258576243946493e+00 -2.255106741527486969e-01 5.471747902091197879e+00
5.727890186534776440e+00 -2.282816599260121260e-01 5.499608526608763981e+00
5.756960712787631884e+00 -2.309047064307353236e-01 5.526056006356896866e+00
5.785842513910216312e+00 -2.333902252986994053e-01 5.552452288611516629e+00
5.813298451644212328e+00 -2.357477022219655050e-01 5.577550749422246490e+00
5.840619564654934592e+00 -2.379858757639922440e-01 5.602633688890942487e+00
5.867214560177322902e+00 -2.401127315779883475e-01 5.627101828599334610e+00
5.892551291046371986e+00 -2.421356062339385662e-01 5.650415684812433170e+00
5.917817282702699799e+00 -2.440612732694746878e-01 5.673756009433224889e+00
5.941918746312759403e+00 -2.458959333494617483e-01 5.696022812963297710e+00
5.965982243859824230e+00 -2.476453344475819107e-01 5.718336909412242264e+00
5.988963293906032881e+00 -2.493147488504452447e-01 5.739648545055587192e+00
6.011933563146666160e+00 -2.509090764651000227e-01 5.761024486681566081e+00
6.034388375522852677e+00 -2.524328270264898366e-01 5.781955548496362951e+00
6.055865806538380802e+00 -2.538901764835211350e-01 5.801975630054859501e+00
6.077365778040690891e+00 -2.552850137821927601e-01 5.822080764258497965e+00
6.097948964533300042e+00 -2.566209228896931815e-01 5.841328041643606639e+00
6.118571990419794382e+00 -2.579012555546620900e-01 5.860670734865132125e+00
6.138778559605203355e+00 -2.591291112475860303e-01 5.879649448357617381e+00
6.158147241138600236e+00 -2.603073751968347227e-01 5.897839865941765680e+00
6.177577300116848136e+00 -2.614387500270405340e-01 5.916138550089807602e+00
6.196215737688236302e+00 -2.625257368586088047e-01 5.933690000829627387e+00
6.214926759792527733e+00 -2.635706885371926766e-01 5.951356071255334612e+00
6.232888017808099868e+00 -2.645757857832026216e-01 5.968312232024897135e+00
6.250931323108960491e+00 -2.655430846040132131e-01 5.985388238504947722e+00
6.268655032829023810e+00 -2.664744971143830909e-01 6.002180535714640719e+00
6.285684488052222463e+00 -2.673718149392913523e-01 6.018312673112931499e+00
6.302807959515492442e+00 -2.682367287708212755e-01 6.034571230744671055e+00
6.319270329229727423e+00 -2.690708109020495398e-01 6.050199518327677772e+00
6.335832887258248114e+00 -2.698755515570507302e-01 6.065957335701197550e+00
6.351764723151059222e+00 -2.706523382588617577e-01 6.081112384892197298e+00
6.367801950507569586e+00 -2.714024887334782199e-01 6.096399461774091755e+00
6.383586197146923880e+00 -2.721272341600991518e-01 6.111458962986824339e+00
6.398780578196733515e+00 -2.728277346077477850e-01 6.125952843588986063e+00
6.414086996051699074e+00 -2.735050920104440952e-01 6.140581904041255257e+00
6.428828299934571611e+00 -2.741603350615044454e-01 6.154667964873067554e+00
6.443684969519448913e+00 -2.747944453630235540e-01 6.168890524156425137e+00
6.457999434568378661e+00 -2.754083401190667857e-01 6.182591094449311875e+00
6.472432031713061917e+00 -2.760028961304245021e-01 6.196429135582637748e+00
6.486659414699945891e+00 -2.765789356321544101e-01 6.210080479067791259e+00
6.500375743928290539e+00 -2.771372370835792354e-01 6.223238506844711360e+00
6.514213748727784470e+00 -2.776785442963538575e-01 6.236535204431430834e+00
6.527559788024350773e+00 -2.782035536711651158e-01 6.249356234353185435e+00
6.541029160279881793e+00 -2.787129338200542983e-01 6.262316226459827107e+00
6.554024377191027817e+00 -2.792073111705553057e-01 6.274817066020472289e+00
6.567144247592406003e+00 -2.796872881504140484e-01 6.287456959441992232e+00
6.580094316148142219e+00 -2.801534313331255910e-01 6.299940884815016240e+00
6.592594661416775637e+00 -2.806062793385631915e-01 6.311988382078212112e+00
6.605221335357672530e+00 -2.810463495630556863e-01 6.324174985794616788e+00
6.617413397690340204e+00 -2.814741274655062631e-01 6.335939270224834274e+00
6.629732435516870304e+00 -2.818900817765071509e-01 6.347842353740363208e+00
6.641631054758405206e+00 -2.822946525106942994e-01 6.359336402247710573e+00
6.653657090528590778e+00 -2.826882651736057350e-01 6.370968825354984766e+00
6.665540302791628235e+00 -2.830713208392108271e-01 6.382468981952417408e+00
6.677022708003490514e+00 -2.834442021538040590e-01 6.393578505849686344e+00
6.688633054104418996e+00 -2.838072784874767218e-01 6.404825775616941996e+00
6.699854818002669354e+00 -2.841608969302014120e-01 6.415693921072468164e+00
6.711204548007904336e+00 -2.845053943847460909e-01 6.426699153623157912e+00
6.722177240710066393e+00 -2.848410875348804105e-01 6.437336153175185594e+00
6.733277797859451574e+00 -2.851682842150338182e-01 6.448109513644418200e+00
6.744256556056798857e+00 -2.854872750679500748e-01 6.458769280988848394e+00
6.754874325833823967e+00 -2.857983382462755961e-01 6.469075987587548759e+00
6.765619766575723837e+00 -2.861017434753694855e-01 6.479518023100354185e+00
6.776014289034121063e+00 -2.863977444494996694e-01 6.489616544584621671e+00
6.786536122789314618e+00 -2.866865886481534398e-01 6.499849534141160845e+00
6.796716592547331182e+00 -2.869685088841931742e-01 6.509748083663137841e+00
6.807023935928157243e+00 -2.872437325808245290e-01 6.519780203347332659e+00
6.817226182377638111e+00 -2.875124747151546201e-01 6.529713707662483380e+00
