3.164911474924000157e+00 3.101799262603847751e+00 3.032984985746711715e+00 2.960346103137534435e+00 2.885981883473584197e+00
3.381529423922901234e+00 3.331327452506364750e+00 3.276202279473396040e+00 3.216871639330586952e+00 3.154381235276457751e+00
3.559694960923352802e+00 3.518167438135269443e+00 3.472869977863385138e+00 3.423834872825954889e+00 3.371521685779524269e+00
3.711194978047497095e+00 3.675604271749495666e+00 3.637383825258752701e+00 3.596067572778490984e+00 3.551817341495129732e+00
3.843181924616820400e+00 3.811682006434561565e+00 3.778603798709742279e+00 3.743128351812939680e+00 3.705150237623300757e+00
3.960289586874760737e+00 3.931640965812904120e+00 3.902328783054363370e+00 3.871300670851007819e+00 3.838210357309103316e+00
4.065680973503508433e+00 4.038997542303532917e+00 4.012492886045016860e+00 3.984865027166947460e+00 3.955612479674790016e+00
4.161607753737674997e+00 4.136254261225627005e+00 4.111835189012996494e+00 4.086838901668795820e+00 4.060624421302770237e+00
4.249728637000652398e+00 4.225234179292364445e+00 4.202361227630285967e+00 4.179413684464195811e+00 4.155622237868274560e+00
4.331300562530197240e+00 4.307304903016946795e+00 4.285577753034999660e+00 4.264223590858756907e+00 4.242376285405534020e+00
4.407298828967398663e+00 4.383527547922842160e+00 4.362626132207077845e+00 4.342516023839037231e+00 4.322235346482717233e+00
4.478495534395685596e+00 4.454728568010957623e+00 4.434403752495784445e+00 4.415263151310902856e+00 4.396247440602526702e+00
4.545512509421715919e+00 4.521575953915236923e+00 4.501630219444754388e+00 4.483235866089401611e+00 4.465241347938822436e+00
4.608858068521674234e+00 4.584609357311400402e+00 4.564881340537164434e+00 4.547053876867073186e+00 4.529882822628405137e+00
4.668953165920273207e+00 4.644274301423683582e+00 4.624630939902215410e+00 4.607223811678133885e+00 4.590714121101810541e+00
4.726150419316610396e+00 4.700943672380075711e+00 4.681275768248250202e+00 4.664165075530920745e+00 4.648182478006297913e+00
4.780748214306152377e+00 4.754929268184589830e+00 4.735145605392212076e+00 4.718228692771010202e+00 4.702660877311337195e+00
4.833001341446029997e+00 4.806498951094148708e+00 4.786520238492014911e+00 4.769711354625842503e+00 4.754463524051319112e+00
4.883129141779164684e+00 4.855880569592287088e+00 4.835641074722797583e+00 4.818866090579371431e+00 4.803857526400914679e+00
4.931321830500269066e+00 4.903272198382344627e+00 4.882714532059818424e+00 4.865910556140010002e+00 4.851071818401443636e+00
4.977745467385410016e+00 4.948846176108939510e+00 4.927919505391370691e+00 4.911032894161155404e+00 4.896304099215044836e+00
