6.426833610609111958e+00 7.115672655480758557e+00
6.429307975718893786e+00 7.116520708434836529e+00
6.431980096118998347e+00 7.117456687770491008e+00
6.434818401272189625e+00 7.118471646331473224e+00
6.437796706016768233e+00 7.119557980276458586e+00
6.440892916318676775e+00 7.120709110872369685e+00
6.444088144978110222e+00 7.121919267636389606e+00
6.447366079885082257e+00 7.123183333744414369e+00
6.450712516642238548e+00 7.124496731851239772e+00
6.454115002927623301e+00 7.125855337305535109e+00
6.457562561560269643e+00 7.127255410606030850e+00
6.461045470652445388e+00 7.128693543776557284e+00
6.464555086207370849e+00 7.130166617063776080e+00
6.468083696949244121e+00 7.131671763455821100e+00
6.471624404082103155e+00 7.133206339236993543e+00
6.475171020633674779e+00 7.134767899277078662e+00
6.478717986403489171e+00 7.136354176087867707e+00
6.482260295495812841e+00 7.137963061915486129e+00
6.485793434112951950e+00 7.139592593307044766e+00
6.489313326795127068e+00 7.141240937714283810e+00
6.492816289673080554e+00 7.142906381791886972e+00
