3.164911474924000157e+00 3.152805631870589931e+00 3.140439068732662875e+00 3.127819782686667605e+00 3.114902374710142308e+00 3.101799262603847751e+00 3.088446735228746576e+00 3.074829687235661524e+00 3.061042468120273696e+00 3.047125784691012917e+00 3.032984985746711715e+00 3.018643940135429915e+00 3.004173922276724973e+00 2.989662232950347054e+00 2.975073083388565465e+00 2.960346103137534435e+00 2.945501508905194576e+00 2.930584838887979160e+00 2.915653602746198558e+00 2.900772916240583754e+00 2.885981883473584197e+00
3.381529423922901234e+00 3.371881179002730544e+00 3.362056280479203796e+00 3.352004726139801605e+00 3.341774164574030870e+00 3.331327452506364750e+00 3.320666122910911344e+00 3.309852271826950965e+00 3.298809947574487644e+00 3.287569238419656870e+00 3.276202279473396040e+00 3.264652010729703235e+00 3.252899446297721653e+00 3.240990676463316511e+00 3.228991212829900981e+00 3.216871639330586952e+00 3.204585476730951399e+00 3.192150578026857310e+00 3.179606737315265441e+00 3.167005037225846031e+00 3.154381235276457751e+00
3.559694960923352802e+00 3.551654902296465188e+00 3.543503303445352692e+00 3.535201963069875664e+00 3.526767382242002924e+00 3.518167438135269443e+00 3.509434529347530862e+00 3.500517334706952699e+00 3.491471278856169924e+00 3.482258376137764344e+00 3.472869977863385138e+00 3.463363513424635887e+00 3.453706013563965005e+00 3.443872001896387314e+00 3.433899637009160344e+00 3.423834872825954889e+00 3.413629097993404748e+00 3.403265165947767734e+00 3.392767425085921218e+00 3.382175246614376185e+00 3.371521685779524269e+00
3.711194978047497095e+00 3.704224952918320657e+00 3.697198564520826292e+00 3.690097369445031195e+00 3.682893949034619752e+00 3.675604271749495666e+00 3.668188038439550880e+00 3.660676825873878659e+00 3.653025511199973430e+00 3.645268537221971084e+00 3.637383825258752701e+00 3.629357409893446462e+00 3.621233523648266672e+00 3.612976528204753457e+00 3.604575231181633033e+00 3.596067572778490984e+00 3.587465019914109376e+00 3.578720766727633507e+00 3.569844121295613792e+00 3.560866441420585282e+00 3.551817341495129732e+00
3.843181924616820400e+00 3.836929461545144360e+00 3.830671557078249467e+00 3.824392316100146516e+00 3.818068598678450609e+00 3.811682006434561565e+00 3.805237785593447164e+00 3.798703398528559205e+00 3.792100353058781792e+00 3.785391645054258181e+00 3.778603798709742279e+00 3.771711378070825127e+00 3.764711564408343758e+00 3.757633391238738074e+00 3.750435696435396427e+00 3.743128351812939680e+00 3.735744299390587386e+00 3.728251295860578463e+00 3.720638319575826358e+00 3.712928883042215578e+00 3.705150237623300757e+00
3.960289586874760737e+00 3.954515138810339003e+00 3.948785178559474751e+00 3.943074921493954665e+00 3.937367320839793905e+00 3.931640965812904120e+00 3.925878325504547295e+00 3.920081482910854564e+00 3.914222199905555311e+00 3.908315058816417498e+00 3.902328783054363370e+00 3.896286484708461728e+00 3.890156002974627381e+00 3.883952737449484438e+00 3.877676122749365906e+00 3.871300670851007819e+00 3.864852463754565814e+00 3.858328178146246845e+00 3.851700722409711286e+00 3.844986671560679969e+00 3.838210357309103316e+00
4.065680973503508433e+00 4.060217133514552046e+00 4.054843614151280917e+00 4.049530623718972322e+00 4.044253902757112051e+00 4.038997542303532917e+00 4.033743082269813485e+00 4.028471121828326673e+00 4.023182627956723323e+00 4.017855637180547390e+00 4.012492886045016860e+00 4.007077277660229697e+00 4.001617581441601956e+00 3.996089157528350810e+00 3.990514042437144582e+00 3.984865027166947460e+00 3.979147452199522039e+00 3.973377147338685855e+00 3.967523430394590989e+00 3.961594515980242370e+00 3.955612479674790016e+00
4.161607753737674997e+00 4.156334121542586857e+00 4.151192087485879867e+00 4.146149003205298555e+00 4.141177518418350800e+00 4.136254261225627005e+00 4.131362474519029604e+00 4.126488989223659587e+00 4.121614584926591718e+00 4.116732606444391429e+00 4.111835189012996494e+00 4.106907611221175536e+00 4.101953548285862894e+00 4.096956722178493493e+00 4.091919444606822331e+00 4.086838901668795820e+00 4.081699084309198255e+00 4.076519660023320668e+00 4.071277904161151540e+00 4.065972988059140647e+00 4.060624421302770237e+00
4.249728637000652398e+00 4.244556282965900706e+00 4.239553731114729551e+00 4.234684928764309575e+00 4.229920010345399994e+00 4.225234179292364445e+00 4.220606014824207719e+00 4.216016668962328851e+00 4.211455535929227167e+00 4.206909150818029630e+00 4.202361227630285967e+00 4.197813398510920280e+00 4.193245702563324073e+00 4.188664520258168267e+00 4.184049778579833401e+00 4.179413684464195811e+00 4.174733230363832703e+00 4.170021686600906108e+00 4.165267472941292404e+00 4.160461921697243604e+00 4.155622237868274560e+00
4.331300562530197240e+00 4.326162192085853064e+00 4.321229926053240078e+00 4.316464155765628696e+00 4.311831592262507229e+00 4.307304903016946795e+00 4.302861754512608883e+00 4.298483207909595372e+00 4.294151825636335573e+00 4.289852082251811360e+00 4.285577753034999660e+00 4.281314296990803570e+00 4.277052426254352113e+00 4.272790101992342215e+00 4.268512364577160767e+00 4.264223590858756907e+00 4.259909566764195077e+00 4.255571645547806980e+00 4.251208050541718464e+00 4.246804689801923161e+00 4.242376285405534020e+00
4.407298828967398663e+00 4.402142388832015030e+00 4.397227196670502991e+00 4.392509437061183242e+00 4.387952742409860107e+00 4.383527547922842160e+00 4.379208860942803483e+00 4.374975296773143896e+00 4.370809663607545303e+00 4.366698270162224560e+00 4.362626132207077845e+00 4.358580084235448737e+00 4.354556854744913608e+00 4.350540994641638015e+00 4.346530705587058563e+00 4.342516023839037231e+00 4.338494650537888297e+00 4.334456853002640386e+00 4.330407486654130444e+00 4.326329602682345232e+00 4.322235346482717233e+00
4.478495534395685596e+00 4.473279946352596070e+00 4.468339279589693902e+00 4.463625057750717495e+00 4.459098791804935402e+00 4.454728568010957623e+00 4.450487429612903334e+00 4.446352653391633325e+00 4.442304823192393393e+00 4.438326770077662076e+00 4.434403752495784445e+00 4.430526787928171117e+00 4.426683161871162397e+00 4.422861265995048363e+00 4.419059741110776152e+00 4.415263151310902856e+00 4.411474717419880065e+00 4.407679048169775626e+00 4.403882800847121359e+00 4.400069202463937401e+00 4.396247440602526702e+00
4.545512509421715919e+00 4.540204750306827464e+00 4.535204087163197784e+00 4.530458564466488980e+00 4.525927477526261455e+00 4.521575953915236923e+00 4.517374442806206147e+00 4.513298360455914704e+00 4.509326737183673828e+00 4.505442236145772661e+00 4.501630219444754388e+00 4.497876696852639355e+00 4.494168402541967033e+00 4.490498838679246596e+00 4.486858221149812032e+00 4.483235866089401611e+00 4.479631600571842398e+00 4.476031184718692657e+00 4.472439087109752798e+00 4.468840418637719303e+00 4.465241347938822436e+00
4.608858068521674234e+00 4.603431055867615029e+00 4.598342463824354631e+00 4.593537922551598207e+00 4.588972877726232191e+00 4.584609357311400402e+00 4.580416501641542126e+00 4.576368097093622467e+00 4.572441794076612886e+00 4.568618448612035365e+00 4.564881340537164434e+00 4.561215618534974148e+00 4.557610171157174150e+00 4.554055303558765644e+00 4.550538490990449603e+00 4.547053876867073186e+00 4.543594890321791979e+00 4.540151345771864300e+00 4.536723768045906269e+00 4.533299805767262214e+00 4.529882822628405137e+00
4.668953165920273207e+00 4.663384276954079866e+00 4.658184939981705242e+00 4.653297893315924583e+00 4.648674041341563701e+00 4.644274301423683582e+00 4.640065549099627873e+00 4.636019121765854401e+00 4.632111068935916620e+00 4.628320889844385277e+00 4.624630939902215410e+00 4.621026689985120228e+00 4.617495194459066532e+00 4.614023925739008547e+00 4.610601881234892119e+00 4.607223811678133885e+00 4.603878736323302689e+00 4.600560298072316812e+00 4.597264811548928520e+00 4.593982468753702975e+00 4.590714121101810541e+00
4.726150419316610396e+00 4.720420553207853587e+00 4.715091477421842647e+00 4.710101650105047888e+00 4.705399703517634258e+00 4.700943672380075711e+00 4.696697295525382287e+00 4.692630940775372572e+00 4.688719240024543211e+00 4.684940408794176392e+00 4.681275768248250202e+00 4.677709147701510695e+00 4.674226216146548651e+00 4.670814084908091246e+00 4.667463297461265981e+00 4.664165075530920745e+00 4.660908264722115391e+00 4.657688392660562116e+00 4.654498169004444463e+00 4.651329966200127508e+00 4.648182478006297913e+00
4.780748214306152377e+00 4.774841032472900260e+00 4.769365847121777691e+00 4.764256588595323194e+00 4.759459757412701109e+00 4.754929268184589830e+00 4.750628286936121825e+00 4.746524733773119564e+00 4.742591244136810325e+00 4.738804815564432005e+00 4.735145605392212076e+00 4.731596336195263319e+00 4.728141879009399418e+00 4.724769595205042805e+00 4.721468868528154061e+00 4.718228692771010202e+00 4.715039004762886066e+00 4.711895207245536454e+00 4.708787844179662230e+00 4.705710779373605490e+00 4.702660877311337195e+00
4.833001341446029997e+00 4.826902681931195538e+00 4.821267076634698334e+00 4.816024565299533933e+00 4.811117626094034705e+00 4.806498951094148708e+00 4.802128061426113703e+00 4.797971200502132660e+00 4.794000084810662088e+00 4.790190173584947253e+00 4.786520238492014911e+00 4.782972062291796611e+00 4.779530042318478777e+00 4.776180586838208342e+00 4.772911466996366592e+00 4.769711354625842503e+00 4.766571064302697280e+00 4.763484211801253920e+00 4.760440832786391852e+00 4.757435485403515685e+00 4.754463524051319112e+00
4.883129141779164684e+00 4.876826569239487874e+00 4.871018083820944256e+00 4.865629814586553969e+00 4.860600711183820977e+00 4.855880569592287088e+00 4.851426937522309579e+00 4.847204615910117198e+00 4.843182703604025363e+00 4.839335560774498113e+00 4.835641074722797583e+00 4.832080059650612824e+00 4.828635861499844140e+00 4.825293887405255333e+00 4.822041156520423755e+00 4.818866090579371431e+00 4.815759831293723536e+00 4.812713820709808132e+00 4.809718392839458900e+00 4.806768251695840988e+00 4.803857526400914679e+00
4.931321830500269066e+00 4.924804288570578059e+00 4.918811987401892516e+00 4.913266875127710875e+00 4.908104812883884449e+00 4.903272198382344627e+00 4.898724991488142777e+00 4.894424971003639158e+00 4.890340954762762316e+00 4.886445328124791487e+00 4.882714532059818424e+00 4.879128420681863254e+00 4.875669453426209721e+00 4.872322228346259720e+00 4.869073151410635347e+00 4.865910556140010002e+00 4.862824729745367947e+00 4.859805890801903061e+00 4.856844692954641829e+00 4.853935613440527597e+00 4.851071818401443636e+00
4.977745467385410016e+00 4.971003008146081648e+00 4.964817189457880531e+00 4.959105554382903236e+00 4.953800525770599705e+00 4.948846176108939510e+00 4.944195078545467581e+00 4.939808394283721427e+00 4.935651778040817561e+00 4.931696976429007506e+00 4.927919505391370691e+00 4.924297868782312904e+00 4.920813510278945202e+00 4.917450281872215001e+00 4.914194117248408489e+00 4.911032894161155404e+00 4.907955674510976252e+00 4.904952296729767625e+00 4.902013509302840077e+00 4.899133290439424471e+00 4.896304099215044836e+00
