6.405570387665182608e+00 6.454504483010592431e+00 6.501148780345613609e+00 6.545708548115722891e+00 6.588362571813989987e+00 6.629267531636018340e+00 6.668561509726893100e+00 6.706366827070382008e+00 6.742792358419164245e+00 6.777935436598793828e+00 6.811883430710736320e+00 6.844715063113542719e+00 6.876501515497567496e+00 6.907307363360190244e+00 6.937191369909521121e+00 6.966207164046898548e+00 6.994403822193607567e+00 7.021826369894659692e+00 7.048516216123632105e+00 7.074511530851147256e+00 7.099847574553289853e+00
6.404863865807820744e+00 6.453864104674977398e+00 6.500565655856063607e+00 6.545175315085764112e+00 6.587873080172377271e+00 6.628816603640158789e+00 6.668144754856607292e+00 6.705980497720173794e+00 6.742433236256834661e+00 6.777600742210795559e+00 6.811570751165081816e+00 6.844422293439468952e+00 6.876226811030984543e+00 6.907049100677885356e+00 6.936948114596304116e+00 6.965977643949754494e+00 6.994186905095569173e+00 7.021621044774822629e+00 7.048321577352929523e+00 7.074326764799963030e+00 7.099671948191571325e+00
6.404026298800715722e+00 6.453105167024024702e+00 6.499874743542318534e+00 6.544543653152691043e+00 6.587293343861744255e+00 6.628282630120442498e+00 6.667651321206699677e+00 6.705523148034811420e+00 6.742008145601796620e+00 6.777204608604225022e+00 6.811200709035023060e+00 6.844075843731149078e+00 6.875901764358264501e+00 6.906743530745683479e+00 6.936660319790196816e+00 6.965706115469169291e+00 6.993930300371971498e+00 7.021378165171697994e+00 7.048091349363595270e+00 7.074108224120634780e+00 7.099464226168541003e+00
6.403056387607042765e+00 6.452226604238259000e+00 6.499075160661250905e+00 6.543812824930070882e+00 6.586622742090963989e+00 6.627665084702643483e+00 6.667080759524489864e+00 6.704994392239703060e+00 6.741516753338213874e+00 6.776746746634083607e+00 6.810773052112217840e+00 6.843675493006636579e+00 6.875526181040353180e+00 6.906390481799508763e+00 6.936327833187990066e+00 6.965392443084546414e+00 6.993633887036875940e+00 7.021097622737562105e+00 7.047825434839067427e+00 7.073855821159788171e+00 7.099224329324620442e+00
6.401952618790727634e+00 6.451227175535966474e+00 6.498165880226214774e+00 6.542981973010384422e+00 6.585860553366643444e+00 6.626963355874004868e+00 6.666432548060699403e+00 6.704393782455415618e+00 6.740958672809433949e+00 6.776226820747448976e+00 6.810287487772509252e+00 6.843220984908373161e+00 6.875099835536514270e+00 6.905989754619588084e+00 6.935950478159051968e+00 6.965036469638422822e+00 6.993297524795124787e+00 7.020779291836923619e+00 7.047523720937616254e+00 7.073569454281615876e+00 7.098952165872868925e+00
6.400713258831968844e+00 6.450105461005302132e+00 6.497145727911773250e+00 6.542050117640835438e+00 6.585005953733483963e+00 6.626176745630102616e+00 6.665706091545819056e+00 6.703720807880443111e+00 6.740333463198158626e+00 6.775644448501324746e+00 6.809743682584865176e+00 6.842712027402656716e+00 6.874622470969327992e+00 6.905541122346343208e+00 6.935528053598018161e+00 6.964638016222955308e+00 6.992921053953613963e+00 7.020423029478147114e+00 7.047186079240306711e+00 7.073249007828844803e+00 7.098647631370361921e+00
6.399336347385021995e+00 6.448859856639926669e+00 6.496013378347597289e+00 6.541016153923988163e+00 6.584058014628986655e+00 6.625304467829019828e+00 6.664900719894530923e+00 6.702974893790178079e+00 6.739640628720805715e+00 6.774999199928918081e+00 6.809141261805677026e+00 6.842148292367194351e+00 6.874093798795664512e+00 6.905044330212998460e+00 6.935060333707694369e+00 6.964196882001799871e+00 6.992504295276255277e+00 7.020028675194835088e+00 7.046812365653885912e+00 7.072894352043302746e+00 7.098310608653260800e+00
6.397819689491599071e+00 6.447488568602462777e+00 6.494767350829686592e+00 6.539878848570317871e+00 6.583015700396991576e+00 6.624345646259454767e+00 6.664015686704435559e+00 6.702155400341831992e+00 6.738879617687703494e+00 6.774290596778383744e+00 6.808479808770104391e+00 6.841529415096466060e+00 6.873513498400752653e+00 6.904499095214982951e+00 6.934547067726509084e+00 6.963712843984501077e+00 6.992047049796834557e+00 7.019596050889938432e+00 7.046402420280620582e+00 7.072505342956922902e+00 7.097940967745367757e+00
6.396160846720418292e+00 6.445989606703050434e+00 6.493406004447932034e+00 6.538636836207135872e+00 6.581877865459444976e+00 6.623299312450265042e+00 6.663050167535156554e+00 6.701261621221917153e+00 6.738049821418432117e+00 6.773518111647370610e+00 6.807758864187414716e+00 6.840854993731468880e+00 6.872881216630018386e+00 6.903905105724067681e+00 6.933987979609211649e+00 6.963185656760980002e+00 6.991549098597099388e+00 7.019124960649569367e+00 7.045956067261506917e+00 7.072081822259288053e+00 7.097538565745852068e+00
6.394357127179449485e+00 6.444360777061305612e+00 6.491927532611146745e+00 6.537288615236541034e+00 6.580643251141436778e+00 6.622164403210986094e+00 6.662003257985804616e+00 6.700292782121576529e+00 6.737150573029836664e+00 6.772681167006953551e+00 6.806977925351630709e+00 6.840124588615032586e+00 6.872196567260929534e+00 6.903262021051837394e+00 6.933382767665143831e+00 6.962615052199748078e+00 6.991010202553693986e+00 7.018615190530066883e+00 7.045473114596302544e+00 7.071623617144917162e+00 7.097103246699213663e+00
6.392405574330460638e+00 6.442599673907172253e+00 6.490329956940962930e+00 6.535832543223209612e+00 6.579310482142724403e+00 6.620939757898917755e+00 6.660873971555228756e+00 6.699248039049408909e+00 6.736181146089601057e+00 6.771779134118614429e+00 6.806136445266123935e+00 6.839337721576583817e+00 6.871459130416689653e+00 6.902569470965066678e+00 6.932731104155649859e+00 6.962000739111679160e+00 6.990430102055992023e+00 7.018066508320091046e+00 7.044953353942057461e+00 7.071130540141973952e+00 7.096634841449089848e+00
6.390302954521199119e+00 6.440703670466037423e+00 6.488611120499055751e+00 6.534266831787922669e+00 6.577878062636771439e+00 6.619624115404233677e+00 6.659661237286201185e+00 6.698126476469646207e+00 6.735140753133201486e+00 6.770811331844794445e+00 6.805233831678653367e+00 6.838493875146287593e+00 6.870668451920465714e+00 6.901827055152651269e+00 6.932032634850942010e+00 6.961342402879983737e+00 6.989808516695422469e+00 7.017478663278485129e+00 7.044396560390972617e+00 7.070602388923211912e+00 7.096133167476710746e+00
6.388045743136726351e+00 6.438669908864211422e+00 6.486768680305200263e+00 6.532589540978396059e+00 6.576344371977993930e+00 6.618216110835901667e+00 6.658363897178690927e+00 6.696927105264018465e+00 6.734028544042501174e+00 6.769777025345726784e+00 6.804269446027703339e+00 6.837592491696687702e+00 6.869824042590616742e+00 6.901034342643820096e+00 6.931286978546674860e+00 6.960639705056383519e+00 6.989145144926363074e+00 7.016851385848156042e+00 7.043802492227836609e+00 7.070038946099461263e+00 7.095598028724373840e+00
6.385630109257141029e+00 6.436495288981600282e+00 6.484800099097942194e+00 6.530798573085560221e+00 6.574707659996602338e+00 6.616714271896796618e+00 6.656980703365135810e+00 6.695648860506852706e+00 6.732843604276435912e+00 6.768675424661551254e+00 6.803242602296885266e+00 6.836632972508841277e+00 6.868925377475210148e+00 6.900190871176302032e+00 6.930493726539308952e+00 6.959892282923027196e+00 6.988439663698335913e+00 7.016184387345738571e+00 7.043170890666987205e+00 7.069439978995691654e+00 7.095029215403986456e+00
6.383051898693508086e+00 6.434176456168556157e+00 6.482702636282877684e+00 6.528891665867579519e+00 6.572966041853955055e+00 6.615117014927282213e+00 6.655510315032529434e+00 6.694290599045643830e+00 6.731584952951085832e+00 6.767505683174555031e+00 6.802152565772393800e+00 6.835614676761593955e+00 6.867971895024073348e+00 6.899296146513105299e+00 6.929652442059218487e+00 6.959099749019269865e+00 6.987691728058962326e+00 7.015477359626727250e+00 7.042501479568552547e+00 7.068805239409468477e+00 7.094426503790600691e+00
6.380306615256856162e+00 6.431709787733324468e+00 6.480473338006643935e+00 6.526866385139777904e+00 6.571117492430020413e+00 6.613422640598718871e+00 6.653951295078823769e+00 6.692851096876679229e+00 6.730251540759054407e+00 6.766266895944681892e+00 6.800998551700812023e+00 6.834536920440901220e+00 6.866962996195612234e+00 6.898349641706494673e+00 6.928762659660335110e+00 6.958261690632534524e+00 6.986900970726950710e+00 7.014729974725518957e+00 7.041793965133539501e+00 7.068134463351507968e+00 7.093789656000698329e+00
6.377389400096185490e+00 6.429091378094820008e+00 6.478109026287424577e+00 6.524720116684182614e+00 6.569159840211870716e+00 6.611629329234586905e+00 6.652302106486930988e+00 6.691329046304010042e+00 6.728842247721223302e+00 6.764958097914049340e+00 6.799779723842880763e+00 6.833398975165350997e+00 6.865898043496192038e+00 6.897350796307077481e+00 6.927823884564824120e+00 6.957377669252055696e+00 6.986067001634259199e+00 7.013941884469684140e+00 7.041048035577273545e+00 7.067427370767931372e+00 7.093118419754943282e+00
6.374295008920178418e+00 6.426317022482432861e+00 6.475606287124437976e+00 6.522450057426924630e+00 6.567090760646845382e+00 6.609735135733656008e+00 6.650561108399327459e+00 6.689723052870070852e+00 6.727355880761790807e+00 6.763578261972840622e+00 6.798495192917336283e+00 6.832200066924231763e+00 6.864776359949321893e+00 6.896299015515937825e+00 6.926835591961039817e+00 6.956447219984238650e+00 6.985189407436442899e+00 7.013112720067706363e+00 7.040263360780572910e+00 7.066683665243742141e+00 7.092412528125001892e+00
6.371017786893393264e+00 6.423382199050061914e+00 6.472961457499968319e+00 6.520053205825609766e+00 6.564907768921404596e+00 6.607737984069298243e+00 6.648726551873994417e+00 6.688031632043135666e+00 6.725791171095715448e+00 6.762126296879060305e+00 6.797144014929950906e+00 6.830939374724366964e+00 6.863597227991548699e+00 6.895193669277303705e+00 6.925797226253087580e+00 6.955469850928198028e+00 6.984267750990071022e+00 7.012242091669299349e+00 7.039439591917976635e+00 7.065903033686979029e+00 7.091671699264022521e+00
6.367551640970479987e+00 6.420282049255292556e+00 6.470170611177334052e+00 6.517526351402398888e+00 6.562608212122510665e+00 6.605635661333574049e+00 6.646796575300301768e+00 6.686253205647663123e+00 6.724146771418899604e+00 6.760601045024975164e+00 6.795725189382006093e+00 6.829616029141188704e+00 6.862359888291505783e+00 6.894034091309172219e+00 6.924708200259929392e+00 6.954445042509933117e+00 6.983301570795976687e+00 7.011329587897373372e+00 7.038576361062264475e+00 7.065085145992956228e+00 7.090895636120283285e+00
6.363890009401155012e+00 6.417011356336232986e+00 6.467229543186824969e+00 6.514866063351783865e+00 6.560189260732838257e+00 6.603425811293856640e+00 6.644769199452027486e+00 6.684386098019783340e+00 6.722421252887904153e+00 6.759001280040605408e+00 6.794237657351171578e+00 6.828229110768821997e+00 6.861063538488426872e+00 6.892819578069172337e+00 6.923567894361863040e+00 6.953372246773466436e+00 6.982290380407064845e+00 7.010374775350593168e+00 7.037673280764455974e+00 7.064229654687919968e+00 7.090084026133478545e+00
