6.405570387665182608e+00 6.629267531636018340e+00 6.811883430710736320e+00 6.966207164046898548e+00 7.099847574553289853e+00
6.404863865807820744e+00 6.628816603640158789e+00 6.811570751165081816e+00 6.965977643949754494e+00 7.099671948191571325e+00
6.404026298800715722e+00 6.628282630120442498e+00 6.811200709035023060e+00 6.965706115469169291e+00 7.099464226168541003e+00
6.403056387607042765e+00 6.627665084702643483e+00 6.810773052112217840e+00 6.965392443084546414e+00 7.099224329324620442e+00
6.401952618790727634e+00 6.626963355874004868e+00 6.810287487772509252e+00 6.965036469638422822e+00 7.098952165872868925e+00
6.400713258831968844e+00 6.626176745630102616e+00 6.809743682584865176e+00 6.964638016222955308e+00 7.098647631370361921e+00
6.399336347385021995e+00 6.625304467829019828e+00 6.809141261805677026e+00 6.964196882001799871e+00 7.098310608653260800e+00
6.397819689491599071e+00 6.624345646259454767e+00 6.808479808770104391e+00 6.963712843984501077e+00 7.097940967745367757e+00
6.396160846720418292e+00 6.623299312450265042e+00 6.807758864187414716e+00 6.963185656760980002e+00 7.097538565745852068e+00
6.394357127179449485e+00 6.622164403210986094e+00 6.806977925351630709e+00 6.962615052199748078e+00 7.097103246699213663e+00
6.392405574330460638e+00 6.620939757898917755e+00 6.806136445266123935e+00 6.962000739111679160e+00 7.096634841449089848e+00
6.390302954521199119e+00 6.619624115404233677e+00 6.805233831678653367e+00 6.961342402879983737e+00 7.096133167476710746e+00
6.388045743136726351e+00 6.618216110835901667e+00 6.804269446027703339e+00 6.960639705056383519e+00 7.095598028724373840e+00
6.385630109257141029e+00 6.616714271896796618e+00 6.803242602296885266e+00 6.959892282923027196e+00 7.095029215403986456e+00
6.383051898693508086e+00 6.615117014927282213e+00 6.802152565772393800e+00 6.959099749019269865e+00 7.094426503790600691e+00
6.380306615256856162e+00 6.613422640598718871e+00 6.800998551700812023e+00 6.958261690632534524e+00 7.093789656000698329e+00
6.377389400096185490e+00 6.611629329234586905e+00 6.799779723842880763e+00 6.957377669252055696e+00 7.093118419754943282e+00
6.374295008920178418e+00 6.609735135733656008e+00 6.798495192917336283e+00 6.956447219984238650e+00 7.092412528125001892e+00
6.371017786893393264e+00 6.607737984069298243e+00 6.797144014929950906e+00 6.955469850928198028e+00 7.091671699264022521e+00
6.367551640970479987e+00 6.605635661333574049e+00 6.795725189382006093e+00 6.954445042509933117e+00 7.090895636120283285e+00
6.363890009401155012e+00 6.603425811293856640e+00 6.794237657351171578e+00 6.953372246773466436e+00 7.090084026133478545e+00
