6.426833610609111958e+00 6.475101358461284207e+00 6.521158568063198047e+00 6.565198265346431583e+00 6.607389291927950659e+00 6.647880180337498501e+00 6.686802289426132084e+00 6.724272316085704304e+00 6.760394491945342921e+00 6.795261514309498985e+00 6.828958943195304165e+00 6.861561822184125248e+00 6.893138432152605688e+00 6.923751615030295348e+00 6.953458251161013237e+00 6.982310440874114121e+00 7.010355812848144019e+00 7.038045666856442395e+00 7.064594749151376973e+00 7.090458939914453751e+00 7.115672655480758557e+00
6.429307975718893786e+00 6.477402916403502076e+00 6.523305588574545233e+00 6.567206478158784222e+00 6.609272318116620859e+00 6.649649878139824999e+00 6.688469033745287007e+00 6.725845226104723906e+00 6.761881617786607457e+00 6.796669990711409426e+00 6.830295119208718901e+00 6.862831365488824886e+00 6.894346420698868272e+00 6.924902612374904010e+00 6.954556370819317657e+00 6.983359401190079474e+00 7.011358983927732602e+00 7.039006110930333904e+00 7.065515255441153997e+00 7.091342054711121001e+00 7.116520708434836529e+00
6.431980096118998347e+00 6.479893101375560072e+00 6.525632609323061217e+00 6.569386559188467700e+00 6.611319558985166545e+00 6.651576593755307520e+00 6.690286031004329281e+00 6.727562030359908185e+00 6.763506659461405057e+00 6.798210759540357806e+00 6.831758295298900663e+00 6.864222924469869369e+00 6.895671727060954659e+00 6.926166496169743780e+00 6.955763193421373281e+00 6.984513111537117958e+00 7.012463166748101884e+00 7.040064028326241896e+00 7.066529882899724058e+00 7.092316112222793123e+00 7.117456687770491008e+00
6.434818401272189625e+00 6.482542911419030496e+00 6.528112900937118823e+00 6.571713798686535490e+00 6.613508107069140607e+00 6.653639034335577129e+00 6.692233440150571866e+00 6.729404197695602718e+00 6.765252271518957805e+00 6.799867551926949361e+00 6.833333182893116309e+00 6.865722105636333339e+00 6.897100777124807180e+00 6.927530444208044536e+00 6.957066588352589065e+00 6.985760078815005159e+00 7.013657457102562276e+00 7.041209059900215728e+00 7.067628777833320441e+00 7.093371728318442315e+00 7.118471646331473224e+00
6.437796706016768233e+00 6.485328232355526801e+00 6.530724189427573378e+00 6.574167564288286414e+00 6.615818800016967316e+00 6.655819358574282418e+00 6.694294611065497946e+00 6.731356155525064722e+00 6.767103859043999137e+00 6.801626662659709055e+00 6.835006888364278055e+00 6.867316757842484520e+00 6.898622100589637540e+00 6.928983611963801081e+00 6.958456287515581096e+00 6.987090567015584064e+00 7.014932611126226014e+00 7.042432417851924420e+00 7.068803575841993592e+00 7.094500932357151513e+00 7.119557980276458586e+00
6.440892916318676775e+00 6.488228665786856197e+00 6.533447589911173914e+00 6.576730326779526514e+00 6.618235326976199318e+00 6.658102354103222709e+00 6.696455324827491395e+00 6.733404586014951398e+00 6.769048923804163564e+00 6.803476341120759940e+00 6.836768344360839578e+00 6.868996440092253408e+00 6.900225831843139090e+00 6.930516663544953992e+00 6.959923443719282510e+00 6.988496180706363248e+00 7.016280651791901413e+00 7.043726513374844345e+00 7.070047048960346636e+00 7.095696832328010295e+00 7.120709110872369685e+00
6.444088144978110222e+00 6.491226728449576377e+00 6.536266878307198880e+00 6.579386994770700881e+00 6.620743618424973498e+00 6.660474875900606939e+00 6.698703275120994505e+00 6.735537945739539900e+00 6.771076618068667230e+00 6.805406375826938081e+00 6.838607921859681582e+00 6.870752058521209626e+00 6.901903369543028077e+00 6.932121451826006364e+00 6.961460329554695292e+00 6.989969581047343006e+00 7.017694600643408442e+00 7.045084702835110235e+00 7.071352865145299482e+00 7.096953386619918369e+00 7.121919267636389606e+00
6.447366079885082257e+00 6.494307280274736804e+00 6.539167971126481405e+00 6.582124439523473036e+00 6.623331410445206124e+00 6.662925445304306749e+00 6.701027698000745048e+00 6.737746122793131676e+00 6.773177426148987657e+00 6.807407797097392077e+00 6.840517153338995904e+00 6.872575607388769825e+00 6.903647133761113608e+00 6.933790790278052896e+00 6.963060122617170222e+00 6.991504283259368790e+00 7.019168286490960362e+00 7.046501106784779367e+00 7.072715416793598386e+00 7.098265241317264440e+00 7.123183333744414369e+00
6.450712516642238548e+00 6.497457101253020895e+00 6.542138540621617260e+00 6.584931143439916035e+00 6.625987922416471498e+00 6.665443953428516366e+00 6.703419098078978067e+00 6.740020183228316419e+00 6.775342928925716990e+00 6.809472658751779761e+00 6.842488528131128511e+00 6.874459977621645734e+00 6.905450386486520209e+00 6.935518284342494510e+00 6.964716746792763757e+00 6.993094506973901225e+00 7.020696204069119872e+00 7.047970476254586281e+00 7.074129694066494167e+00 7.099627610016143286e+00 7.124496731851239772e+00
6.454115002927623301e+00 6.500664569439414286e+00 6.545167721911804293e+00 6.587796932557751006e+00 6.628703611741911139e+00 6.668021435474772218e+00 6.705869040175650220e+00 6.742352178128651730e+00 6.777565624697701629e+00 6.811593871089944408e+00 6.844515336749715573e+00 6.876398811191913651e+00 6.907307095106356876e+00 6.937298203191703649e+00 6.966424751567584117e+00 6.994735062443830920e+00 7.022273406573823706e+00 7.049488091104926468e+00 7.075591188593051584e+00 7.101036182468077662e+00 7.125855337305535109e+00
6.457562561560269643e+00 6.503919410172828819e+00 6.548245884859196231e+00 6.590712768174594949e+00 6.631469982783979589e+00 6.670649894922490830e+00 6.708369987019096037e+00 6.744734993327873518e+00 6.779838789638545471e+00 6.813765070908260668e+00 6.846591549647342845e+00 6.878386387705957006e+00 6.909211826095559950e+00 6.939125379872840504e+00 6.968179218056237190e+00 6.996421261951828008e+00 7.023895422001553257e+00 7.051049680897008010e+00 7.077095818513388537e+00 7.102487053474418666e+00 7.127255410606030850e+00
6.461045470652445388e+00 6.507212496942535118e+00 6.551364452893680301e+00 6.593670581335921987e+00 6.634279435089315058e+00 6.673322163865285539e+00 6.710915170310969735e+00 6.747162230022046181e+00 6.782156366940364833e+00 6.815980518295900126e+00 6.848711720903743583e+00 6.880417534318696404e+00 6.911159660577162356e+00 6.940995131996136713e+00 6.969975684368207247e+00 6.998148849453682097e+00 7.025558186713334763e+00 7.052651362056324480e+00 7.078639868961025705e+00 7.103976666430084741e+00 7.128693543776557284e+00
6.464555086207370849e+00 6.510535690649673413e+00 6.554515756734083709e+00 6.596663139175837465e+00 6.637125140807287771e+00 6.676031790199935756e+00 6.713498486574322577e+00 6.749628108325764764e+00 6.784512877259704311e+00 6.818235013262563982e+00 6.850870910421583027e+00 6.882487552961637611e+00 6.913146126098316024e+00 6.942903197669163973e+00 6.971810085323341788e+00 6.999913943750946110e+00 7.027257991776245660e+00 7.054289587126427286e+00 7.080219943997416721e+00 7.105501767732699037e+00 7.130166617063776080e+00
6.468083696949244121e+00 6.513881708022956296e+00 6.557692914604072776e+00 6.599683935441643001e+00 6.640000944267013594e+00 6.678772945193923505e+00 6.716114411806557882e+00 6.752127388235151351e+00 6.786903345322749637e+00 6.820523827407806827e+00 6.853064620158010101e+00 6.884592160694542606e+00 6.915167140732016549e+00 6.944845682989305935e+00 6.973678703044483562e+00 7.001712991918277673e+00 7.028991438989454110e+00 7.055961103186287886e+00 7.081832927224254171e+00 7.107059369424375994e+00 7.131671763455821100e+00
6.471624404082103155e+00 6.517244012580157175e+00 6.560889732934503726e+00 6.602727099715781200e+00 6.642901278685285682e+00 6.681540346806096764e+00 6.718757930667223377e+00 6.754655304043287956e+00 6.789323239017230449e+00 6.822842647211950329e+00 6.855288741199237812e+00 6.886727440194663430e+00 6.917218966677414649e+00 6.946819018462265127e+00 6.975578125949308372e+00 7.003542730648453229e+00 7.030755404386354712e+00 7.057662917329570185e+00 7.083475949094351520e+00 7.108646718187821456e+00 7.133206339236993543e+00
6.475171020633674779e+00 6.520616723304736517e+00 6.564100623164287107e+00 6.605787321326026529e+00 6.645821096332991118e+00 6.684329195382264110e+00 6.721424477082434734e+00 6.757207509320981131e+00 6.791768418290088150e+00 6.825187526452072717e+00 6.857539509348097972e+00 6.888889798225942940e+00 6.919298171313675638e+00 6.948819922426325846e+00 6.977505214333738159e+00 7.005400153810620978e+00 7.032547007603415778e+00 7.059392267669528209e+00 7.085146359477515254e+00 7.110261269327043721e+00 7.134767899277078662e+00
6.478717986403489171e+00 6.523994537437810770e+00 6.567320531367887959e+00 6.608859784962199946e+00 6.648755809425221486e+00 6.687135119210235956e+00 6.724109883944889177e+00 6.759780030314048282e+00 6.794235091855813202e+00 6.827554845885863699e+00 6.859813467491339800e+00 6.891075930427617457e+00 6.921401594197376994e+00 6.950845370054100414e+00 6.979457071202708640e+00 7.007282484954297175e+00 7.034363585918573136e+00 7.061146598839118660e+00 7.086841704408326059e+00 7.111900664714488229e+00 7.136354176087867707e+00
6.482260295495812841e+00 6.527372664656662771e+00 6.570544878231416419e+00 6.611940115737017898e+00 6.651701239663562859e+00 6.689954128029889979e+00 6.726810340151459400e+00 6.762369226130388711e+00 6.796719780205878081e+00 6.829941278797693194e+00 6.862107433434805337e+00 6.893282791221075456e+00 6.923526318849819283e+00 6.952892566851597955e+00 6.981431017331539479e+00 7.009187153800265691e+00 7.036202672053630813e+00 7.062923540976593806e+00 7.088559706204429212e+00 7.113562713934730830e+00 7.137963061915486129e+00
6.485793434112951950e+00 6.530746770539692214e+00 6.573769507470339057e+00 6.615024331951808279e+00 6.654653574837485763e+00 6.692782573033443150e+00 6.729522353627996445e+00 6.764971754466422738e+00 6.799219283755155274e+00 6.832343761326798770e+00 6.864418472198773991e+00 6.895507567886300926e+00 6.925669648450808680e+00 6.954958925824915816e+00 6.983424569777104907e+00 7.011111775982422856e+00 7.038061975046730367e+00 7.064720891634568289e+00 7.090298246332392473e+00 7.115245378033770329e+00 7.139592593307044766e+00
6.489313326795127068e+00 6.534112927679281313e+00 6.576990641201286181e+00 6.618108804210587337e+00 6.657609331242752226e+00 6.695617112214365285e+00 6.732242719287960142e+00 6.767584541898643558e+00 6.801730655227858691e+00 6.834759466736141320e+00 6.866743871988558290e+00 6.897747658073971166e+00 6.927829084751150113e+00 6.957042047668259954e+00 6.985435423231016294e+00 7.013054135467608141e+00 7.039939363645015824e+00 7.066536600078877406e+00 7.092055350536344172e+00 7.116946755414035763e+00 7.141240937714283810e+00
6.492816289673080554e+00 6.537467573148317612e+00 6.580204841093551416e+00 6.621190219811920130e+00 6.660565320936625788e+00 6.698454680164125818e+00 6.734968491094239340e+00 6.770204757971825416e+00 6.804251175566442100e+00 6.837185782958669300e+00 6.869081123221534746e+00 6.900000650174574979e+00 6.930002309661598581e+00 6.959139703464419568e+00 6.987461433735621341e+00 7.015012169201773951e+00 7.041832851806681504e+00 7.068368753573950336e+00 7.093829175847498725e+00 7.118665069512768895e+00 7.142906381791886972e+00
