4.093461743561706001e+00 4.095082358343865359e+00 4.096556026332473621e+00 4.097901895538008432e+00 4.099135921728177756e+00 4.100271510188103541e+00 4.101320012640884194e+00 4.102291079496789727e+00 4.103193026551253730e+00 4.104032970579642559e+00 4.104816839999632982e+00 4.105550840496259291e+00 4.106238876543757854e+00 4.106885380034199784e+00 4.107493984989488034e+00 4.108067977261908865e+00 4.108610196958688121e+00 4.109530668903206063e+00 4.110006105659904208e+00 4.110457280485480425e+00 4.110885997103397749e+00
4.269088120047742407e+00 4.271022383738758421e+00 4.272781095891918568e+00 4.274387137841880957e+00 4.275859575837957394e+00 4.277214428506491473e+00 4.278465259080988403e+00 4.279623598853371291e+00 4.280699385495947418e+00 4.281701120518039083e+00 4.282635902947178330e+00 4.283511102059856412e+00 4.284331428404641429e+00 4.285102159337490946e+00 4.285827641378372022e+00 4.286511791456503850e+00 4.287158010648079554e+00 4.288176838052700113e+00 4.288745403770256814e+00 4.289284901923938520e+00 4.289797492787648991e+00
4.416578068560900405e+00 4.418826824174839629e+00 4.420871397411907822e+00 4.422738403112870031e+00 4.424450018904638071e+00 4.426024877637850352e+00 4.427478754893115820e+00 4.428825065127636407e+00 4.430075365577103241e+00 4.431239546679782926e+00 4.432325895310875730e+00 4.433342893623555270e+00 4.434296110729008866e+00 4.435191653012816815e+00 4.436034580458695586e+00 4.436829441692138332e+00 4.437580199497850764e+00 4.438697902380970284e+00 4.439360110569769979e+00 4.439988431776352940e+00 4.440585385498323490e+00
4.543463777910748291e+00 4.546027413953307672e+00 4.548358232625592912e+00 4.550486580369454970e+00 4.552437745171518557e+00 4.554232973397037476e+00 4.555890252508527638e+00 4.557424880599973527e+00 4.558850032786677886e+00 4.560176987530683235e+00 4.561415235383062594e+00 4.562574338470506419e+00 4.563660752649548513e+00 4.564681405092305688e+00 4.565642069504785461e+00 4.566547926476657082e+00 4.567403500754827483e+00 4.568620347547080129e+00 4.569376463700092650e+00 4.570093866741506972e+00 4.570775436954074067e+00
4.654608475653434496e+00 4.657487159337380334e+00 4.660104398014796701e+00 4.662494266659638065e+00 4.664685161449186879e+00 4.666700940693408128e+00 4.668561802528230942e+00 4.670284928209931685e+00 4.671885109254009905e+00 4.673374992375805448e+00 4.674765336379030245e+00 4.676066708994181198e+00 4.677286486517680864e+00 4.678432412237610194e+00 4.679510973594499745e+00 4.680527983156785865e+00 4.681488527656333609e+00 4.682804667323811287e+00 4.683654839226536026e+00 4.684461468427841169e+00 4.685227797446179565e+00
4.753334661263283856e+00 4.756528437967142864e+00 4.759432156566928640e+00 4.762083616554461329e+00 4.764514319412660903e+00 4.766750733201851276e+00 4.768815265082128718e+00 4.770726978385555483e+00 4.772502279571197548e+00 4.774155150775308165e+00 4.775697718716671147e+00 4.777141450712218074e+00 4.778494683687494415e+00 4.779765974017772479e+00 4.780962522767746137e+00 4.782090774355431506e+00 4.783156377367300038e+00 4.784571895924274898e+00 4.785516209578618785e+00 4.786412148661540300e+00 4.787263320436061065e+00
4.842012998588989703e+00 4.845521839158196897e+00 4.848712028165331311e+00 4.851625084836268975e+00 4.854295612515308278e+00 4.856752686327474144e+00 4.859020920459149906e+00 4.861121258821079927e+00 4.863071721306338802e+00 4.864887572839987406e+00 4.866582464691743937e+00 4.868168602498538888e+00 4.869655340239368968e+00 4.871052045195312985e+00 4.872366631819456728e+00 4.873606176181024985e+00 4.874776888490730542e+00 4.876291835942602404e+00 4.877330341973495464e+00 4.878315641088743604e+00 4.879251705330766242e+00
4.922394321067018019e+00 4.926218146240366913e+00 4.929694750086956567e+00 4.932869366076775286e+00 4.935779695484933782e+00 4.938457417418186779e+00 4.940929350777329532e+00 4.943218318245119036e+00 4.945343951539555860e+00 4.947322815387966699e+00 4.949170031757205379e+00 4.950898594668244002e+00 4.952518859932140138e+00 4.954041004001447313e+00 4.955473654338787171e+00 4.956824518425216652e+00 4.958100367791921315e+00 4.959714772087306933e+00 4.960847499460937726e+00 4.961922188027354963e+00 4.962943173847138567e+00
4.995808456880315163e+00 4.999947150860385214e+00 5.003710080734313337e+00 5.007146188325361180e+00 5.010296268396096764e+00 5.013194600594369277e+00 5.015870205907916990e+00 5.018347783752098223e+00 5.020648575932819213e+00 5.022790467027112626e+00 5.024789985629762867e+00 5.026660975040345036e+00 5.028414772726294224e+00 5.030062363680548820e+00 5.031613087401233031e+00 5.033075282594273503e+00 5.034456281777814013e+00 5.036170156520818786e+00 5.037397120166031250e+00 5.038561213972066355e+00 5.039667137403806230e+00
5.063289233055039418e+00 5.067742651290610745e+00 5.071791792697112555e+00 5.075489301017527488e+00 5.078879059636363991e+00 5.081997944915646492e+00 5.084877177072339549e+00 5.087543329972564088e+00 5.090019253641032471e+00 5.092324166629138560e+00 5.094475956998899768e+00 5.096489361448577782e+00 5.098376684141724624e+00 5.100149718062953141e+00 5.101818513612657924e+00 5.103392040533980101e+00 5.104878191964369094e+00 5.106691540762993142e+00 5.108012746185266018e+00 5.109266251734497111e+00 5.110457119932922510e+00
5.125656281214141963e+00 5.130424255144180101e+00 5.134759472482017806e+00 5.138718271885331923e+00 5.142347620086215265e+00 5.145686986007467212e+00 5.148769785945140676e+00 5.151624465758192883e+00 5.154275481674034154e+00 5.156743396125023970e+00 5.159047421402611633e+00 5.161203219825619470e+00 5.163224050990544711e+00 5.165122515358541833e+00 5.166909372974643588e+00 5.168594224425833161e+00 5.170185523100531810e+00 5.172098342137189775e+00 5.173513788262555479e+00 5.174856705428828363e+00 5.176132519235936869e+00
5.183570403774984570e+00 5.188652743824714975e+00 5.193273883260458135e+00 5.197493848073655442e+00 5.201362682706524687e+00 5.204922444129491232e+00 5.208208741313118395e+00 5.211251889460415399e+00 5.214077948826790987e+00 5.216708832630173376e+00 5.219165050593042920e+00 5.221463214376386830e+00 5.223617530168446876e+00 5.225641406027520475e+00 5.227546309649765632e+00 5.229342472472444214e+00 5.231038907734793852e+00 5.233051187701147633e+00 5.234560868442885706e+00 5.235993192151710218e+00 5.237353947712595215e+00
5.237572133849835332e+00 5.242968631375565458e+00 5.247875522707516893e+00 5.252356513070344235e+00 5.256464718487921850e+00 5.260244779231138423e+00 5.263734493263991787e+00 5.266966042286060024e+00 5.269967088252526466e+00 5.272760899885673425e+00 5.275369263575059975e+00 5.277809757823256120e+00 5.280097529188385153e+00 5.282246791730375257e+00 5.284269720251933755e+00 5.286177176543043643e+00 5.287978733251241792e+00 5.290090460534449868e+00 5.291694365887289919e+00 5.293216087220940835e+00 5.294661777044224138e+00
5.288109261173167930e+00 5.293819689738683998e+00 5.299012147628045177e+00 5.303754010696595245e+00 5.308101459914048803e+00 5.312101713869447295e+00 5.315794755571705998e+00 5.319214630168669800e+00 5.322390598841139742e+00 5.325347288910145416e+00 5.328107747028292707e+00 5.330690531603501370e+00 5.333111724825969624e+00 5.335386344457449859e+00 5.337527272566015668e+00 5.339546000493214706e+00 5.341452659791954716e+00 5.343663816970176228e+00 5.345361934068729504e+00 5.346973041005783855e+00 5.348503654678333774e+00
5.335556908280983279e+00 5.341581024536397493e+00 5.347058849361085109e+00 5.352061420080661769e+00 5.356647975595544509e+00 5.360868307491313267e+00 5.364764579638053199e+00 5.368372697384682368e+00 5.371723518518678020e+00 5.374843030819915768e+00 5.377755527998425045e+00 5.380480558515781553e+00 5.383035135156055695e+00 5.385435078392534436e+00 5.387693977149026203e+00 5.389823951518549983e+00 5.391835691394914143e+00 5.394146258036698782e+00 5.395938571395228145e+00 5.397639049323590399e+00 5.399254574004353380e+00
5.380232452526175990e+00 5.386569996803910243e+00 5.392332975236657333e+00 5.397596076913190544e+00 5.402421591247829724e+00 5.406861877177408182e+00 5.410961275015238492e+00 5.414757546862030146e+00 5.418283144346220048e+00 5.421565416617216471e+00 5.424629893602276987e+00 5.427497121426624993e+00 5.430185039196244290e+00 5.432710269071202802e+00 5.435087106317853411e+00 5.437328298972897933e+00 5.439445094655116719e+00 5.441855049706715519e+00 5.443741539557186648e+00 5.445531371634974249e+00 5.447231792402828177e+00
5.422406804418325343e+00 5.429057501142351860e+00 5.435105406553850216e+00 5.440628851249331710e+00 5.445693167335731388e+00 5.450353275135457309e+00 5.454655686741273435e+00 5.458640017374301934e+00 5.462340309573071373e+00 5.465785274032596064e+00 5.469001667812015910e+00 5.472011040376659530e+00 5.474832253445717001e+00 5.477482729806436801e+00 5.479977470455844824e+00 5.482329850557422724e+00 5.484551674796501075e+00 5.487060994837350769e+00 5.489041639403671624e+00 5.490920806817758404e+00 5.492706106919988507e+00
5.462313060354438754e+00 5.469276618320640715e+00 5.475609211060492143e+00 5.481392799871460220e+00 5.486695751325065373e+00 5.491575540842261738e+00 5.496080847389309021e+00 5.500253135481408151e+00 5.504128035463910606e+00 5.507735619222473566e+00 5.511103863117235768e+00 5.514255324154615501e+00 5.517209783376344490e+00 5.519985463097980549e+00 5.522598069344802241e+00 5.525061603577997360e+00 5.527388426839420887e+00 5.529997086302291365e+00 5.532071861977132521e+00 5.534040344131687661e+00 5.535910505163139206e+00
5.500153230676808391e+00 5.507429343241455832e+00 5.514046370832224042e+00 5.520089894086336990e+00 5.525631305401138782e+00 5.530730628687239303e+00 5.535438704634779938e+00 5.539798843031346287e+00 5.543848258809095597e+00 5.547618384098844224e+00 5.551138407830467969e+00 5.554431897542381869e+00 5.557519550619463899e+00 5.560420387756776606e+00 5.563150819238782852e+00 5.565725471965375704e+00 5.568157262499611626e+00 5.570865233909032987e+00 5.573034115379312148e+00 5.575091890035603903e+00 5.577046892072117679e+00
5.536103534959909922e+00 5.543691880165062535e+00 5.550593077435098444e+00 5.556896314829203654e+00 5.562676001515782787e+00 5.567994702965240350e+00 5.572905416196162420e+00 5.577453292052117817e+00 5.581677126712325077e+00 5.585609711100140373e+00 5.589281440838870907e+00 5.592716896022418283e+00 5.595937687629809254e+00 5.598963633534657092e+00 5.601811847447750736e+00 5.604497580819339575e+00 5.607034304987522866e+00 5.609841558869343991e+00 5.612104519209650810e+00 5.614251562590064637e+00 5.616291384316777879e+00
5.570318615745032176e+00 5.578218856395547931e+00 5.585403945566084438e+00 5.591966666260445251e+00 5.597984434943611198e+00 5.603522351393708689e+00 5.608635563314724237e+00 5.613371058194749352e+00 5.617769209963817012e+00 5.621864166544518149e+00 5.625687524945989892e+00 5.629264879087757301e+00 5.632618750962752330e+00 5.635769754374475582e+00 5.638735705561043865e+00 5.641532479602431316e+00 5.644174102009362315e+00 5.647080606937796787e+00 5.649437617679788026e+00 5.651673904549797456e+00 5.653798523314117475e+00
