4.093461743561706001e+00 4.110885997103397749e+00
4.269088120047742407e+00 4.289797492787648991e+00
4.416578068560900405e+00 4.440585385498323490e+00
4.543463777910748291e+00 4.570775436954074067e+00
4.654608475653434496e+00 4.685227797446179565e+00
4.753334661263283856e+00 4.787263320436061065e+00
4.842012998588989703e+00 4.879251705330766242e+00
4.922394321067018019e+00 4.962943173847138567e+00
4.995808456880315163e+00 5.039667137403806230e+00
5.063289233055039418e+00 5.110457119932922510e+00
5.125656281214141963e+00 5.176132519235936869e+00
5.183570403774984570e+00 5.237353947712595215e+00
5.237572133849835332e+00 5.294661777044224138e+00
5.288109261173167930e+00 5.348503654678333774e+00
5.335556908280983279e+00 5.399254574004353380e+00
5.380232452526175990e+00 5.447231792402828177e+00
5.422406804418325343e+00 5.492706106919988507e+00
5.462313060354438754e+00 5.535910505163139206e+00
5.500153230676808391e+00 5.577046892072117679e+00
5.536103534959909922e+00 5.616291384316777879e+00
5.570318615745032176e+00 5.653798523314117475e+00
