3.164911515194210878e+00 3.047125891380748186e+00 2.915653326177689131e+00 2.783348985029619804e+00 2.663947724286397367e+00 2.568716462019015268e+00 2.512020894869255727e+00 2.499767861769853994e+00 2.543073363869665648e+00 2.652236757159342595e+00 2.804204992464110369e+00 2.968888253253965104e+00 3.133289033303515048e+00 3.290218191442983553e+00 3.436262675629701668e+00 3.570155466008470668e+00 3.690960954872553934e+00 3.797795196158797459e+00 3.889835420495105112e+00 3.966327529808360453e+00 4.026907309077160768e+00
3.381529428034267148e+00 3.287569308292379588e+00 3.179606542568271799e+00 3.064085963183168282e+00 2.948771989859855225e+00 2.842216178286722794e+00 2.750214903393580101e+00 2.682825834925260722e+00 2.644179770250361550e+00 2.639046099237337906e+00 2.674244146740690553e+00 2.756471020575940400e+00 2.876074770522357937e+00 3.010124389822973257e+00 3.148351167195937883e+00 3.284686852995485573e+00 3.415425922297270489e+00 3.538652543252633897e+00 3.653598967350499827e+00 3.759714795774360852e+00 3.856472930601404947e+00
3.559694942357106928e+00 3.482258423789208468e+00 3.392767281390320910e+00 3.294211667507477515e+00 3.191143712744868743e+00 3.088615108339490156e+00 2.992446310638861462e+00 2.906052245302457315e+00 2.835435972048755637e+00 2.785724370505519687e+00 2.758259063282753054e+00 2.757036211906342515e+00 2.786456938766435520e+00 2.850849731810087384e+00 2.947321547012134779e+00 3.058514831461453198e+00 3.175867039263295943e+00 3.294375304427452633e+00 3.410719352106890589e+00 3.522755257594257117e+00 3.629299117275620823e+00
3.711194944335036272e+00 3.645268570438734201e+00 3.569844011525378225e+00 3.485621983595303952e+00 3.395291956898413233e+00 3.302194691508265834e+00 3.209699563766639230e+00 3.122013710260995722e+00 3.041455367279277233e+00 2.971384013609769781e+00 2.916693773134520384e+00 2.878400799177047276e+00 2.858318292114858217e+00 2.859337220106834110e+00 2.884451066709043054e+00 2.936594261336753497e+00 3.015748874056077611e+00 3.109495916914394087e+00 3.210224017276351205e+00 3.313753405664988883e+00 3.417228049485946606e+00
3.843181880306401510e+00 3.785391668394550990e+00 3.720638233490397351e+00 3.648009766378514485e+00 3.568923847846794395e+00 3.485729134429603526e+00 3.400831991749547534e+00 3.316445887666734649e+00 3.235795536293778696e+00 3.160671175034215352e+00 3.092892864734574587e+00 3.036156568909524012e+00 2.992512243465589528e+00 2.962277549444286784e+00 2.947276890586000953e+00 2.949609325126105297e+00 2.971400496987405049e+00 3.014732107314276988e+00 3.080623837469599557e+00 3.160743604209218738e+00 3.248112287135744403e+00
3.960289534867577288e+00 3.908315075091181701e+00 3.851700653486378023e+00 3.788361470996413516e+00 3.718875618212256207e+00 3.644709536564695540e+00 3.567633129173601425e+00 3.489563792047952973e+00 3.411880118527211181e+00 3.337155130824790206e+00 3.266910684923986175e+00 3.202047883262652661e+00 3.145170269343068981e+00 3.098761634923977049e+00 3.062975080573190567e+00 3.038656119895987828e+00 3.027268198269598365e+00 3.030371605498771714e+00 3.049529450434594224e+00 3.086272504965665853e+00 3.141830104556464498e+00
4.065680916125465671e+00 4.017855648435707749e+00 3.967523374514699164e+00 3.911639880235072919e+00 3.850219731537756651e+00 3.784078632008301746e+00 3.714410128730697203e+00 3.642523151100045098e+00 3.570206585563026280e+00 3.498163586104581668e+00 3.428499133232394414e+00 3.362585815318371196e+00 3.300773761392504113e+00 3.244915827396121166e+00 3.197136571745043732e+00 3.158317947635441492e+00 3.128496595046505568e+00 3.108636044528178211e+00 3.099884550157413265e+00 3.103429841999203909e+00 3.120454847152463351e+00
4.161607693487590964e+00 4.116732614711541949e+00 4.071277859062861992e+00 4.021412216960962738e+00 3.966631489345347372e+00 3.907321207629117943e+00 3.844396453025178850e+00 3.778864592677457779e+00 3.711532144021177260e+00 3.644117970928904882e+00 3.576893124052229034e+00 3.511604934244465959e+00 3.449527452150540796e+00 3.390687981404349571e+00 3.336407709419176193e+00 3.288315713653600092e+00 3.247791066052581499e+00 3.214719892373985033e+00 3.189554257919874125e+00 3.173125139966519015e+00 3.166339714589434529e+00
4.249728574934326986e+00 4.206909156382379500e+00 4.165267435810967811e+00 4.120290265600862867e+00 4.071017681088878959e+00 4.017616892709065191e+00 3.960583941469979052e+00 3.900644249375389450e+00 3.838812255007167273e+00 3.775531402211726117e+00 3.712339261677039204e+00 3.649281888581032973e+00 3.587821239607457358e+00 3.529146374382581719e+00 3.473112208287134628e+00 3.420651914340266053e+00 3.373026435702239034e+00 3.331542175231906100e+00 3.296572255459474299e+00 3.268074493335034525e+00 3.246610412583940786e+00
4.331300500348326032e+00 4.289852085744570331e+00 4.251208019768817792e+00 4.210216931140724483e+00 4.165578677563427590e+00 4.117177863793957115e+00 4.065324719234133966e+00 4.010582791303845873e+00 3.953452563779062068e+00 3.894869788501415186e+00 3.835207632802950961e+00 3.775687012130801712e+00 3.716272979258096854e+00 3.658194762749738871e+00 3.602547113542303947e+00 3.549120003124989431e+00 3.498554447580033866e+00 3.451835612693929356e+00 3.410019422057041893e+00 3.373919075264844913e+00 3.343344797856498296e+00
4.407298767769096237e+00 4.366698272048878060e+00 4.330407461025707505e+00 4.292681638882671180e+00 4.251926073575445386e+00 4.207775323560838387e+00 4.160421186014715111e+00 4.110195436412825920e+00 4.057656477051229338e+00 4.003247733387668816e+00 3.947532426582160525e+00 3.891112153861341127e+00 3.834813419074786012e+00 3.778613928811376255e+00 3.723546938072416879e+00 3.670607813225653437e+00 3.619585989759023903e+00 3.570900559747323122e+00 3.525325154036411668e+00 3.483713621019345119e+00 3.446918063398190846e+00
4.478495474838407375e+00 4.438326770689181799e+00 4.403882779444141526e+00 4.368845218491070881e+00 4.331349579281834394e+00 4.290898074436975129e+00 4.247463256408151366e+00 4.201303158178111730e+00 4.152745737118780589e+00 4.102203696264059118e+00 4.050307727157970383e+00 3.997202418360331855e+00 3.943687840712075676e+00 3.890247689396056252e+00 3.836907227964252876e+00 3.784537995812862654e+00 3.734036627409133224e+00 3.685227472645061120e+00 3.638360649558372018e+00 3.594044733188940022e+00 3.552977001618545572e+00
4.545512451916341234e+00 4.505442235753548630e+00 4.472439069224783736e+00 4.439623933431398939e+00 4.404896112262640884e+00 4.367581666816353625e+00 4.327544955859661258e+00 4.284934531524085877e+00 4.240020782682324629e+00 4.193166262547851630e+00 4.144547604873194402e+00 4.094919970024252898e+00 4.044211400983823701e+00 3.993306107808530570e+00 3.942425183583789128e+00 3.891645535566444991e+00 3.841707211175473091e+00 3.793412070599923247e+00 3.746637306363588493e+00 3.701504377052060590e+00 3.658491570062277987e+00
4.608858013320020319e+00 4.568618447408256955e+00 4.536723753106702617e+00 4.505751401235624343e+00 4.473381066658445704e+00 4.438775994169548156e+00 4.401741549533591424e+00 4.362293867230532030e+00 4.320625721221139415e+00 4.276928879328567135e+00 4.231655732314079543e+00 4.184940544119830186e+00 4.137337904454874149e+00 4.088836600880926930e+00 4.040282375754228106e+00 3.991708399633306037e+00 3.943236822934284902e+00 3.895500504022745503e+00 3.849212325092930875e+00 3.804309517543980057e+00 3.760815980012478299e+00
4.668953113157623847e+00 4.628320888005889699e+00 4.597264799112786626e+00 4.567822898987433433e+00 4.537449725094088393e+00 4.505205118154520960e+00 4.470751507026482940e+00 4.434085825066230058e+00 4.395304788952538289e+00 4.354636962975149572e+00 4.312273515911244637e+00 4.268435325574218453e+00 4.223545349060788823e+00 4.177777700701170716e+00 4.131312600836797522e+00 4.084884741163620880e+00 4.038402395808153855e+00 3.992022716874887855e+00 3.946290652558725576e+00 3.901836857032761507e+00 3.858659163121853197e+00
4.726150369040307275e+00 4.684940406466422402e+00 4.654498158705051125e+00 4.626325237364141252e+00 4.597657608560850484e+00 4.567447220458487500e+00 4.535309002835604453e+00 4.501117924358283062e+00 4.464946851431728980e+00 4.426918344404973560e+00 4.387188761639528423e+00 4.346123529023675047e+00 4.303691105120270421e+00 4.260488337510674128e+00 4.216423774853633510e+00 4.171839997005936773e+00 4.127342615301011541e+00 4.082766333355526633e+00 4.038292134585420357e+00 3.994392354388572208e+00 3.951622599509654776e+00
4.780748166485189188e+00 4.738804812861795668e+00 4.708787835705428471e+00 4.681662561318974625e+00 4.654464544648286406e+00 4.626034222061225165e+00 4.595888533728112790e+00 4.563890306104870120e+00 4.530032548006989401e+00 4.494411124322891027e+00 4.457211522247602531e+00 4.418498094885161542e+00 4.378610879021238134e+00 4.337574627463282262e+00 4.295907723836556613e+00 4.253434593825539345e+00 4.210591890738347942e+00 4.167853704161311512e+00 4.125022255455367493e+00 4.082291588950949901e+00 4.040073624200508640e+00
4.833001295990852597e+00 4.790190170588068952e+00 4.760440825874960424e+00 4.734176318552651530e+00 4.708235999885079792e+00 4.681352480928445914e+00 4.652997590760987734e+00 4.622952509464479220e+00 4.591184439078475066e+00 4.557756847179624593e+00 4.522741964131039794e+00 4.486307129922871617e+00 4.448667720006946880e+00 4.409869935805138752e+00 4.370207452100109968e+00 4.329929567467225127e+00 4.288947447655603540e+00 4.247718847796057240e+00 4.206589549276035456e+00 4.165361860897780488e+00 4.124233094147999878e+00
4.883129098613557595e+00 4.839335557564650614e+00 4.809718387277865048e+00 4.784156168062224879e+00 4.759292307053000215e+00 4.733766051052727519e+00 4.706977754915824264e+00 4.678674807263508484e+00 4.648783648821480874e+00 4.617303349951374258e+00 4.584335905940079670e+00 4.550022698906581731e+00 4.514366946075893949e+00 4.477738740814235285e+00 4.440016812730763540e+00 4.401660843605720075e+00 4.362665549212070282e+00 4.323082217677075789e+00 4.283352721480537362e+00 4.243699933535755697e+00 4.203951798633265291e+00
4.931321789490803909e+00 4.886445324753594832e+00 4.856844688540077115e+00 4.831849571137375676e+00 4.807912465704610838e+00 4.783578138285985659e+00 4.758183781764862452e+00 4.731436818082139339e+00 4.703221292793924313e+00 4.673540654555275786e+00 4.642445789400857947e+00 4.609971666323699147e+00 4.576308195155649905e+00 4.541520750288944086e+00 4.505800710002977993e+00 4.469149017997548157e+00 4.432004348246776360e+00 4.394214111892244645e+00 4.355944338022569973e+00 4.317607526891958258e+00 4.279316407125875799e+00
4.977745428430078611e+00 4.931696972943202084e+00 4.902013505867570231e+00 4.877469458163056437e+00 4.854326841530725467e+00 4.831028980853829147e+00 4.806874301566891106e+00 4.781522399091590714e+00 4.754838003713743433e+00 4.726771891287556926e+00 4.697338283767382272e+00 4.666633605658271122e+00 4.634761282026143903e+00 4.601717541315336391e+00 4.567800952712450346e+00 4.532940884239195611e+00 4.497348335646496942e+00 4.461313957474632552e+00 4.424662250668258245e+00 4.387627137003898170e+00 4.350583730455697129e+00
