4.093435381495240222e+00 4.103860656852864608e+00 4.109770734021052974e+00 4.113337517239100016e+00 4.115705946339351939e+00 4.117458968007715825e+00 4.118747285551433990e+00 4.119775223062197789e+00 4.120593983898744206e+00 4.121270413022605439e+00 4.121837481392895519e+00 4.122315834917513300e+00 4.122732982113738842e+00 4.123090321925759305e+00 4.123407583602419990e+00 4.123688129093164179e+00 4.123937566084004303e+00 4.124162923610831477e+00 4.124364403986774619e+00 4.124548619123895143e+00 4.124716196741278651e+00
4.269061756246382622e+00 4.281528754299042561e+00 4.288509929483690364e+00 4.292735472575467170e+00 4.295549118100806751e+00 4.297623274550963046e+00 4.299153688949402863e+00 4.300370555275232931e+00 4.301340732112905130e+00 4.302141152133338586e+00 4.302811557110758578e+00 4.303377306259408286e+00 4.303869295742621226e+00 4.304291410285424391e+00 4.304665258345086620e+00 4.304995648012654996e+00 4.305289301321428397e+00 4.305554131488039005e+00 4.305791057055448512e+00 4.306007261674323239e+00 4.306203832336991333e+00
4.416551703728564426e+00 4.431067149769123859e+00 4.439124578966570311e+00 4.444012966160157063e+00 4.447275339136596450e+00 4.449673438437107720e+00 4.451448472189392547e+00 4.452856568565869644e+00 4.453980226233698048e+00 4.454906500882684028e+00 4.455681940330876500e+00 4.456336649624978996e+00 4.456904931698967509e+00 4.457393175440364175e+00 4.457824877367673189e+00 4.458206297711012844e+00 4.458545285291824811e+00 4.458850648175737952e+00 4.459124023897712341e+00 4.459373174322450062e+00 4.459599664784657413e+00
4.543437412442606238e+00 4.560004574649624942e+00 4.569140897609402785e+00 4.574694254297863694e+00 4.578407200233860941e+00 4.581130764632739272e+00 4.583151716601001624e+00 4.584752192281918326e+00 4.586030428706251882e+00 4.587083550080032879e+00 4.587964933576955673e+00 4.588709433672464755e+00 4.589354774432292672e+00 4.589909861957119475e+00 4.590400087428360365e+00 4.590833168287564270e+00 4.591218084774859598e+00 4.591564541359733020e+00 4.591874897377777209e+00 4.592157498795505610e+00 4.592414390503519961e+00
4.654582109787277489e+00 4.673202590589577099e+00 4.683419250716314153e+00 4.689638773306181285e+00 4.693803343000121586e+00 4.696853245403790567e+00 4.699120901875174283e+00 4.700914415421911130e+00 4.702347795978260692e+00 4.703528344063023781e+00 4.704516194981872346e+00 4.705350974202156422e+00 4.706073823322433292e+00 4.706696169096463933e+00 4.707245305140890679e+00 4.707730409573986918e+00 4.708161597281667277e+00 4.708549472672968861e+00 4.708897118492482825e+00 4.709213464605753963e+00 4.709501035545303083e+00
4.753308295076083212e+00 4.773982796649056226e+00 4.785280605797462172e+00 4.792167001920238256e+00 4.796783829672946808e+00 4.800160601560381934e+00 4.802675444873950816e+00 4.804662422829013124e+00 4.806251315986878936e+00 4.807559582490680938e+00 4.808654229844805172e+00 4.809579587723669114e+00 4.810380224847047970e+00 4.811070091488210743e+00 4.811678381263043036e+00 4.812215734264496447e+00 4.812693404867941283e+00 4.813122899869405558e+00 4.813508025310158978e+00 4.813858296836055928e+00 4.814176720648643659e+00
4.841986632316761074e+00 4.864715320979263957e+00 4.877094727663116025e+00 4.884648427200631637e+00 4.889717910785215338e+00 4.893421890959398723e+00 4.896184230320837827e+00 4.898364948552055509e+00 4.900109603554595239e+00 4.901545810615267840e+00 4.902747412310495712e+00 4.903763538485415907e+00 4.904642150790129662e+00 4.905399705441665148e+00 4.906067311170209777e+00 4.906657063952495790e+00 4.907181357505301378e+00 4.907652602844587264e+00 4.908075331579520473e+00 4.908459646720695346e+00 4.908809035564726031e+00
4.922367955510851267e+00 4.947150650191472820e+00 4.960611878363421212e+00 4.968833143365054106e+00 4.974355537165912722e+00 4.978386948137174528e+00 4.981396989269972764e+00 4.983771632188303435e+00 4.985672217192102629e+00 4.987236518557314646e+00 4.988545215413713763e+00 4.989652204358944410e+00 4.990608896615590595e+00 4.991434263289454165e+00 4.992161291140671864e+00 4.992803546621273014e+00 4.993374561398868927e+00 4.993887649142122243e+00 4.994348066477843240e+00 4.994766505211855723e+00 4.995146935199166194e+00
4.995782091215767551e+00 5.022618367438695941e+00 5.037161493404164858e+00 5.046050477413576374e+00 5.052025945483829439e+00 5.056384935866491404e+00 5.059642818764167771e+00 5.062211513304680111e+00 5.064268144664633375e+00 5.065960647719480292e+00 5.067376538464001712e+00 5.068574481549882549e+00 5.069609316741042981e+00 5.070502548431448986e+00 5.071289086191908879e+00 5.071983915031569090e+00 5.072601717384947584e+00 5.073156713819901853e+00 5.073654882289368118e+00 5.074107502980519158e+00 5.074519028412791677e+00
5.063262867255616584e+00 5.092152117790292642e+00 5.107777115177311700e+00 5.117333898207668597e+00 5.123762544915903661e+00 5.128449214435102377e+00 5.131955035878318583e+00 5.134717871299727676e+00 5.136930631293270544e+00 5.138751412589598111e+00 5.140274568258869081e+00 5.141563531311531321e+00 5.142676570476002240e+00 5.143637712739790757e+00 5.144483784683570704e+00 5.145231247297980204e+00 5.145895887613352926e+00 5.146492837393921604e+00 5.147028802089582022e+00 5.147515648485171624e+00 5.147958310746261645e+00
5.125629915294872774e+00 5.156571387003342721e+00 5.173278153952603375e+00 5.183502764189664269e+00 5.190384652535053434e+00 5.195399067465483967e+00 5.199152894670597824e+00 5.202109934339420150e+00 5.204478882464020018e+00 5.206427997349889480e+00 5.208058469848458216e+00 5.209438501434338065e+00 5.210629789588963945e+00 5.211658885300639810e+00 5.212564525521640846e+00 5.213364629902874192e+00 5.214076146922280941e+00 5.214715090363506889e+00 5.215288882333327436e+00 5.215809985257074288e+00 5.216283815659737755e+00
5.183544037749307165e+00 5.216536855006155271e+00 5.234325231523493827e+00 5.245217658996967458e+00 5.252552822145647227e+00 5.257895025184236459e+00 5.261896904575037226e+00 5.265048193731796999e+00 5.267573373142438342e+00 5.269650862509715594e+00 5.271388690132706500e+00 5.272859826492087620e+00 5.274129397579590872e+00 5.275226479010150626e+00 5.276191717254109292e+00 5.277044490312201575e+00 5.277802886128974080e+00 5.278483844198774477e+00 5.279095495880556044e+00 5.279650878870411290e+00 5.280155898457838504e+00
5.237545767731122126e+00 5.272588947528644709e+00 5.291458726863500495e+00 5.303018932398776641e+00 5.310807381376692504e+00 5.316477398018163214e+00 5.320727360820200147e+00 5.324072931529318708e+00 5.326754373773807671e+00 5.328960267995829447e+00 5.330805479485491993e+00 5.332367747871602504e+00 5.333715627676424376e+00 5.334880719628632306e+00 5.335905578639960289e+00 5.336811042066656796e+00 5.337616337402296018e+00 5.338339312728453301e+00 5.338988830149782316e+00 5.339578519831365000e+00 5.340114747360729552e+00
5.288082894961802616e+00 5.325175357028737011e+00 5.345126293298251952e+00 5.357354214536552917e+00 5.365595943373851817e+00 5.371593786001295889e+00 5.376091852410885608e+00 5.379631727039148714e+00 5.382469455001436032e+00 5.384803776555115995e+00 5.386756393733509896e+00 5.388409814834677292e+00 5.389836023105810447e+00 5.391069144725873841e+00 5.392153642277336623e+00 5.393111812899741508e+00 5.393964024150573522e+00 5.394729031653656470e+00 5.395416419225925964e+00 5.396040412271648989e+00 5.396607868999919511e+00
5.335530541969618845e+00 5.374671115692105872e+00 5.395702929129214453e+00 5.408598484708543985e+00 5.417293474067543357e+00 5.423619144861407726e+00 5.428365326659507772e+00 5.432099520095368561e+00 5.435093550130684292e+00 5.437556315791079342e+00 5.439616355062288022e+00 5.441360944856258541e+00 5.442865496707407047e+00 5.444166662901012366e+00 5.445310812912269149e+00 5.446321704072717651e+00 5.447220844126650974e+00 5.448027895789849140e+00 5.448753164995320475e+00 5.449411467101581863e+00 5.450010144206315132e+00
5.380206086131076759e+00 5.421393515331464741e+00 5.443505896052350579e+00 5.457068988490167527e+00 5.466217208136107786e+00 5.472870701166039353e+00 5.477865003425469226e+00 5.481793525038121118e+00 5.484943868548448620e+00 5.487535090489633838e+00 5.489702564201254908e+00 5.491538334954626066e+00 5.493121242220952993e+00 5.494490464505611627e+00 5.495694277944792816e+00 5.496757900233570915e+00 5.497703979447562617e+00 5.498553084798147417e+00 5.499316244947529242e+00 5.500008864886774873e+00 5.500638768875454332e+00
5.422380437919311014e+00 5.465613384243066974e+00 5.488805994831726487e+00 5.503036512673877390e+00 5.512637923254573025e+00 5.519619225997727696e+00 5.524861648464622021e+00 5.528984503276528351e+00 5.532291167615460026e+00 5.535010854537997460e+00 5.537285771970537951e+00 5.539212732949668094e+00 5.540874004882695658e+00 5.542311292353626406e+00 5.543574777802277254e+00 5.544691139647197176e+00 5.545684166343782806e+00 5.546575333128801688e+00 5.547376391714413657e+00 5.548103336638877892e+00 5.548764474363038879e+00
5.462286693912826507e+00 5.507563739231749800e+00 5.531836216666865980e+00 5.546734036042098026e+00 5.556788590417856000e+00 5.564097684920046305e+00 5.569588222919654719e+00 5.573905412339289711e+00 5.577368401863163960e+00 5.580216559732355641e+00 5.582598927542305134e+00 5.584617085840783979e+00 5.586356729529885712e+00 5.587862089391019360e+00 5.589185253641757889e+00 5.590354361744630296e+00 5.591394342602997725e+00 5.592327577120019377e+00 5.593166540299521650e+00 5.593927816028399391e+00 5.594620193093222227e+00
5.500126864718271058e+00 5.547446512854478762e+00 5.572798469941061761e+00 5.588363455696266691e+00 5.598871099937538176e+00 5.606507963588326149e+00 5.612246608793208580e+00 5.616758131290704448e+00 5.620377447957503492e+00 5.623354080392966026e+00 5.625843903313494820e+00 5.627953264197506300e+00 5.629771285045118034e+00 5.631344722951718396e+00 5.632727571455243165e+00 5.633949431098312033e+00 5.635036371527019305e+00 5.636011678868097619e+00 5.636888551703130190e+00 5.637684163066187359e+00 5.638407784079465301e+00
5.536077168948509097e+00 5.585437846790943794e+00 5.611868873142791259e+00 5.628100879676669166e+00 5.639061553726900655e+00 5.647026159820674351e+00 5.653012900801251739e+00 5.657718752358096737e+00 5.661494396014150610e+00 5.664599504879566538e+00 5.667196785997624886e+00 5.669397353156721664e+00 5.671293755315164553e+00 5.672935275553530943e+00 5.674377812643980334e+00 5.675652428119107640e+00 5.676786332357329101e+00 5.677803716680409174e+00 5.678718503284942543e+00 5.679548454281665215e+00 5.680303323089877843e+00
5.570292249748076685e+00 5.621692308220690215e+00 5.649201971142812972e+00 5.666100843110887908e+00 5.677514481411136238e+00 5.685806799664661071e+00 5.692041622364886422e+00 5.696941796843997707e+00 5.700873765599272502e+00 5.704107351369978041e+00 5.706812092345036724e+00 5.709103868359729717e+00 5.711078654816923006e+00 5.712788260701854526e+00 5.714290489728850453e+00 5.715617864484119792e+00 5.716798736017421945e+00 5.717858200611781072e+00 5.718810904381990134e+00 5.719675198297425212e+00 5.720461318127346928e+00
