1.496168881086134439e+00 -4.947031800590234469e-04 1.495674177906075375e+00
2.597325260124259128e+00 -3.793655733639736578e-03 2.593531604390619361e+00
3.119935911510835602e+00 -9.507906608135458654e-03 3.110428004902700216e+00
3.462383180444976283e+00 -1.698294265251690249e-02 3.445400237792459297e+00
3.712573738306180537e+00 -2.574149925915163520e-02 3.686832239047028725e+00
3.916394735393933235e+00 -3.543045373328122805e-02 3.880964281660652215e+00
4.082378732822474987e+00 -4.577943585253038683e-02 4.036599296969944461e+00
4.227568926586881659e+00 -5.657836245018508375e-02 4.170990564136696221e+00
4.351794622636879772e+00 -6.765033734510189634e-02 4.284144285291778154e+00
4.464570020277391471e+00 -7.882800942833510793e-02 4.385742010849056349e+00
4.565922741668131835e+00 -8.993765614425264232e-02 4.475985085523879192e+00
4.656032196659709577e+00 -1.007912039578842817e-01 4.555240992701825142e+00
4.740452850005398844e+00 -1.112290009907029725e-01 4.629223849014695524e+00
4.816665394913343334e+00 -1.211520294717798318e-01 4.695513365441563280e+00
4.889003241586134862e+00 -1.305123796050683960e-01 4.758490861981066189e+00
4.955033114544914241e+00 -1.392971244417711973e-01 4.815735990103142683e+00
5.018314701053173899e+00 -1.475161781783073944e-01 4.870798522874866698e+00
5.077832648744606381e+00 -1.551924152271849655e-01 4.922640233517421748e+00
5.132803754722399248e+00 -1.623557169830135150e-01 4.970448037739386038e+00
5.186052231035725768e+00 -1.690392014801711806e-01 5.017013029555554837e+00
5.235521584330993683e+00 -1.752765188898570137e-01 5.060245065441137058e+00
5.283695527011301962e+00 -1.811008008606318775e-01 5.102594726150670112e+00
5.328667597795035071e+00 -1.865435393967441735e-01 5.142124058398290565e+00
5.372651609634959691e+00 -1.916344619848041886e-01 5.181017147650155863e+00
5.414783701616606493e+00 -1.964011111046733427e-01 5.218382590511932762e+00
5.454335009331072293e+00 -2.008689207622969819e-01 5.253466088568774950e+00
5.493226334616544193e+00 -2.050613316642247719e-01 5.288165002952319504e+00
5.529847623851582128e+00 -2.089997227827352921e-01 5.320847901068846753e+00
5.565960993524455169e+00 -2.127037230680743074e-01 5.353257270456381001e+00
5.600056641336287555e+00 -2.161911790874422312e-01 5.383865462248845546e+00
5.633762602603135328e+00 -2.194784516023784160e-01 5.414284151000757106e+00
5.666370232987095079e+00 -2.225804202913086172e-01 5.443789812695786878e+00
5.697257765900852533e+00 -2.255106718668691834e-01 5.471747094033982961e+00
5.727891295693281926e+00 -2.282816580110348659e-01 5.499609637682246976e+00
5.756963119407948248e+00 -2.309047047194205948e-01 5.526058414688527876e+00
5.785845675089177576e+00 -2.333902236149331122e-01 5.552455451474244796e+00
5.813302515775751189e+00 -2.357477005977718088e-01 5.577554815177979464e+00
5.840624546930353489e+00 -2.379858742214024936e-01 5.602638672708950551e+00
5.867220637902528679e+00 -2.401127301016490745e-01 5.627107907800879438e+00
5.892558409702761679e+00 -2.421356048271418593e-01 5.650422804875620209e+00
5.917825303735866349e+00 -2.440612719267780395e-01 5.673764031809088060e+00
5.941927757193385951e+00 -2.458959320628731626e-01 5.696031825130512871e+00
5.965992135956327047e+00 -2.476453332056222090e-01 5.718346802750704505e+00
5.988974267511109062e+00 -2.493147476790816552e-01 5.739659519832027712e+00
6.011946182095620372e+00 -2.509090753898426951e-01 5.761037106705777511e+00
6.034402583978063284e+00 -2.524328260257779344e-01 5.781969757952285072e+00
6.055881228277542050e+00 -2.538901755386415160e-01 5.801991052738900478e+00
6.077382199414475217e+00 -2.552850128911327565e-01 5.822097186523342849e+00
6.097966393983687894e+00 -2.566209220445823669e-01 5.841345471939105138e+00
6.118590547477055885e+00 -2.579012547530410981e-01 5.860689292724014621e+00
6.138798288232429456e+00 -2.591291104912203935e-01 5.879669177741209118e+00
6.158168004262434714e+00 -2.603073744786199573e-01 5.897860629783814979e+00
6.177598984478751554e+00 -2.614387493480203606e-01 5.916160235130731415e+00
6.196238423366646764e+00 -2.625257362211306789e-01 5.933712687145516362e+00
6.214950776589574843e+00 -2.635706879505461120e-01 5.951380088639028898e+00
6.232913636523059964e+00 -2.645757852554352363e-01 5.968337851267624394e+00
6.250958453558038030e+00 -2.655430841290382649e-01 5.985415369428999988e+00
6.268683413470331089e+00 -2.664744966820544181e-01 6.002208916788276838e+00
6.285713855882534062e+00 -2.673718145421410952e-01 6.018342041340392967e+00
6.302838282369758183e+00 -2.682367284050606870e-01 6.034601553964697551e+00
6.319301659242188229e+00 -2.690708105637246716e-01 6.050230848678463502e+00
6.335865304021215394e+00 -2.698755512460928041e-01 6.065989752775122312e+00
6.351798256864483960e+00 -2.706523379753718039e-01 6.081145918889111712e+00
6.367836513263392284e+00 -2.714024884711357943e-01 6.096434024792256601e+00
6.383621761560813290e+00 -2.721272339209823699e-01 6.111494527639830920e+00
6.398817206946162628e+00 -2.728277343998457005e-01 6.125989472546317316e+00
6.414124772128573682e+00 -2.735050918441562784e-01 6.140619680284417292e+00
6.428867239190260818e+00 -2.741603349345387297e-01 6.154706904255721867e+00
6.443725055750946673e+00 -2.747944452666099546e-01 6.168930610484336441e+00
6.458040621601679021e+00 -2.754083400454789277e-01 6.182632281556200482e+00
6.472474343872365310e+00 -2.760028960762291317e-01 6.196471447796136012e+00
6.486702864826121129e+00 -2.765789355957824491e-01 6.210123929230338291e+00
6.500420316288744615e+00 -2.771372370653431561e-01 6.223283079223401515e+00
6.514259391934990262e+00 -2.776785442957671601e-01 6.236580847639222824e+00
6.527606417286713203e+00 -2.782035536876800719e-01 6.249402863599033076e+00
6.541076771595508710e+00 -2.787129338579195093e-01 6.262363837737589201e+00
6.554072943064706891e+00 -2.792073112343336216e-01 6.274865631830373047e+00
6.567193809036746543e+00 -2.796872882422593021e-01 6.287506520794487130e+00
6.580144868577252559e+00 -2.801534314483168364e-01 6.299991437128936056e+00
6.592646149675302603e+00 -2.806062794715628028e-01 6.312039870203739689e+00
6.605273732601042447e+00 -2.810463497098324437e-01 6.324227382891209892e+00
6.617466681445120180e+00 -2.814741276229363320e-01 6.335992553822183737e+00
6.629786646155467089e+00 -2.818900819437806793e-01 6.347896564211686687e+00
6.641686202269490025e+00 -2.822946526899071107e-01 6.359391549579583192e+00
6.653713126370737641e+00 -2.826882653610877649e-01 6.371024861009649598e+00
6.665597192015909833e+00 -2.830713210356574638e-01 6.382525870980252591e+00
6.677080442120760573e+00 -2.834442023619071493e-01 6.393636239758853534e+00
6.688691646949377123e+00 -2.838072787096597716e-01 6.404884368239716963e+00
6.699914274334576980e+00 -2.841608971694160601e-01 6.415753377165160920e+00
6.711264845125937129e+00 -2.845053946413576007e-01 6.426759450484579972e+00
6.722238291518729980e+00 -2.848410878073280306e-01 6.437397203711402227e+00
6.733339585892498036e+00 -2.851682845008013945e-01 6.448171301391696808e+00
6.744319082598752679e+00 -2.854872753636912841e-01 6.458831807235061007e+00
6.754937599724784469e+00 -2.857983385498647499e-01 6.469139261174920108e+00
6.765683823143404219e+00 -2.861017437859689760e-01 6.479582079357435020e+00
6.776079142641656894e+00 -2.863977447662641174e-01 6.489681397875393110e+00
6.786601841733413742e+00 -2.866865889726384342e-01 6.499915252760775530e+00
6.796783230344531468e+00 -2.869685092183762443e-01 6.509814721126154780e+00
6.807091544947985184e+00 -2.872437329262322869e-01 6.519847812021753342e+00
6.817294786726336042e+00 -2.875124750726921752e-01 6.529782311653644200e+00
