6.405570387665020071e+00 6.777935436584538564e+00 7.048516216127278966e+00 7.261209882909565039e+00 7.436482208093150525e+00 7.585555638562416547e+00 7.715255255670469658e+00 7.830043410499577305e+00 7.932998503633974074e+00 8.026334101659745812e+00 8.111695362588548619e+00 8.190338412108969735e+00 8.263244101132588781e+00 8.331192998260442906e+00 8.394816463506536763e+00 8.454632412006091613e+00 8.511070965096999785e+00 8.564493237386837876e+00 8.615205352473543243e+00 8.663469071480447425e+00 8.709509971611208101e+00
6.404863865807641332e+00 6.777600742196502992e+00 7.048321577356587930e+00 7.261082739185191315e+00 7.436392682179413072e+00 7.585489203096918764e+00 7.715204004769893764e+00 7.830002675414093005e+00 7.932965350680770023e+00 8.026306595074077066e+00 8.111672173535275476e+00 8.190318598206181022e+00 8.263226975608946034e+00 8.331178048834988914e+00 8.394803300267735580e+00 8.454620732932948357e+00 8.511060532616671281e+00 8.564483862055553232e+00 8.615196881377315208e+00 8.663461379836268961e+00 8.709502956583714095e+00
6.404026298800525652e+00 6.777204608589903145e+00 7.048091349367262559e+00 7.260932391727722646e+00 7.436286835140424323e+00 7.585410663984257340e+00 7.715143420671223495e+00 7.829954524421712136e+00 7.932926163504422590e+00 8.026274082793076303e+00 8.111644765140988866e+00 8.190295179681267967e+00 8.263206735034277273e+00 8.331160380503053631e+00 8.394787743178870443e+00 8.454606930046514535e+00 8.511048203100401111e+00 8.564472781981280036e+00 8.615186870003256558e+00 8.663452289674946627e+00 8.709494666090433768e+00
6.403056387606865130e+00 6.776746746619743078e+00 7.047825434842748038e+00 7.260758799175612843e+00 7.436164646546156831e+00 7.585320009984230616e+00 7.715073496724337510e+00 7.829898953281321461e+00 7.932880939285757549e+00 8.026236562893405591e+00 8.111613135949241382e+00 8.190268155255994387e+00 8.263183378253039280e+00 8.331139992322523113e+00 8.394769791546250914e+00 8.454591002838602876e+00 8.511033976161012760e+00 8.564459996860831481e+00 8.615175318108203584e+00 8.663441800796764625e+00 8.709485099964350496e+00
6.401952618790524241e+00 6.776226820733073808e+00 7.047523720941296865e+00 7.260561913559858915e+00 7.436026092686539357e+00 7.585217228083729779e+00 7.714994225181972531e+00 7.829835957127798451e+00 7.932829674795114805e+00 8.026194033129458560e+00 8.111577284373462149e+00 8.190237523780995232e+00 8.263156904374620026e+00 8.331116883517198701e+00 8.394749444652472192e+00 8.454572950695952827e+00 8.511017851324796268e+00 8.564445506335001568e+00 8.615162225411236108e+00 8.663429912976731373e+00 8.709474258022561699e+00
6.400713258831774333e+00 6.775644448486930038e+00 7.047186079243997092e+00 7.260341680309887913e+00 7.435871146584297264e+00 7.585102303461543904e+00 7.714905597252029068e+00 7.829765530402084117e+00 7.932772366364888583e+00 8.026146490984595872e+00 8.111537208608272209e+00 8.190203283935618472e+00 8.263127312420456505e+00 8.331091053344538366e+00 8.394726701910773414e+00 8.454552773109934805e+00 8.510999828117430610e+00 8.564429309983832894e+00 8.615147591574212171e+00 8.663416625951148475e+00 8.709462140054512247e+00
6.399336347383923318e+00 6.774999199914061521e+00 7.046812365657324051e+00 7.260098038238831819e+00 7.435699778000391724e+00 7.584975219504379140e+00 7.714807603063392527e+00 7.829687666888332842e+00 7.932709009873976314e+00 8.026093933627674204e+00 8.111492906651912804e+00 8.190165434251737153e+00 8.263094601285720486e+00 8.331062500966606166e+00 8.394701562675223272e+00 8.454530469573194651e+00 8.510979906130529571e+00 8.564411407454359804e+00 8.615131416267814757e+00 8.663401939420715792e+00 8.709448745810247416e+00
6.397819689485102046e+00 6.774290596760891958e+00 7.046402420282523060e+00 7.259830919515375847e+00 7.435511953426725995e+00 7.584835957808825135e+00 7.714700231686595799e+00 7.829602359687106272e+00 7.932639600766927757e+00 8.026036357920311559e+00 8.111444376275301238e+00 8.190123973110070565e+00 8.263058769760560196e+00 8.331031225454301747e+00 8.394674026224800301e+00 8.454506039521547223e+00 8.510958084915325017e+00 8.564391798384672683e+00 8.615113699195621422e+00 8.663385853129431879e+00 8.709434075051976976e+00
6.396160846711291370e+00 6.773518111628588301e+00 7.045956067262670430e+00 7.259540249628509301e+00 7.435307636074540483e+00 7.584684498171548661e+00 7.714583471123718006e+00 7.829509601236043892e+00 7.932564134035326120e+00 8.025973760425529235e+00 8.111391615034495572e+00 8.190078898725714041e+00 8.263019816517347849e+00 8.330997225797963424e+00 8.394644091773114880e+00 8.454479482332583729e+00 8.510934363977144201e+00 8.564370482376958194e+00 8.615094440033455925e+00 8.663368366810306753e+00 8.709418127557484013e+00
6.394357127167508814e+00 6.772681166986796342e+00 7.045473114596677355e+00 7.259225947337812457e+00 7.435086785860486991e+00 7.584520818590791080e+00 7.714457308310657346e+00 7.829409383293672420e+00 7.932482604232612644e+00 8.025906137393514328e+00 8.111334620272177887e+00 8.190030209158161156e+00 8.262977740104879842e+00 8.330960500895816523e+00 8.394611758467956264e+00 8.454450797334702727e+00 8.510908742776656766e+00 8.564347458995538176e+00 8.615073638427269032e+00 8.663349480172129802e+00 8.709400903084828727e+00
6.392405574315627170e+00 6.771779134097048569e+00 7.044953353941627583e+00 7.258887924622845489e+00 7.434849359392376122e+00 7.584344895257695285e+00 7.714321729114473669e+00 7.829301696950657252e+00 7.932395005463258819e+00 8.025833484773663429e+00 8.111273389109285858e+00 8.189977902310976887e+00 8.262932538957146633e+00 8.330921049552749480e+00 8.394577025385585145e+00 8.454419983802308636e+00 8.510881220735369013e+00 8.564322727771211063e+00 8.615051293992443959e+00 8.663329192898864051e+00 8.709382401371970062e+00
6.390302954503416899e+00 6.770811331821798618e+00 7.044396560389726503e+00 7.258526086623676932e+00 7.434595309947691355e+00 7.584156702549094575e+00 7.714176718329627036e+00 7.829186532619855754e+00 7.932301331388904586e+00 8.025755798207987013e+00 8.111207918452576493e+00 8.189921975926104381e+00 8.262884211391167355e+00 8.330878870486712273e+00 8.394539891530303777e+00 8.454387040953527332e+00 8.510851797230673199e+00 8.564296288201816765e+00 8.615027406318422010e+00 8.663307504650227031e+00 8.709362622135914833e+00
6.388045743115947417e+00 6.769777025321283226e+00 7.043802492225767153e+00 7.258140331576106163e+00 7.434324587452334043e+00 7.583956213021419757e+00 7.714022259676454496e+00 7.829063880041458923e+00 7.932201575224846479e+00 8.025673073031512672e+00 8.111138204991870992e+00 8.189862427588570526e+00 8.262832755603575663e+00 8.330833962326249065e+00 8.394500355839310757e+00 8.454351967950220370e+00 8.510820471595103243e+00 8.564268139749339426e+00 8.615001974966496334e+00 8.663284415064632427e+00 8.709341565074709024e+00
6.385630109233385809e+00 6.768675424635677729e+00 7.043170890664107731e+00 7.257730550741109177e+00 7.434037138457600946e+00 7.583743397398655439e+00 7.713858335794648191e+00 7.828933728275999648e+00 7.932095729739033096e+00 8.025585304274841292e+00 8.111064245197637135e+00 8.189799254726043642e+00 8.262778169673254069e+00 8.330786323608437627e+00 8.394458417180306498e+00 8.454314763901555452e+00 8.510787243116620715e+00 8.564238281839552158e+00 8.614974999468721251e+00 8.663259923756712055e+00 8.709319229868073720e+00
6.383051898666845858e+00 6.767505683147290618e+00 7.042501479564889699e+00 7.257296628328662180e+00 7.433732906114192573e+00 7.583518224564150145e+00 7.713684928241519856e+00 7.828796065706267626e+00 7.931983787253019003e+00 8.025492486659512537e+00 8.110986035324740939e+00 8.189732454605957557e+00 8.262720451562167057e+00 8.330735952780241149e+00 8.394414074350287081e+00 8.454275427861876580e+00 8.510752111041162138e+00 8.564206713862505538e+00 8.614946479327604933e+00 8.663234030317031653e+00 8.709295616175785071e+00
6.380306615227193667e+00 6.766266895915991064e+00 7.041793965129073740e+00 7.256838441416002539e+00 7.433411830143963783e+00 7.583280661549021140e+00 7.713502017484517026e+00 7.828650880031863935e+00 7.931865739637959045e+00 8.025394614600742216e+00 8.110903571409449953e+00 8.189662024337756918e+00 8.262659599112915032e+00 8.330682848199884916e+00 8.394367326076103808e+00 8.454233958830013052e+00 8.510715074570855521e+00 8.564173435174273763e+00 8.614916414016704493e+00 8.663206734311792445e+00 8.709270723637613898e+00
6.377389400063565361e+00 6.764958097883961408e+00 7.041048035572027075e+00 7.256355859860343926e+00 7.433073846810792418e+00 7.583030673519870923e+00 7.713309582898340899e+00 7.828498158269050045e+00 7.931741578316214181e+00 8.025291682205104138e+00 8.110816849269070872e+00 8.189587960872529493e+00 8.262595610049281447e+00 8.330627008134975142e+00 8.394318171016013963e+00 8.454190355749412689e+00 8.510676132863640220e+00 8.564138445095524688e+00 8.614884802981785938e+00 8.663178035283523926e+00 8.709244551873082330e+00
6.374295008884800495e+00 6.763578261941456837e+00 7.040263360774608792e+00 7.255848746205765920e+00 7.432718888889210618e+00 7.582768223767274662e+00 7.713107602757287573e+00 7.828337886746215446e+00 7.931611294257425726e+00 8.025183683269496271e+00 8.110725864503262272e+00 8.189510261001188951e+00 8.262528481977453154e+00 8.330568430762172127e+00 8.394266607758213539e+00 8.454144617509600224e+00 8.510635285033172792e+00 8.564101742911301329e+00 8.614851645639692634e+00 8.663147932751765978e+00 8.709217100482163687e+00
6.371017786855059484e+00 6.762126296846298956e+00 7.039439591911249572e+00 7.255316955584403260e+00 7.432346885630418676e+00 7.582493273691317981e+00 7.712896054230837350e+00 7.828170051102164351e+00 7.931474877978716087e+00 8.025070611281707400e+00 8.110630612491682712e+00 8.189428921355588642e+00 8.262458212384389711e+00 8.330507114168616667e+00 8.394212634820394925e+00 8.454096742945081289e+00 8.510592530150066892e+00 8.564063327870842457e+00 8.614816941378220960e+00 8.663116426212200238e+00 8.709188369045628875e+00
6.367551640929509205e+00 6.760601044990994346e+00 7.038576361054873054e+00 7.254760335612097322e+00 7.431957762727209982e+00 7.582205782788155268e+00 7.712674913376121211e+00 7.827994636282213037e+00 7.931332319542159226e+00 8.024952459417857398e+00 8.110531088394253629e+00 8.189343938408139678e+00 8.262384798637599559e+00 8.330443056351068520e+00 8.394156250650532058e+00 8.454046730835028001e+00 8.510547867241184505e+00 8.564023199188589786e+00 8.614780689555958659e+00 8.663083515136609236e+00 8.709158357124424654e+00
6.363890009357406008e+00 6.759001280005350942e+00 7.037673280756369998e+00 7.254178726277451084e+00 7.431551442276584929e+00 7.581905708634965713e+00 7.712444155132021528e+00 7.827811626535301492e+00 7.931183608553108222e+00 8.024829220542590846e+00 8.110427287150997699e+00 8.189255308470480443e+00 8.262308237986024650e+00 8.330376255215238501e+00 8.394097453626912397e+00 8.453994579903346462e+00 8.510501295289314427e+00 8.563981356043736781e+00 8.614742889502972290e+00 8.663049198972702314e+00 8.709127064259615025e+00
