2.302585092994045901e+00 -4.721327311866803655e-01 1.830452361807365591e+00
3.404558729364860259e+00 -4.959612516662064707e-01 2.908597477698653844e+00
3.916055268956084578e+00 -4.985676621216064697e-01 3.417487606834478164e+00
4.252814903193875118e+00 -4.993898919765486499e-01 3.753425011217326634e+00
4.504288961134310654e+00 -4.997624556226001324e-01 4.004526505511710965e+00
4.705061225841382644e+00 -4.999668941344528883e-01 4.205094331706929367e+00
4.872185621631313523e+00 -5.000934076296983388e-01 4.372092214001614963e+00
5.015338023623161945e+00 -5.001784801816249182e-01 4.515159543441536805e+00
5.140540591758036015e+00 -5.002392867575147228e-01 4.640301305000521737e+00
5.251797350913143703e+00 -5.002848310552520106e-01 4.751512519857891803e+00
5.351906004416021823e+00 -5.003202296983857433e-01 4.851585774717635857e+00
5.442898595359144664e+00 -5.003485791941353344e-01 4.942550016165009552e+00
5.526297686662860364e+00 -5.003718506604448724e-01 5.025925836002415714e+00
5.603273619942638284e+00 -5.003913520735098208e-01 5.102882267869128796e+00
5.674745421801655532e+00 -5.004079821056837130e-01 5.174337439695971597e+00
5.741447977542676107e+00 -5.004223767553841462e-01 5.241025600787292404e+00
5.803978160361048744e+00 -5.004349977455262444e-01 5.303543162615522277e+00
5.862827363187590457e+00 -5.004461878015635801e-01 5.362381175386026655e+00
5.918404976238476500e+00 -5.004562063314356157e-01 5.417948769907041218e+00
5.971055675476774738e+00 -5.004652531034026186e-01 5.470590422373372341e+00
6.021072382177013793e+00 -5.004734843486575713e-01 5.520598897828356222e+00
6.068706132501806572e+00 -5.004810239534962513e-01 5.568225108548309876e+00
6.114173701100421354e+00 -5.004879713918176654e-01 5.613685729708604022e+00
6.157663565451414911e+00 -5.004944074470948356e-01 5.657169158004320408e+00
6.199340626291403034e+00 -5.005003984061322519e-01 5.698840227885270338e+00
6.239349983018683155e+00 -5.005059991776867889e-01 5.738843983840996366e+00
6.277819982389925890e+00 -5.005112556425586057e-01 5.777308726747367729e+00
6.314864702161842480e+00 -5.005162064462442828e-01 5.814348495715598197e+00
6.350585990873483411e+00 -5.005208843818097497e-01 5.850065106491673994e+00
6.385075155681597892e+00 -5.005253174677780637e-01 5.884549838213819939e+00
6.418414368695311012e+00 -5.005295297964176271e-01 5.917884838898893385e+00
6.450677846335366894e+00 -5.005335422073321494e-01 5.950144304128034634e+00
6.481932844306048658e+00 -5.005373728268152078e-01 5.981395471479233450e+00
6.512240501727140973e+00 -5.005410375030898695e-01 6.011699464224051326e+00
6.541656561061527597e+00 -5.005445501601144542e-01 6.041112010901413143e+00
6.570231985143252018e+00 -5.005479230871590079e-01 6.069684062056093232e+00
6.598013488465624299e+00 -5.005511671773504867e-01 6.097462321288273479e+00
6.625043996640559207e+00 -5.005542921253717248e-01 6.124489704515187150e+00
6.651363045376276872e+00 -5.005573065922523934e-01 6.150805738784024257e+00
6.677007128282707704e+00 -5.005602183434744168e-01 6.176446909939233620e+00
6.702010001183967169e+00 -5.005630343653065806e-01 6.201446966818660478e+00
6.726402949305491319e+00 -5.005657609632808702e-01 6.225837188342210560e+00
6.750215022641677720e+00 -5.005684038459327079e-01 6.249646618795744679e+00
6.773473243945718814e+00 -5.005709681963281810e-01 6.272902275749390633e+00
6.796202793076389526e+00 -5.005734587334115249e-01 6.295629334342978112e+00
6.818427170855359876e+00 -5.005758797648307556e-01 6.317851291090528676e+00
6.840168345108486037e+00 -5.005782352326023643e-01 6.339590109875883783e+00
6.861446881166254563e+00 -5.005805287527231862e-01 6.360866352413530933e+00
6.882282058766591604e+00 -5.005827636496564814e-01 6.381699295116934678e+00
6.902691977025590120e+00 -5.005849429864489553e-01 6.402107034039141276e+00
6.922693648908414765e+00 -5.005870695911232016e-01 6.422106579317291342e+00
6.942303086436026227e+00 -5.005891460798680415e-01 6.441713940356158297e+00
6.961535377696963955e+00 -5.005911748774826142e-01 6.460944202819481674e+00
6.980404756592158755e+00 -5.005931582354448128e-01 6.479811598356714164e+00
6.998924666120430516e+00 -5.005950982479235867e-01 6.498329567872507262e+00
7.017107815909501056e+00 -5.005969968660093361e-01 6.516510819043491942e+00
7.034966234609215441e+00 -5.005988559103868862e-01 6.534367378698828333e+00
7.052511317687930159e+00 -5.006006770826538776e-01 6.551910640605276726e+00
7.069753871107696597e+00 -5.006024619754465554e-01 6.569151409132249597e+00
7.086704151297452015e+00 -5.006042120815255014e-01 6.586099939215926291e+00
7.103371901794481857e+00 -5.006059288019397702e-01 6.602765972992542309e+00
7.119766386881941855e+00 -5.006076134533826716e-01 6.619158773428559073e+00
7.135896422513196669e+00 -5.006092672748280181e-01 6.635287155238368761e+00
7.151770404781431445e+00 -5.006108914335324345e-01 6.651159513347899122e+00
7.167396336164696180e+00 -5.006124870304732299e-01 6.666783849134223061e+00
7.182781849751781245e+00 -5.006140551052820076e-01 6.682167794646499459e+00
7.197934231632505231e+00 -5.006155966407320745e-01 6.697318634991773045e+00
7.212860441616832041e+00 -5.006171125668227306e-01 6.712243329050009422e+00
7.227567132430298358e+00 -5.006186037645073972e-01 6.726948528665791294e+00
7.242060667518259720e+00 -5.006200710690972278e-01 6.741440596449162825e+00
7.256347137578227802e+00 -5.006215152733767271e-01 6.755725622304851186e+00
7.270432375927801338e+00 -5.006229371304576903e-01 6.769809438797343759e+00
7.284321972805227752e+00 -5.006243373564006616e-01 6.783697635448826979e+00
7.298021288690351938e+00 -5.006257166326195662e-01 6.797395572057732593e+00
7.311535466725382015e+00 -5.006270756080994921e-01 6.810908391117282079e+00
7.324869444307499755e+00 -5.006284149014365026e-01 6.824241029406063141e+00
7.338027963918709595e+00 -5.006297351027206854e-01 6.837398228815988688e+00
7.351015583252361374e+00 -5.006310367752760948e-01 6.850384546477084946e+00
7.363836684690464374e+00 -5.006323204572693530e-01 6.863204364233195243e+00
7.376495484181100792e+00 -5.006335866631989040e-01 6.875861897517902221e+00
7.388996039560939089e+00 -5.006348358852767966e-01 6.888361203675662736e+00
7.401342258363958315e+00 -5.006360685947089939e-01 6.900706189769249654e+00
7.413537905153973817e+00 -5.006372852428864206e-01 6.912900619911087396e+00
7.425586608415404299e+00 -5.006384862624922993e-01 6.924948122152912333e+00
7.437491867033825699e+00 -5.006396720685327706e-01 6.936852194965292817e+00
7.449257056395285126e+00 -5.006408430592971248e-01 6.948616213335988334e+00
7.460885434130961613e+00 -5.006419996172531972e-01 6.960243434513708749e+00
7.472380145531643869e+00 -5.006431421098856971e-01 6.971737003421758061e+00
7.483744228654541253e+00 -5.006442708904761396e-01 6.983099957764064669e+00
7.494980619143163381e+00 -5.006453862988344827e-01 6.994335232844329120e+00
7.506092154779408609e+00 -5.006464886619845789e-01 7.005445666117424253e+00
7.517081579785513057e+00 -5.006475782948047737e-01 7.016434001490708283e+00
7.527951548892177769e+00 -5.006486555006294248e-01 7.027302893391548011e+00
7.538704631187959748e+00 -5.006497205718132282e-01 7.038054910616146742e+00
7.549343313763892560e+00 -5.006507737902631261e-01 7.048692539973629323e+00
7.559870005166267504e+00 -5.006518154279342436e-01 7.059218189738333038e+00
7.570287038669568425e+00 -5.006528457473008453e-01 7.069634192922267246e+00
7.580596675380684601e+00 -5.006538650017976488e-01 7.079942810378886620e+00
7.590801107184731222e+00 -5.006548734362339381e-01 7.090146233748496840e+00
7.600902459542082212e+00 -5.006558712871883587e-01 7.100246588254893965e+00
