2.091329811086551249e+00 -1.350810023377070276e-03 2.089979001063174024e+00
3.216927523682937995e+00 -9.924359423721893295e-03 3.207003164259216277e+00
3.735120851178615808e+00 -2.315050843099253700e-02 3.711970342747623164e+00
4.070645246466114919e+00 -3.802340999400681543e-02 4.032621836472108257e+00
4.324801208376563011e+00 -4.966700278395374396e-02 4.275134205592609149e+00
4.527317076874171065e+00 6.768237426730866479e-02 4.594999451141479341e+00
4.695664800453035248e+00 -1.251842226037521155e-01 4.570480577849282966e+00
4.839727213894125413e+00 -1.329144815344940889e-01 4.706812732359630935e+00
4.963784127001582114e+00 -1.463653710995880819e-01 4.817418755901994309e+00
5.075792134119018861e+00 -1.597295178526191017e-01 4.916062616266399843e+00
5.176498388150855945e+00 -1.720668412611674469e-01 5.004431546889688498e+00
5.267992369761435256e+00 -1.832104609687138230e-01 5.084781908792721516e+00
5.351814705170736097e+00 -1.932009651148985652e-01 5.158613740055837837e+00
5.427980050907410536e+00 -2.021406742317699567e-01 5.225839376675640580e+00
5.499843942768657179e+00 -2.101454004460029668e-01 5.289698542322653907e+00
5.566885163573099149e+00 -2.173265840510157365e-01 5.349558579522083690e+00
5.629717851914904259e+00 -2.237853141452979533e-01 5.405932537769606583e+00
5.688855981704921128e+00 -2.296107588617327666e-01 5.459245222843188472e+00
5.743805973311880031e+00 -2.348805036159032633e-01 5.508925469695976851e+00
5.796694039335515747e+00 -2.396617122292538649e-01 5.557032327106261604e+00
5.846945752106937455e+00 -2.440122925383996499e-01 5.602933459568538055e+00
5.894795782920110305e+00 -2.479822195727025003e-01 5.646813563347407694e+00
5.940455226204454320e+00 -2.516146715929770683e-01 5.688840554611477529e+00
5.983448902892750887e+00 -2.549469892196939980e-01 5.728501913673056833e+00
6.025318143296437334e+00 -2.580116199660525966e-01 5.767306523330384849e+00
6.065496421584978037e+00 -2.608367822468015129e-01 5.804659639338176191e+00
6.104107519111911628e+00 -2.634470775958864808e-01 5.840660441516025259e+00
6.141294027252066634e+00 -2.658640818382128623e-01 5.875429945413853439e+00
6.176606954075545275e+00 -2.681066915093056058e-01 5.908500262566239947e+00
6.211272782743426646e+00 -2.701915869739435760e-01 5.941081195769482903e+00
6.244774314257605319e+00 -2.721334826313239752e-01 5.972640831626280900e+00
6.277187606777531848e+00 -2.739453949869098959e-01 6.003242211790621674e+00
6.308590838276511903e+00 -2.756389005916397017e-01 6.032951937684872590e+00
6.338526769099987135e+00 -2.772243113834154116e-01 6.061302457716571723e+00
6.368014272244605145e+00 -2.787108183051721366e-01 6.089303453939432842e+00
6.396672339029803034e+00 -2.801066527782981597e-01 6.116565686251504985e+00
6.424575986468196831e+00 -2.814192254013372918e-01 6.143156761066859595e+00
6.451746094849873714e+00 -2.826551485290066945e-01 6.169090946320866742e+00
6.477774114732159916e+00 -2.838204153783846495e-01 6.193953699353775377e+00
6.503525951054300869e+00 -2.849204400522978298e-01 6.218605511002002650e+00
6.528619010011098567e+00 -2.859601187286379687e-01 6.242658891282460765e+00
6.553091893307769311e+00 -2.869438785473171771e-01 6.266148014760451801e+00
6.576978098928234928e+00 -2.878757608140650737e-01 6.289102338114170188e+00
6.599937790029845708e+00 -2.887594351060330800e-01 6.311178354923812961e+00
6.622729774681678450e+00 -2.895982410284114184e-01 6.333131533653267198e+00
6.645003582728311819e+00 -2.903952589542839746e-01 6.354608323774027845e+00
6.666786419856530088e+00 -2.911532640391217841e-01 6.375633155817408415e+00
6.688112278618509876e+00 -2.918748358707369261e-01 6.396237442747772839e+00
6.708669751064475051e+00 -2.925623273506360311e-01 6.416107423713839353e+00
6.729147466420983825e+00 -2.932179008746043647e-01 6.435929565546379294e+00
6.749217802394674948e+00 -2.938435445597500917e-01 6.455374257834924911e+00
6.768906975298306428e+00 -2.944411163257839026e-01 6.474465858972522803e+00
6.787927825035198204e+00 -2.950122975043387163e-01 6.492915527530859876e+00
6.806895719818579771e+00 -2.955586552892195962e-01 6.511337064529359786e+00
6.825507468126509991e+00 -2.960816584384955985e-01 6.529425809688014226e+00
6.843778764143936932e+00 -2.965826394138818545e-01 6.547196124730055189e+00
6.861705463091949397e+00 -2.970628568178327322e-01 6.564642606274116332e+00
6.879017195586775379e+00 -2.975234603030076919e-01 6.581493735283768132e+00
6.896287028601150837e+00 -2.979655361936444646e-01 6.598321492407506206e+00
6.913257103523184455e+00 -2.983900924188810921e-01 6.614867011104303529e+00
6.929946003626650253e+00 -2.987980577108094171e-01 6.631147945915841113e+00
6.946366651055658537e+00 -2.991903193101939640e-01 6.647176331745464850e+00
6.962278535822020942e+00 -2.995676794545744648e-01 6.662710856367446866e+00
6.978200376469488653e+00 -2.999309103050404879e-01 6.678269466164447721e+00
6.993882959267097021e+00 -3.002807284457423842e-01 6.693602230821354304e+00
7.009327657381370535e+00 -3.006177920586062813e-01 6.708709865322764365e+00
7.024545512974463612e+00 -3.009427368582067719e-01 6.723602776116257118e+00
7.039293988327560037e+00 -3.012561549445245124e-01 6.738037833383035746e+00
7.054053810482201037e+00 -3.015585851148459007e-01 6.752495225367354692e+00
7.068596871357758715e+00 -3.018505599544533125e-01 6.766746311403305292e+00
7.082933749330212692e+00 -3.021325713511808231e-01 6.780801177979031813e+00
7.097066826409163198e+00 -3.024050661746914836e-01 6.794661760234471437e+00
7.110783073896589812e+00 -3.026684810736611775e-01 6.808114592822928302e+00
7.124536617500831781e+00 -3.029232327003404390e-01 6.821613384800491175e+00
7.138106965194830345e+00 -3.031697021256394287e-01 6.834937263069191360e+00
7.151494038859619096e+00 -3.034082480837498319e-01 6.848085790775868986e+00
7.164703008121279915e+00 -3.036392216285149215e-01 6.861063786492764827e+00
7.177538107034081349e+00 -3.038629505081059112e-01 6.873675156525975716e+00
7.190419900482867277e+00 -3.040797317797501176e-01 6.886340168703116937e+00
7.203140105092493251e+00 -3.042898675218423943e-01 6.898850237570650634e+00
7.215701007476684303e+00 -3.044936282961743790e-01 6.911207379180510202e+00
7.228106982891542742e+00 -3.046912722973849630e-01 6.923415710594158057e+00
7.240165094257302592e+00 -3.048830574582822583e-01 6.935282036799020666e+00
7.252269695678804418e+00 -3.050692091709483189e-01 6.947200486507855821e+00
7.264230258704710508e+00 -3.052499516956915238e-01 6.958980307009018595e+00
7.276051060096595968e+00 -3.054255099435750354e-01 6.970625550153020988e+00
7.287732479409757325e+00 -3.055960730288954097e-01 6.982136406380861970e+00
7.299096170002359329e+00 -3.057618319355698833e-01 6.993334338066789613e+00
7.310518163926404078e+00 -3.059229825159627825e-01 7.004595181410441462e+00
7.321818328919798446e+00 -3.060796879137601123e-01 7.015738641006038279e+00
7.332997851177685433e+00 -3.062321156470707573e-01 7.026765735530614343e+00
7.344055670781013845e+00 -3.063804207627688903e-01 7.037675250018245343e+00
7.354821823979076356e+00 -3.065247665480281825e-01 7.048297057431048174e+00
7.365644140105836790e+00 -3.066652836291766659e-01 7.058978856476660013e+00
7.376348429266023743e+00 -3.068021106705527412e-01 7.069546318595470780e+00
7.386939929760790946e+00 -3.069353897367121387e-01 7.080004540024078530e+00
7.397421477717032623e+00 -3.070652339283458931e-01 7.090356243788686896e+00
7.407628547545126452e+00 -3.071917636263447049e-01 7.100436783918781636e+00
7.417893749082342225e+00 -3.073151020845001913e-01 7.110578646997842256e+00
7.428054931879417566e+00 -3.074353469167926400e-01 7.120619584962624593e+00
