2.302585092994045901e+00 3.728432723429184453e-03 2.306313525717475166e+00
3.404558729364860259e+00 3.798885671499423189e-02 3.442547586079854671e+00
3.916055268956084578e+00 1.230328742782184626e-01 4.039088143234303097e+00
4.252814903193875118e+00 3.168458391636668758e-01 4.569660742357542382e+00
4.504288961134310654e+00 8.958170428934469909e-01 5.400106004027757756e+00
4.705061225841382644e+00 1.171774358112953074e+01 1.642280480697091249e+01
4.872185621631313523e+00 -1.972144065459305873e+00 2.900041556172007873e+00
5.015338023623161945e+00 -1.138294076117326803e+00 3.877043947505835142e+00
5.140540591758036015e+00 -8.875979611284754434e-01 4.252942630629560128e+00
5.251797350913143703e+00 -7.689016574145047800e-01 4.482895693498639034e+00
5.351906004416021823e+00 -7.006930631689178846e-01 4.651212941247104382e+00
5.442898595359144664e+00 -6.569567994788456655e-01 4.785941795880298777e+00
5.526297686662860364e+00 -6.268456899802768989e-01 4.899451996682583577e+00
5.603273619942638284e+00 -6.050492845196024927e-01 4.998224335423035569e+00
5.674745421801655532e+00 -5.886703699951473245e-01 5.086075051806508540e+00
5.741447977542676107e+00 -5.759994561050673090e-01 5.165448521437609131e+00
5.803978160361048744e+00 -5.659660163081403628e-01 5.238012144052908603e+00
5.862827363187590457e+00 -5.578675345569189536e-01 5.304959828630671836e+00
5.918404976238476500e+00 -5.512252134841189033e-01 5.367179762754357597e+00
5.971055675476774738e+00 -5.457023748233806870e-01 5.425353300653394051e+00
6.021072382177013793e+00 -5.410559692651751851e-01 5.480016412911838941e+00
6.068706132501806572e+00 -5.371065583835420432e-01 5.531599574118264862e+00
6.114173701100421354e+00 -5.337190761020706997e-01 5.580454624998350432e+00
6.157663565451414911e+00 -5.307901209522900565e-01 5.626873444499125299e+00
6.199340626291403034e+00 -5.282393429382989947e-01 5.671101283353103817e+00
6.239349983018683155e+00 -5.260034717976384000e-01 5.713346511221044643e+00
6.277819982389925890e+00 -5.240320923834992373e-01 5.753787890006426764e+00
6.314864702161842480e+00 -5.222846015438031841e-01 5.792580100618039296e+00
6.350585990873483411e+00 -5.207279800589819097e-01 5.829858010814501057e+00
6.385075155681597892e+00 -5.193351386835513006e-01 5.865740016998046258e+00
6.418414368695311012e+00 -5.180836733394010851e-01 5.900330695355910038e+00
6.450677846335366894e+00 -5.169549176147726355e-01 5.933722928720594147e+00
6.481932844306048658e+00 -5.159332128067740664e-01 5.965999631499274258e+00
6.512240501727140973e+00 -5.150053401296385003e-01 5.997235161597502362e+00
6.541656561061527597e+00 -5.141600751239783218e-01 6.027496485937549053e+00
6.570231985143252018e+00 -5.133878346139483240e-01 6.056844150529303583e+00
6.598013488465624299e+00 -5.126803950682983224e-01 6.085333093397325754e+00
6.625043996640559207e+00 -5.120306661016261751e-01 6.113013330538932699e+00
6.651363045376276872e+00 -5.114325070321047439e-01 6.139930538344172462e+00
6.677007128282707704e+00 -5.108805773321982713e-01 6.166126550950509433e+00
6.702010001183967169e+00 -5.103702140656950492e-01 6.191639787118272231e+00
6.726402949305491319e+00 -5.098973307445946457e-01 6.216505618560896451e+00
6.750215022641677720e+00 -5.094583334460475177e-01 6.240756689195630535e+00
6.773473243945718814e+00 -5.090500509110316152e-01 6.264423193034687642e+00
6.796202793076389526e+00 -5.086696759959543623e-01 6.287533117080434941e+00
6.818427170855359876e+00 -5.083147164181794908e-01 6.310112454437180496e+00
6.840168345108486037e+00 -5.079829531545753118e-01 6.332185391953911058e+00
6.861446881166254563e+00 -5.076724050785138553e-01 6.353774476087740375e+00
6.882282058766591604e+00 -5.073812988839433435e-01 6.374900759882648593e+00
6.902691977025590120e+00 -5.071080433781902652e-01 6.395583933647399633e+00
6.922693648908414765e+00 -5.068512074098174836e-01 6.415842441498597282e+00
6.942303086436026227e+00 -5.066095008696549495e-01 6.435693585566371056e+00
6.961535377696963955e+00 -5.063817582792480287e-01 6.455153619417716371e+00
6.980404756592158755e+00 -5.061669245705734399e-01 6.474237832021585426e+00
6.998924666120430516e+00 -5.059640427322783518e-01 6.492960623388151831e+00
7.017107815909501056e+00 -5.057722430404572034e-01 6.511335572869043631e+00
7.034966234609215441e+00 -5.055907336407899910e-01 6.529375500968425783e+00
7.052511317687930159e+00 -5.054187923217664524e-01 6.547092525366164040e+00
7.069753871107696597e+00 -5.052557592714195245e-01 6.564498111836277516e+00
7.086704151297452015e+00 -5.051010306973843234e-01 6.581603120600068024e+00
7.103371901794481857e+00 -5.049540532026300932e-01 6.598417848591851431e+00
7.119766386881941855e+00 -5.048143188091437361e-01 6.614952068072797786e+00
7.135896422513196669e+00 -5.046813605464247621e-01 6.631215061966772240e+00
7.151770404781431445e+00 -5.045547485340111660e-01 6.647215656247420057e+00
7.167396336164696180e+00 -5.044340864951868397e-01 6.662962249669509340e+00
7.182781849751781245e+00 -5.043190086469211408e-01 6.678462841104860104e+00
7.197934231632505231e+00 -5.042091769210145236e-01 6.693725054711491040e+00
7.212860441616832041e+00 -5.041042784773522856e-01 6.708756163139479867e+00
7.227567132430298358e+00 -5.040040234747703574e-01 6.723563108955527667e+00
7.242060667518259720e+00 -5.039081430678991058e-01 6.738152524450360836e+00
7.256347137578227802e+00 -5.038163876051443557e-01 6.752530749973083779e+00
7.270432375927801338e+00 -5.037285250045850926e-01 6.766703850923216024e+00
7.284321972805227752e+00 -5.036443392896020610e-01 6.780677633515625580e+00
7.298021288690351938e+00 -5.035636292633671740e-01 6.794457659426984542e+00
7.311535466725382015e+00 -5.034862073101037394e-01 6.808049259415278165e+00
7.324869444307499755e+00 -5.034118983083407661e-01 6.821457545999159322e+00
7.338027963918709595e+00 -5.033405386441142104e-01 6.834687425274595718e+00
7.351015583252361374e+00 -5.032719753142419483e-01 6.847743607938119759e+00
7.363836684690464374e+00 -5.032060651106828875e-01 6.860630619579781708e+00
7.376495484181100792e+00 -5.031426738766189288e-01 6.873352810304481864e+00
7.388996039560939089e+00 -5.030816758278155998e-01 6.885914363733123267e+00
7.401342258363958315e+00 -5.030229529327135962e-01 6.898319305431244608e+00
7.413537905153973817e+00 -5.029663943454075747e-01 6.910571510808566131e+00
7.425586608415404299e+00 -5.029118958863534328e-01 6.922674712529050645e+00
7.437491867033825699e+00 -5.028593595670232119e-01 6.934632507466802487e+00
7.449257056395285126e+00 -5.028086931532068649e-01 6.946448363242078372e+00
7.460885434130961613e+00 -5.027598097638780184e-01 6.958125624367083262e+00
7.472380145531643869e+00 -5.027126275023802160e-01 6.969667518029263320e+00
7.483744228654541253e+00 -5.026670691169534688e-01 6.981077159537587562e+00
7.494980619143163381e+00 -5.026230616879583390e-01 6.992357557455204820e+00
7.506092154779408609e+00 -5.025805363392398251e-01 7.003511618440168895e+00
7.517081579785513057e+00 -5.025394279720575286e-01 7.014542151813455639e+00
7.527951548892177769e+00 -5.024996750191982331e-01 7.025451873872979647e+00
7.538704631187959748e+00 -5.024612192173837366e-01 7.036243411970575679e+00
7.549343313763892560e+00 -5.024240053966754216e-01 7.046919308367217027e+00
7.559870005166267504e+00 -5.023879812853940807e-01 7.057482023880873534e+00
7.570287038669568425e+00 -5.023530973292599233e-01 7.067933941340308834e+00
7.580596675380684601e+00 -5.023193065235731503e-01 7.078277368857111895e+00
7.590801107184731222e+00 -5.022865642573618450e-01 7.088514542927369710e+00
7.600902459542082212e+00 -5.022548281684117155e-01 7.098647631373670386e+00
