1.496168881086134439e+00 -2.817615871689495011e-01 1.214407293917184827e+00
2.597325260124259128e+00 -3.043401573600176269e-01 2.292985102764241390e+00
3.119935911510835602e+00 -3.054098565519582364e-01 2.814526054958877310e+00
3.462383180444976283e+00 -3.055001340085921058e-01 3.156883046436384177e+00
3.712573738306180537e+00 -3.054506428902439841e-01 3.407123095415936387e+00
3.916394735393933235e+00 -3.054287576854381459e-01 3.610965977708495256e+00
4.082378732822474987e+00 -3.053947825730143339e-01 3.776983950249460875e+00
4.227568926586881659e+00 -3.053777090121266857e-01 3.922191217574754862e+00
4.351794622636879772e+00 -3.053578496069305759e-01 4.046436773029949308e+00
4.464570020277391471e+00 -3.053467466987819789e-01 4.159223273578609437e+00
4.565922741668131835e+00 -3.053372944535756583e-01 4.260585447214555899e+00
4.656032196659709577e+00 -3.053270505687265546e-01 4.350705146090983355e+00
4.740452850005398844e+00 -3.053207052593805426e-01 4.435132144746018135e+00
4.816665394913343334e+00 -3.053138122703671353e-01 4.511351582642975977e+00
4.889003241586134862e+00 -3.053093565352258953e-01 4.583693885050909245e+00
4.955033114544914241e+00 -3.053044898741981150e-01 4.649728624670716570e+00
5.018314701053173899e+00 -3.053012408787111887e-01 4.713013460174463098e+00
5.077832648744606381e+00 -3.052983720489385044e-01 4.772534276695667543e+00
5.132803754722399248e+00 -3.052952273956814899e-01 4.827508527326717314e+00
5.186052231035725768e+00 -3.052930463186678267e-01 4.880759184717057941e+00
5.235521584330993683e+00 -3.052906409151475708e-01 4.930230943415845779e+00
5.283695527011301962e+00 -3.052889418788199416e-01 4.978406585132481688e+00
5.328667597795035071e+00 -3.052870577711381261e-01 5.023380540023897112e+00
5.372651609634959691e+00 -3.052857067403186297e-01 5.067365902894641394e+00
5.414783701616606493e+00 -3.052844773568040848e-01 5.109499224259802297e+00
5.454335009331072293e+00 -3.052831091533087515e-01 5.149051900177763486e+00
5.493226334616544193e+00 -3.052821080517107988e-01 5.187944226564833450e+00
5.529847623851582128e+00 -3.052809894676092317e-01 5.224566634383973174e+00
5.565960993524455169e+00 -3.052801626552364422e-01 5.260680830869218561e+00
5.600056641336287555e+00 -3.052792356144023445e-01 5.294777405721885266e+00
5.633762602603135328e+00 -3.052785443057848269e-01 5.328484058297350501e+00
5.666370232987095079e+00 -3.052779031617871563e-01 5.361092329825307701e+00
5.697257765900852533e+00 -3.052771824939819467e-01 5.391980583406870586e+00
5.727891295693281926e+00 -3.052766386279111566e-01 5.422614657065370380e+00
5.756963119407948248e+00 -3.052760254193007672e-01 5.451687093988647703e+00
5.785845675089177576e+00 -3.052755592634768256e-01 5.480570115825701194e+00
5.813302515775751189e+00 -3.052750326294347283e-01 5.508027483146316072e+00
5.840624546930353489e+00 -3.052746300902007270e-01 5.535349916840152318e+00
5.867220637902528679e+00 -3.052742520121276559e-01 5.561946385890401245e+00
5.892558409702761679e+00 -3.052738241063319147e-01 5.587284585596429487e+00
5.917825303735866349e+00 -3.052734942032159227e-01 5.612551809532650537e+00
5.941927757193385951e+00 -3.052731201130540195e-01 5.636654637080331653e+00
5.965992135956327047e+00 -3.052728303881795946e-01 5.660719305568147064e+00
5.988974267511109062e+00 -3.052725013423177036e-01 5.683701766168791636e+00
6.011946182095620372e+00 -3.052722454882615399e-01 5.706673936607359110e+00
6.034402583978063284e+00 -3.052720029868262741e-01 5.729130580991236954e+00
6.055881228277542050e+00 -3.052717271973288682e-01 5.750609501080212738e+00
6.077382199414475217e+00 -3.052715113781730993e-01 5.772110688036302228e+00
6.097966393983687894e+00 -3.052712656071374653e-01 5.792695128376550429e+00
6.118590547477055885e+00 -3.052710726380443718e-01 5.813319474839011569e+00
6.138798288232429456e+00 -3.052708888428911638e-01 5.833527399389538459e+00
6.158168004262434714e+00 -3.052706793392068740e-01 5.852897324923227451e+00
6.177598984478751554e+00 -3.052705139955205760e-01 5.872328470483230589e+00
6.196238423366646764e+00 -3.052703253203605804e-01 5.890968098046286627e+00
6.214950776589574843e+00 -3.052701760151100285e-01 5.909680600574464648e+00
6.232913636523059964e+00 -3.052700054692102927e-01 5.927643631053849838e+00
6.250958453558038030e+00 -3.052698701537527870e-01 5.945688583404285410e+00
6.268683413470331089e+00 -3.052697405311602386e-01 5.963413672939171128e+00
6.285713855882534062e+00 -3.052695923523234822e-01 5.980444263530210414e+00
6.302838282369758183e+00 -3.052694743009752854e-01 5.997568808068782786e+00
6.319301659242188229e+00 -3.052693392348639900e-01 6.014032320007324017e+00
6.335865304021215394e+00 -3.052692313999491591e-01 6.030596072621266401e+00
6.351798256864483960e+00 -3.052691079269291841e-01 6.046529148937555220e+00
6.367836513263392284e+00 -3.052690091404375861e-01 6.062567504122954531e+00
6.383621761560813290e+00 -3.052689140956070246e-01 6.078352847465206210e+00
6.398817206946162628e+00 -3.052688052222918835e-01 6.093548401723870356e+00
6.414124772128573682e+00 -3.052687178444186689e-01 6.108856054284155235e+00
6.428867239190260818e+00 -3.052686176713468869e-01 6.123598621518913987e+00
6.443725055750946673e+00 -3.052685371192363495e-01 6.138456518631710601e+00
6.458040621601679021e+00 -3.052684447066324469e-01 6.152772176895046741e+00
6.472474343872365310e+00 -3.052683702736618820e-01 6.167205973598703039e+00
6.486702864826121129e+00 -3.052682983969099983e-01 6.181434566429211408e+00
6.500420316288744615e+00 -3.052682159160034492e-01 6.195152100372741444e+00
6.514259391934990262e+00 -3.052681493009715141e-01 6.208991242634018803e+00
6.527606417286713203e+00 -3.052680728142844191e-01 6.222338344472428950e+00
6.541076771595508710e+00 -3.052680109552921017e-01 6.235808760640216164e+00
6.554072943064706891e+00 -3.052679398963206725e-01 6.248805003168386385e+00
6.567193809036746543e+00 -3.052678823479887948e-01 6.261925926688757471e+00
6.580144868577252559e+00 -3.052678266058053147e-01 6.274877041971446801e+00
6.592646149675302603e+00 -3.052677625463730560e-01 6.287378387128929269e+00
6.605273732601042447e+00 -3.052677105385631084e-01 6.300006022062479616e+00
6.617466681445120180e+00 -3.052676507460766464e-01 6.312199030699043867e+00
6.629786646155467089e+00 -3.052676021449391430e-01 6.324519044010528113e+00
6.641686202269490025e+00 -3.052675462504008674e-01 6.336418656019088935e+00
6.653713126370737641e+00 -3.052675007617761116e-01 6.348445625608961862e+00
6.665597192015909833e+00 -3.052674565935526996e-01 6.360329735422356912e+00
6.677080442120760573e+00 -3.052674057884642300e-01 6.371813036332296676e+00
6.688691646949377123e+00 -3.052673643648338153e-01 6.383424282584543086e+00
6.699914274334576980e+00 -3.052673166976452301e-01 6.394646957636931361e+00
6.711264845125937129e+00 -3.052672777912515123e-01 6.405997567334685172e+00
6.722238291518729980e+00 -3.052672329992269784e-01 6.416971058519503224e+00
6.733339585892498036e+00 -3.052671963999443738e-01 6.428072389492553995e+00
6.744319082598752679e+00 -3.052671607827797118e-01 6.439051921815972968e+00
6.754937599724784469e+00 -3.052671197724313723e-01 6.449670479952352764e+00
6.765683823143404219e+00 -3.052670862048327272e-01 6.460416736938571880e+00
6.776079142641656894e+00 -3.052670475433498232e-01 6.470812095098307459e+00
6.786601841733413742e+00 -3.052670158719134053e-01 6.481334825861500448e+00
6.796783230344531468e+00 -3.052669793855007918e-01 6.491516250959030288e+00
6.807091544947985184e+00 -3.052669494707650477e-01 6.501824595477220470e+00
6.817294786726336042e+00 -3.052669203082943317e-01 6.512027866418041988e+00
