2.091329811086551249e+00 -3.090828109680625047e-01 1.782247000118488689e+00
3.216927523682937995e+00 -3.150500420515248701e-01 2.901877481631413236e+00
3.735120851178615808e+00 -3.150705070317076362e-01 3.420050344146908117e+00
4.070645246466114919e+00 -3.149987917916777791e-01 3.755646454674437251e+00
4.324801208376563011e+00 -3.149660756595070166e-01 4.009835132717055828e+00
4.527317076874171065e+00 -3.149427580385842917e-01 4.212374318835586884e+00
4.695664800453035248e+00 -3.149262977946460929e-01 4.380738502658388711e+00
4.839727213894125413e+00 -3.149143983250209944e-01 4.524812815569104529e+00
4.963784127001582114e+00 -3.149042170693929776e-01 4.648879909932189136e+00
5.075792134119018861e+00 -3.148978230525895650e-01 4.760894311066429019e+00
5.176498388150855945e+00 -3.148928230834022179e-01 4.861605565067454116e+00
5.267992369761435256e+00 -3.148888249796121808e-01 4.953103544781822798e+00
5.351814705170736097e+00 -3.148855766172131698e-01 5.036929128553523149e+00
5.427980050907410536e+00 -3.148825303454370617e-01 5.113097520561973752e+00
5.499843942768657179e+00 -3.148803699426402924e-01 5.184963572826016609e+00
5.566885163573099149e+00 -3.148785455528589905e-01 5.252006618020240047e+00
5.629717851914904259e+00 -3.148769905610131481e-01 5.314840861353891555e+00
5.688855981704921128e+00 -3.148756560945692451e-01 5.373980325610351549e+00
5.743805973311880031e+00 -3.148743427494964386e-01 5.428931630562383148e+00
5.796694039335515747e+00 -3.148733493013555762e-01 5.481820690034160393e+00
5.846945752106937455e+00 -3.148724786696069367e-01 5.532073273437330130e+00
5.894795782920110305e+00 -3.148717096524414338e-01 5.579924073267668483e+00
5.940455226204454320e+00 -3.148710359358660726e-01 5.625584190268588358e+00
5.983448902892750887e+00 -3.148703501208210964e-01 5.668578552771929679e+00
6.025318143296437334e+00 -3.148698085942718827e-01 5.710448334702165063e+00
6.065496421584978037e+00 -3.148693299399937251e-01 5.750627091644984645e+00
6.104107519111911628e+00 -3.148688857706631317e-01 5.789238633341248885e+00
6.141294027252066634e+00 -3.148684953641718298e-01 5.826425531887895026e+00
6.176606954075545275e+00 -3.148680882448847695e-01 5.861738865830660394e+00
6.211272782743426646e+00 -3.148677619856116161e-01 5.896405020757814697e+00
6.244774314257605319e+00 -3.148674699311325709e-01 5.929906844326472637e+00
6.277187606777531848e+00 -3.148671953070875107e-01 5.962320411470444448e+00
6.308590838276511903e+00 -3.148669393802699945e-01 5.993723898896242019e+00
6.338526769099987135e+00 -3.148666843131318061e-01 6.023660084786855329e+00
6.368014272244605145e+00 -3.148664691301412688e-01 6.053147803114463876e+00
6.396672339029803034e+00 -3.148662635811032562e-01 6.081806075448700000e+00
6.424575986468196831e+00 -3.148660920725836476e-01 6.109709894395613183e+00
6.451746094849873714e+00 -3.148659215537958911e-01 6.136880173296077601e+00
6.477774114732159916e+00 -3.148657418918002771e-01 6.162908372840359306e+00
6.503525951054300869e+00 -3.148655927633425278e-01 6.188660358290958285e+00
6.528619010011098567e+00 -3.148654584254406141e-01 6.213753551585657675e+00
6.553091893307769311e+00 -3.148653266055154165e-01 6.238226566702254061e+00
6.576978098928234928e+00 -3.148652055867667277e-01 6.262112893341468478e+00
6.599937790029845708e+00 -3.148650812304231161e-01 6.285072708799422259e+00
6.622729774681678450e+00 -3.148649676372157202e-01 6.307864807044462729e+00
6.645003582728311819e+00 -3.148648746179247837e-01 6.330138708110387036e+00
6.666786419856530088e+00 -3.148647765546766508e-01 6.351921643301853493e+00
6.688112278618509876e+00 -3.148646878571236818e-01 6.373247590761386583e+00
6.708669751064475051e+00 -3.148645969160001612e-01 6.393805154148474834e+00
6.729147466420983825e+00 -3.148645174773870292e-01 6.414282948943596629e+00
6.749217802394674948e+00 -3.148644344333613176e-01 6.434353367961313630e+00
6.768906975298306428e+00 -3.148643676342755549e-01 6.454042607664030484e+00
6.787927825035198204e+00 -3.148642936140551019e-01 6.473063531421143324e+00
6.806895719818579771e+00 -3.148642233773936150e-01 6.492031496441185823e+00
6.825507468126509991e+00 -3.148641662458723234e-01 6.510643301880637779e+00
6.843778764143936932e+00 -3.148641079604600490e-01 6.528914656183476772e+00
6.861705463091949397e+00 -3.148640571987748049e-01 6.546841405893174759e+00
6.879017195586775379e+00 -3.148639975792284496e-01 6.564153198007547374e+00
6.896287028601150837e+00 -3.148639462852797499e-01 6.581423082315871476e+00
6.913257103523184455e+00 -3.148639003574270068e-01 6.598393203165757726e+00
6.929946003626650253e+00 -3.148638513229365943e-01 6.615082152303713769e+00
6.946366651055658537e+00 -3.148638118841788902e-01 6.631502839171480090e+00
6.962278535822020942e+00 -3.148637640076541455e-01 6.647414771814366574e+00
6.978200376469488653e+00 -3.148637240297820217e-01 6.663336652439706853e+00
6.993882959267097021e+00 -3.148636899187942095e-01 6.679019269348303034e+00
7.009327657381370535e+00 -3.148636503745688153e-01 6.694464007006801332e+00
7.024545512974463612e+00 -3.148636141590444026e-01 6.709681898815419210e+00
7.039293988327560037e+00 -3.148635811382266558e-01 6.724430407189333714e+00
7.054053810482201037e+00 -3.148635434503960218e-01 6.739190267031805348e+00
7.068596871357758715e+00 -3.148635109979900926e-01 6.753733360359768234e+00
7.082933749330212692e+00 -3.148634871858823070e-01 6.768070262144330052e+00
7.097066826409163198e+00 -3.148634579621435448e-01 6.782203368447019542e+00
7.110783073896589812e+00 -3.148634240431217313e-01 6.795919649853468414e+00
7.124536617500831781e+00 -3.148633989611704376e-01 6.809673218539661121e+00
7.138106965194830345e+00 -3.148633752466423186e-01 6.823243589948187804e+00
7.151494038859619096e+00 -3.148633472684091439e-01 6.836630691591209619e+00
7.164703008121279915e+00 -3.148633221196857623e-01 6.849839686001594430e+00
7.177538107034081349e+00 -3.148633006282163249e-01 6.862674806405864913e+00
7.190419900482867277e+00 -3.148632758924982955e-01 6.875556624590369204e+00
7.203140105092493251e+00 -3.148632565108585579e-01 6.888276848581634582e+00
7.215701007476684303e+00 -3.148632370967381355e-01 6.900837770379945724e+00
7.228106982891542742e+00 -3.148632145394629211e-01 6.913243768352080210e+00
7.240165094257302592e+00 -3.148631965642808006e-01 6.925301897693021402e+00
7.252269695678804418e+00 -3.148631765104823454e-01 6.937406519168321850e+00
7.264230258704710508e+00 -3.148631535481963839e-01 6.949367105156514235e+00
7.276051060096595968e+00 -3.148631402913373845e-01 6.961187919805258417e+00
7.287732479409757325e+00 -3.148631234470007922e-01 6.972869355962756366e+00
7.299096170002359329e+00 -3.148631004385982202e-01 6.984233069563760665e+00
7.310518163926404078e+00 -3.148630878217209550e-01 6.995655076104682735e+00
7.321818328919798446e+00 -3.148630729750215851e-01 7.006955255944776972e+00
7.332997851177685433e+00 -3.148630572293728003e-01 7.018134793948312300e+00
7.344055670781013845e+00 -3.148630379145646585e-01 7.029192632866449131e+00
7.354821823979076356e+00 -3.148630266444441550e-01 7.039958797334632479e+00
7.365644140105836790e+00 -3.148630124987518153e-01 7.050781127607084642e+00
7.376348429266023743e+00 -3.148629954889963223e-01 7.061485433777027865e+00
7.386939929760790946e+00 -3.148629870186100965e-01 7.072076942742181238e+00
7.397421477717032623e+00 -3.148629751367629792e-01 7.082558502580269533e+00
7.407628547545126452e+00 -3.148629591044803666e-01 7.092765588440646418e+00
7.417893749082342225e+00 -3.148629500387493674e-01 7.103030799043592580e+00
7.428054931879417566e+00 -3.148629353804385800e-01 7.113191996498978931e+00
