6.426807242214530369e+00 6.795089692498325284e+00 7.064359097425554346e+00 7.276327879952656730e+00 7.451133894771336585e+00 7.599953499655234701e+00 7.729447169525308858e+00 7.844108655775483108e+00 7.946963991351963408e+00 8.040228155996985038e+00 8.125535923774354075e+00 8.204134196379669675e+00 8.277010127454088817e+00 8.344930139201728991e+00 8.408533822661532042e+00 8.468333617505276578e+00 8.524758392201022161e+00 8.578170965812144999e+00 8.628873352773013039e+00 8.677130478025883775e+00 8.723165711490317165e+00
6.429281607323398262e+00 6.796498169343326623e+00 7.065279603737027792e+00 7.276981690009585613e+00 7.451624888241975775e+00 7.600337253631582968e+00 7.729756264427413370e+00 7.844363528511059336e+00 7.947178148900457373e+00 8.040410904214878585e+00 8.125693895143889733e+00 8.204272253125994396e+00 8.277131919922055658e+00 8.345038464347767970e+00 8.408630861734769368e+00 8.468421098053356744e+00 8.524837701204864615e+00 8.578243230388620688e+00 8.628939498836119881e+00 8.677191273656436721e+00 8.723221799486191586e+00
6.431953727722322434e+00 6.798038938693833799e+00 7.066294231213336552e+00 7.277706049699203206e+00 7.452170905896879027e+00 7.600765252524651849e+00 7.730101799879824931e+00 7.844648997962016423e+00 7.947418405615005454e+00 8.040616210513999107e+00 8.125871582681215344e+00 8.204427707730744146e+00 8.277269192286146549e+00 8.345160663088611486e+00 8.408740414570988975e+00 8.468519930169893684e+00 8.524927360028190293e+00 8.578324974731774688e+00 8.629014363788035880e+00 8.677260118617805773e+00 8.723285344263608465e+00
6.434792032873875023e+00 6.799695731667881660e+00 7.067393126161284123e+00 7.278494368758071431e+00 7.452767236074858914e+00 7.601233962658668908e+00 7.730481028678537925e+00 7.844962867712683696e+00 7.947682965606992056e+00 8.040842579310087501e+00 8.126067721701536684e+00 8.204599476838694727e+00 8.277421006176599150e+00 8.345295914790485270e+00 8.408861757442819496e+00 8.468629470840108198e+00 8.525026793590342322e+00 8.578415681477430610e+00 8.629097479713303542e+00 8.677336587681557134e+00 8.723355957698412766e+00
6.437770337616192329e+00 6.801454842959057778e+00 7.068567924182729278e+00 7.279341028104331812e+00 7.453409849894645944e+00 7.601740356410362054e+00 7.730891593559215735e+00 7.845303250996036759e+00 7.947970284862140744e+00 8.041088723875537525e+00 8.126281223512423324e+00 8.204786627407663957e+00 8.277586553093925659e+00 8.345443512152183274e+00 8.408994266387539440e+00 8.468749165545073510e+00 8.525135505845016226e+00 8.578514904274062047e+00 8.629188442849265783e+00 8.677420313860558565e+00 8.723433304777051589e+00
6.440866547916030527e+00 6.803304521803562821e+00 7.069811397312665946e+00 7.280241149835868342e+00 7.454095239515019067e+00 7.602281792266968985e+00 7.731331434792056534e+00 7.845668497284380649e+00 7.948279011442198616e+00 8.041353516774764287e+00 8.126511133631598938e+00 8.204988341018374598e+00 8.277765123568483929e+00 8.345602834285871907e+00 8.409137393505876190e+00 8.468878527234116049e+00 8.525253060997883381e+00 8.578622250905056035e+00 8.629286898338078160e+00 8.677510974565239010e+00 8.723517090971483867e+00
6.444061776570778832e+00 6.805234556440002969e+00 7.071117213507140953e+00 7.281190440555085353e+00 7.454820308008034857e+00 7.602855933195942661e+00 7.731798727238471614e+00 7.846057142320273847e+00 7.948607944874225062e+00 8.041635956100138927e+00 8.126756603363777032e+00 8.205203889592741717e+00 8.277956086175009887e+00 8.345773328405254432e+00 8.409290650840850034e+00 8.469017122022117761e+00 8.525379070731478492e+00 8.578737371808994538e+00 8.629392529854255756e+00 8.677608282185722999e+00 8.723607053650859200e+00
6.447339711458006661e+00 6.807235977555729178e+00 7.072479765159651599e+00 7.282185079730062682e+00 7.455582290921239697e+00 7.603460688522933886e+00 7.732291835556965864e+00 7.846467872528047671e+00 7.948956007206303909e+00 8.041935141526973752e+00 8.127016869546716649e+00 8.205432618106806686e+00 8.278158872607580321e+00 8.345954496791744504e+00 8.409453598905795246e+00 8.469164559014444649e+00 8.525513185117311821e+00 8.578859951912697568e+00 8.629505052225981743e+00 8.677711977392908338e+00 8.723702955971889494e+00
6.450686148208207626e+00 6.809300839060434818e+00 7.073894042439426322e+00 7.283221637293032735e+00 7.456378698402689409e+00 7.604094171058762619e+00 7.732809281170821336e+00 7.846899498781523263e+00 7.949322221666826671e+00 8.042250256605106173e+00 8.127291239689190760e+00 8.205673931850384406e+00 8.278372966656709409e+00 8.346145887198675339e+00 8.409625838227992034e+00 8.469320482805038353e+00 8.525655085917687614e+00 8.578989704613562139e+00 8.629624205998270625e+00 8.677821824201672030e+00 8.723804582376621042e+00
6.454088634487279208e+00 6.811422051252145060e+00 7.075355536971696502e+00 7.284297011010988143e+00 7.457207271234762125e+00 7.604754664539373543e+00 7.733349717185724614e+00 7.847350936489243978e+00 7.949705696468951643e+00 8.042580555328198599e+00 8.127579080637048037e+00 8.205927286789465924e+00 8.278597895870692724e+00 8.346347085538095456e+00 8.409807002940063114e+00 8.469484567786471629e+00 8.525804481500724563e+00 8.579126367211777904e+00 8.629749753307295990e+00 8.677937606225789580e+00 8.723911735176933746e+00
6.457536193113421419e+00 6.813593250929539380e+00 7.076860166897194659e+00 7.285408377783955558e+00 7.458065946660453527e+00 7.605440598325504453e+00 7.733911908905007238e+00 7.847821190127213242e+00 7.950105612233406838e+00 8.042925351706076142e+00 8.127879809787586396e+00 8.206192182049868222e+00 8.278833225083914726e+00 8.346557710247981987e+00 8.409996755774345800e+00 8.469656513734934222e+00 8.525961102899152877e+00 8.579269697363903546e+00 8.629881474676659892e+00 8.678059123770204053e+00 8.724024231903541704e+00
6.461019102198870101e+00 6.815808698181854197e+00 7.078404217349512528e+00 7.286553154984263259e+00 7.458952831265898809e+00 7.606150527332562916e+00 7.734494718376051736e+00 7.848309340972962289e+00 7.950521212017283901e+00 8.043284011497837227e+00 8.128192888124834425e+00 8.206468153969696644e+00 8.279078551270307784e+00 8.346777407808513516e+00 8.410194784145499369e+00 8.469836042288124034e+00 8.526124700678385793e+00 8.579419470279093574e+00 8.630019166479439008e+00 8.678186191525572468e+00 8.724141903204376547e+00
6.464528717746758524e+00 6.818063193018813806e+00 7.079984292390298251e+00 7.287728969251875633e+00 7.459866179100487216e+00 7.606883115842295595e+00 7.735097091929084456e+00 7.848814537217164933e+00 7.950951793275160995e+00 8.043655945548941588e+00 8.128517814606192715e+00 8.206754771305877938e+00 8.279333499402623531e+00 8.347005849124011334e+00 8.410400796963021008e+00 8.470022894153746762e+00 8.526295042407927127e+00 8.579575476443720206e+00 8.630162638898394079e+00 8.678318636713614254e+00 8.724264591150607373e+00
6.468057328481733315e+00 6.820352007039889308e+00 7.081597275621613896e+00 7.288933630933414953e+00 7.460804373761366293e+00 7.607637124252143224e+00 7.735718049978212107e+00 7.849335985871366717e+00 7.951396701282384072e+00 8.044040604340418454e+00 8.128854121571164271e+00 8.207051631313660778e+00 8.279597719065671768e+00 8.347242726568154580e+00 8.410614522028220463e+00 8.470216826792089648e+00 8.526471910622962724e+00 8.579737519773983578e+00 8.630311714238333209e+00 8.678456297572358480e+00 8.724392147855171586e+00
6.471598035608269406e+00 6.822670826725035553e+00 7.083240297496680604e+00 7.290165112874960940e+00 7.461765913533989547e+00 7.608411398087188360e+00 7.736356678567553047e+00 7.849872946062275147e+00 7.951855323685490085e+00 8.044437473472074274e+00 8.129201370937529703e+00 8.207358356498669849e+00 8.279870881650913006e+00 8.347487751536217360e+00 8.410835703880081837e+00 8.470417612504773430e+00 8.526655101108737256e+00 8.579905416093721371e+00 8.630466225553766080e+00 8.678599022082472914e+00 8.724524434327468825e+00
6.475144652153020708e+00 6.825015705850602465e+00 7.084910707884551684e+00 7.291421532628755919e+00 7.462749398929473976e+00 7.609204858787070869e+00 7.737012122284484761e+00 7.850424723410010408e+00 7.952327085934192574e+00 8.044846069878152761e+00 8.129559151013868501e+00 8.207674591896045868e+00 8.280152678005977762e+00 8.347740652394600502e+00 8.411064101990593400e+00 8.470625036834393384e+00 8.526844421471260205e+00 8.580078991844278136e+00 8.630626015491994707e+00 8.678746666932360299e+00 8.724661319497979406e+00
6.478691617917482048e+00 6.827383025174775355e+00 7.086606052820342505e+00 7.292701137376099041e+00 7.463753522126945761e+00 7.610016495903262346e+00 7.737683578258122807e+00 7.850990665269637958e+00 7.952811447416118895e+00 8.045265938624247326e+00 8.129927073802237558e+00 8.208000002767882108e+00 8.280442816446360155e+00 8.348001172745902920e+00 8.411299489238015070e+00 8.470838897210516194e+00 8.527039689928447075e+00 8.580258082998291513e+00 8.630790935308123579e+00 8.678899096624714815e+00 8.724802679426430174e+00
6.482233926994442008e+00 6.829769457976039959e+00 7.088324054618442283e+00 7.294002291033176988e+00 7.464777057946463401e+00 7.610845360428906581e+00 7.738370291030905790e+00 7.851570156665602873e+00 7.953307898153330058e+00 8.045696650170782505e+00 8.130304772694563198e+00 8.208334272636392370e+00 8.280741021057002271e+00 8.348269069947525267e+00 8.411541650603071574e+00 8.471059001793447507e+00 8.527240734277725664e+00 8.580442534132373567e+00 8.630960844027304901e+00 8.679056182714019130e+00 8.724948396601996947e+00
6.485767065564040479e+00 6.832171940382258946e+00 7.090062594738689050e+00 7.295323463142251441e+00 7.465818856073510368e+00 7.611690559055521277e+00 7.739071548142921309e+00 7.852162616790980820e+00 7.953815955959550266e+00 8.046137798018706988e+00 8.130691900489759760e+00 8.208677101591929315e+00 8.281047030230977768e+00 8.348544113837091274e+00 8.411790382047335868e+00 8.471285168479649741e+00 8.527447391007962452e+00 8.580632197629363134e+00 8.631135607724264247e+00 8.679217803152468491e+00 8.725098359346127097e+00
6.489286958233670966e+00 6.834587645689288671e+00 7.091819698945259987e+00 7.296663219248946675e+00 7.466877834325702068e+00 7.612551249200330439e+00 7.739786676309967639e+00 7.852767495978587142e+00 7.954335163981091306e+00 8.046588996672046079e+00 8.131088127679085176e+00 8.209028204829685649e+00 8.281360595405816483e+00 8.348826085630362215e+00 8.412045489543650945e+00 8.471517224041750893e+00 8.527659504531834855e+00 8.580826932988697919e+00 8.631315098900472549e+00 8.679383841724714443e+00 8.725252461297126061e+00
6.492789921093091721e+00 6.837013961809788931e+00 7.093593524257249427e+00 7.298020212438743215e+00 7.467952972729404060e+00 7.613426634631656142e+00 7.740515038061401398e+00 7.853384273036560614e+00 7.954865088532959483e+00 8.047049879846111864e+00 8.131493140937902098e+00 8.209387311361993511e+00 8.281681479952137437e+00 8.349114776951539696e+00 8.412306788222979392e+00 8.471755003372287263e+00 8.527876926510280953e+00 8.581026606219760211e+00 8.631499195936102709e+00 8.679554187550438726e+00 8.725410600956664098e+00
