2.302585092994045901e+00 -5.148575360186059650e-03 2.297436517633860031e+00
3.404558729364860259e+00 -4.552137085435328800e-02 3.359037358510506888e+00
3.916055268956084578e+00 -1.193262962435486241e-01 3.796728972712536176e+00
4.252814903193875118e+00 -2.194827710791192876e-01 4.033332132114756163e+00
4.504288961134310654e+00 -3.393956718302744702e-01 4.164893289304036017e+00
4.705061225841382644e+00 -4.729368967110716970e-01 4.232124329130311224e+00
4.872185621631313523e+00 -6.144428499038284697e-01 4.257742771727484943e+00
5.015338023623161945e+00 -7.587138153401618013e-01 4.256624208283000144e+00
5.140540591758036015e+00 -9.010137331617654732e-01 4.239526858596270209e+00
5.251797350913143703e+00 -1.037070081447350134e+00 4.214727269465793569e+00
5.351906004416021823e+00 -1.163125829353566232e+00 4.188780175062455591e+00
5.442898595359144664e+00 -1.277366706721024592e+00 4.165531888638120073e+00
5.526297686662860364e+00 -1.380619727788859219e+00 4.145677958874001590e+00
5.603273619942638284e+00 -1.474390370216379198e+00 4.128883249726259308e+00
5.674745421801655532e+00 -1.560172328131820052e+00 4.114573093669835480e+00
5.741447977542676107e+00 -1.639226265559779350e+00 4.102221711982896757e+00
5.803978160361048744e+00 -1.712547234356713632e+00 4.091430926004335333e+00
5.862827363187590457e+00 -1.780925021939283592e+00 4.081902341248307309e+00
5.918404976238476500e+00 -1.844996934304999670e+00 4.073408041933476831e+00
5.971055675476774738e+00 -1.905284828126700747e+00 4.065770847350074213e+00
6.021072382177013793e+00 -1.962221535944695727e+00 4.058850846232317622e+00
6.068706132501806572e+00 -2.016169802886796703e+00 4.052536329615009869e+00
6.114173701100421354e+00 -2.067437076595295409e+00 4.046736624505125945e+00
6.157663565451414911e+00 -2.116285857187169217e+00 4.041377708264246138e+00
6.199340626291403034e+00 -2.162942296994108116e+00 4.036398329297295362e+00
6.239349983018683155e+00 -2.207602038299628866e+00 4.031747944719054288e+00
6.277819982389925890e+00 -2.250436898422730092e+00 4.027383083967196242e+00
6.314864702161842480e+00 -2.291596373485335736e+00 4.023268328676506300e+00
6.350585990873483411e+00 -2.331213860771034874e+00 4.019372130102448537e+00
6.385075155681597892e+00 -2.369406889145483586e+00 4.015668266536113862e+00
6.418414368695311012e+00 -2.406280268962147861e+00 4.012134099733163595e+00
6.450677846335366894e+00 -2.441927955999587230e+00 4.008749890335780108e+00
6.481932844306048658e+00 -2.476434385610295497e+00 4.005498458695752717e+00
6.512240501727140973e+00 -2.509875650123680302e+00 4.002364851603460671e+00
6.541656561061527597e+00 -2.542320625388372335e+00 3.999335935673155262e+00
6.570231985143252018e+00 -2.573832045975326110e+00 3.996399939167925908e+00
6.598013488465624299e+00 -2.604467326603786770e+00 3.993546161861837529e+00
6.625043996640559207e+00 -2.634278146137248200e+00 3.990765850503311007e+00
6.651363045376276872e+00 -2.663311101437779271e+00 3.988051943938497601e+00
6.677007128282707704e+00 -2.691611605577457933e+00 3.985395522705249771e+00
6.702010001183967169e+00 -2.719219660520588278e+00 3.982790340663378892e+00
6.726402949305491319e+00 -2.746170571495530233e+00 3.980232377809961086e+00
6.750215022641677720e+00 -2.772501983334480613e+00 3.977713039307197107e+00
6.773473243945718814e+00 -2.798241499421147527e+00 3.975231744524571287e+00
6.796202793076389526e+00 -2.823423030435295633e+00 3.972779762641093892e+00
6.818427170855359876e+00 -2.848069314604576352e+00 3.970357856250783524e+00
6.840168345108486037e+00 -2.872210890361491575e+00 3.967957454746994461e+00
6.861446881166254563e+00 -2.895865851251998357e+00 3.965581029914256206e+00
6.882282058766591604e+00 -2.919062482181731699e+00 3.963219576584859905e+00
6.902691977025590120e+00 -2.941815852133978115e+00 3.960876124891612005e+00
6.922693648908414765e+00 -2.964149373325839498e+00 3.958544275582575267e+00
6.942303086436026227e+00 -2.986081083952163873e+00 3.956222002483862354e+00
6.961535377696963955e+00 -3.007623486493151699e+00 3.953911891203812257e+00
6.980404756592158755e+00 -3.028799679123538091e+00 3.951605077468620664e+00
6.998924666120430516e+00 -3.049620639074912543e+00 3.949304027045517973e+00
7.017107815909501056e+00 -3.070098323345250790e+00 3.947009492564250266e+00
7.034966234609215441e+00 -3.090252975643354993e+00 3.944713258965860447e+00
7.052511317687930159e+00 -3.110093558648959533e+00 3.942417759038970626e+00
7.069753871107696597e+00 -3.129627851665969462e+00 3.940126019441727134e+00
7.086704151297452015e+00 -3.148874591356050079e+00 3.937829559941401936e+00
7.103371901794481857e+00 -3.167843777508061009e+00 3.935528124286420848e+00
7.119766386881941855e+00 -3.186539965535694741e+00 3.933226421346247115e+00
7.135896422513196669e+00 -3.204974378203310437e+00 3.930922044309886232e+00
7.151770404781431445e+00 -3.223161953709407168e+00 3.928608451072024277e+00
7.167396336164696180e+00 -3.241109258700026086e+00 3.926287077464670094e+00
7.182781849751781245e+00 -3.258819508773916684e+00 3.923962340977864560e+00
7.197934231632505231e+00 -3.276301272250357943e+00 3.921632959382147288e+00
7.212860441616832041e+00 -3.293568530388160553e+00 3.919291911228671488e+00
7.227567132430298358e+00 -3.310627696365443740e+00 3.916939436064854618e+00
7.242060667518259720e+00 -3.327482098623837370e+00 3.914578568894422350e+00
7.256347137578227802e+00 -3.344133904233229870e+00 3.912213233344997931e+00
7.270432375927801338e+00 -3.360594182213628933e+00 3.909838193714172405e+00
7.284321972805227752e+00 -3.376872979789225404e+00 3.907448993016002348e+00
7.298021288690351938e+00 -3.392975009551646881e+00 3.905046279138705057e+00
7.311535466725382015e+00 -3.408902835505659645e+00 3.902632631219722370e+00
7.324869444307499755e+00 -3.424657688108815545e+00 3.900211756198684210e+00
7.338027963918709595e+00 -3.440245157365801720e+00 3.897782806552907875e+00
7.351015583252361374e+00 -3.455676498521882856e+00 3.895339084730478518e+00
7.363836684690464374e+00 -3.470957109402731611e+00 3.892879575287732763e+00
7.376495484181100792e+00 -3.486090041453098642e+00 3.890405442728002150e+00
7.388996039560939089e+00 -3.501077046508992652e+00 3.887918993051946437e+00
7.401342258363958315e+00 -3.515918952528601427e+00 3.885423305835356889e+00
7.413537905153973817e+00 -3.530618046308275026e+00 3.882919858845698791e+00
7.425586608415404299e+00 -3.545184390382597250e+00 3.880402218032807049e+00
7.437491867033825699e+00 -3.559623954110556987e+00 3.877867912923268712e+00
7.449257056395285126e+00 -3.573939986638958732e+00 3.875317069756326394e+00
7.460885434130961613e+00 -3.588134477619252749e+00 3.872750956511708864e+00
7.472380145531643869e+00 -3.602208563384354800e+00 3.870171582147289069e+00
7.483744228654541253e+00 -3.616162747312340109e+00 3.867581481342201144e+00
7.494980619143163381e+00 -3.629997322918920410e+00 3.864983296224242970e+00
7.506092154779408609e+00 -3.643718737704952026e+00 3.862373417074456583e+00
7.517081579785513057e+00 -3.657334283365778482e+00 3.859747296419734575e+00
7.527951548892177769e+00 -3.670847536865494476e+00 3.857104012026683293e+00
7.538704631187959748e+00 -3.684260716962853621e+00 3.854443914225106127e+00
7.549343313763892560e+00 -3.697575238065054393e+00 3.851768075698838167e+00
7.559870005166267504e+00 -3.710791962219263329e+00 3.849078042947004175e+00
7.570287038669568425e+00 -3.723911323906673232e+00 3.846375714762895193e+00
7.580596675380684601e+00 -3.736933406421647952e+00 3.843663268959036650e+00
7.590801107184731222e+00 -3.749858397042324931e+00 3.840942710142406291e+00
7.600902459542082212e+00 -3.762692321255926231e+00 3.838210138286155981e+00
