2.091329811086551249e+00 -3.767731506982847922e-03 2.087562079579568408e+00
3.216927523682937995e+00 -3.163790698665186474e-02 3.185289616696286075e+00
3.735120851178615808e+00 -8.093298048342971451e-02 3.654187870695186025e+00
4.070645246466114919e+00 -1.455409059068142330e-01 3.925104340559300908e+00
4.324801208376563011e+00 -2.199617667975304336e-01 4.104839441579033021e+00
4.527317076874171065e+00 -2.992851474613542062e-01 4.228031929412816581e+00
4.695664800453035248e+00 -3.793869395559947844e-01 4.316277860897040242e+00
4.839727213894125413e+00 -4.575741403166028731e-01 4.382153073577522484e+00
4.963784127001582114e+00 -5.325604391165992268e-01 4.431223687884982887e+00
5.075792134119018861e+00 -6.038963422113315938e-01 4.471895791907686935e+00
5.176498388150855945e+00 -6.715301505306081609e-01 4.504968237620247784e+00
5.267992369761435256e+00 -7.356006475663079414e-01 4.532391722195127315e+00
5.351814705170736097e+00 -7.963251206344478250e-01 4.555489584536288383e+00
5.427980050907410536e+00 -8.539441759836930990e-01 4.574035874923717770e+00
5.499843942768657179e+00 -9.087039908996843440e-01 4.591139951868973057e+00
5.566885163573099149e+00 -9.608321725610973196e-01 4.606052991012001385e+00
5.629717851914904259e+00 -1.010541112567100441e+00 4.619176739347803817e+00
5.688855981704921128e+00 -1.058024508844680467e+00 4.630831472860240439e+00
5.743805973311880031e+00 -1.103456188374680735e+00 4.640349784937199296e+00
5.796694039335515747e+00 -1.146997383261216807e+00 4.649696656074299383e+00
5.846945752106937455e+00 -1.188789030340759778e+00 4.658156721766177455e+00
5.894795782920110305e+00 -1.228959474396739138e+00 4.665836308523370946e+00
5.940455226204454320e+00 -1.267624497765903469e+00 4.672830728438550629e+00
5.983448902892750887e+00 -1.304887422252445806e+00 4.678561480640304637e+00
6.025318143296437334e+00 -1.340845291903872694e+00 4.684472851392564863e+00
6.065496421584978037e+00 -1.375582630183866506e+00 4.689913791401111531e+00
6.104107519111911628e+00 -1.409177325240337453e+00 4.694930193871574176e+00
6.141294027252066634e+00 -1.441700387718291010e+00 4.699593639533775402e+00
6.176606954075545275e+00 -1.473215501945929873e+00 4.703391452129615402e+00
6.211272782743426646e+00 -1.503783967459195958e+00 4.707488815284230910e+00
6.244774314257605319e+00 -1.533459005521862206e+00 4.711315308735743557e+00
6.277187606777531848e+00 -1.562290464163466952e+00 4.714897142614065118e+00
6.308590838276511903e+00 -1.590324210205452671e+00 4.718266628071059010e+00
6.338526769099987135e+00 -1.617601733662348718e+00 4.720925035437637973e+00
6.368014272244605145e+00 -1.644163827335735073e+00 4.723850444908870294e+00
6.396672339029803034e+00 -1.670045772879388490e+00 4.726626566150414988e+00
6.424575986468196831e+00 -1.695281216410317482e+00 4.729294770057879127e+00
6.451746094849873714e+00 -1.719901216382132114e+00 4.731844878467741822e+00
6.477774114732159916e+00 -1.743934023841744674e+00 4.733840090890415020e+00
6.503525951054300869e+00 -1.767408200387018180e+00 4.736117750667283133e+00
6.528619010011098567e+00 -1.790348190646840143e+00 4.738270819364258202e+00
6.553091893307769311e+00 -1.812777524038188259e+00 4.740314369269580830e+00
6.576978098928234928e+00 -1.834718288388924812e+00 4.742259810539310116e+00
6.599937790029845708e+00 -1.856190444171612608e+00 4.743747345858233544e+00
6.622729774681678450e+00 -1.877214743191723656e+00 4.745515031489954794e+00
6.645003582728311819e+00 -1.897808792653730148e+00 4.747194790074582116e+00
6.666786419856530088e+00 -1.917989638530676499e+00 4.748796781325853367e+00
6.688112278618509876e+00 -1.937773502061046926e+00 4.750338776557462950e+00
6.708669751064475051e+00 -1.957174952546429703e+00 4.751494798518045570e+00
6.729147466420983825e+00 -1.976209616902995458e+00 4.752937849517988589e+00
6.749217802394674948e+00 -1.994890420244711526e+00 4.754327382149963199e+00
6.768906975298306428e+00 -2.013230280278297091e+00 4.755676695020008893e+00
6.787927825035198204e+00 -2.031240726189771362e+00 4.756687098845427286e+00
6.806895719818579771e+00 -2.048934428839665589e+00 4.757961290978913738e+00
6.825507468126509991e+00 -2.066321793564324327e+00 4.759185674562186108e+00
6.843778764143936932e+00 -2.083413183483687536e+00 4.760365580660248952e+00
6.861705463091949397e+00 -2.100218446067177780e+00 4.761487017024771617e+00
6.879017195586775379e+00 -2.116746420194717260e+00 4.762270775392058120e+00
6.896287028601150837e+00 -2.133007144493042961e+00 4.763279884108108320e+00
6.913257103523184455e+00 -2.149008575425625622e+00 4.764248528097558832e+00
6.929946003626650253e+00 -2.164758809337993473e+00 4.765187194288657224e+00
6.946366651055658537e+00 -2.180265582601453200e+00 4.766101068454204892e+00
6.962278535822020942e+00 -2.195535825118648532e+00 4.766742710703372410e+00
6.978200376469488653e+00 -2.210577547492107886e+00 4.767622828977380323e+00
6.993882959267097021e+00 -2.225397008080034489e+00 4.768485951187062533e+00
7.009327657381370535e+00 -2.240000621388986701e+00 4.769327035992383834e+00
7.024545512974463612e+00 -2.254394640188070564e+00 4.770150872786393492e+00
7.039293988327560037e+00 -2.268584484413600055e+00 4.770709503913959537e+00
7.054053810482201037e+00 -2.282576699168418433e+00 4.771477111313782160e+00
7.068596871357758715e+00 -2.296376313328624352e+00 4.772220558029134807e+00
7.082933749330212692e+00 -2.309988603121686523e+00 4.772945146208526168e+00
7.097066826409163198e+00 -2.323418449698211319e+00 4.773648376710951879e+00
7.110783073896589812e+00 -2.336670264610180237e+00 4.774112809286409131e+00
7.124536617500831781e+00 -2.349749607450455802e+00 4.774787010050376423e+00
7.138106965194830345e+00 -2.362660452891141905e+00 4.775446512303687996e+00
7.151494038859619096e+00 -2.375407030766535144e+00 4.776087008093083952e+00
7.164703008121279915e+00 -2.387993476963070627e+00 4.776709531158209288e+00
7.177538107034081349e+00 -2.400423443875737028e+00 4.777114663158344321e+00
7.190419900482867277e+00 -2.412701454386132038e+00 4.777718446096734795e+00
7.203140105092493251e+00 -2.424830802184418488e+00 4.778309302908074763e+00
7.215701007476684303e+00 -2.436815038663364241e+00 4.778885968813320062e+00
7.228106982891542742e+00 -2.448657647578514229e+00 4.779449335313028513e+00
7.240165094257302592e+00 -2.460361497343612758e+00 4.779803596913689390e+00
7.252269695678804418e+00 -2.471930496529712862e+00 4.780339199149091556e+00
7.264230258704710508e+00 -2.483367414532167583e+00 4.780862844172542481e+00
7.276051060096595968e+00 -2.494675276361010940e+00 4.781375783735585472e+00
7.287732479409757325e+00 -2.505856843186848426e+00 4.781875636222908454e+00
7.299096170002359329e+00 -2.516914534848086582e+00 4.782181635154272747e+00
7.310518163926404078e+00 -2.527851897754469501e+00 4.782666266171935021e+00
7.321818328919798446e+00 -2.538671119409289911e+00 4.783147209510508091e+00
7.332997851177685433e+00 -2.549374623904686832e+00 4.783623227272999046e+00
7.344055670781013845e+00 -2.559964925832451055e+00 4.784090744948562346e+00
7.354821823979076356e+00 -2.570444134011743653e+00 4.784377689967332259e+00
7.365644140105836790e+00 -2.580815121519341560e+00 4.784829018586495231e+00
7.376348429266023743e+00 -2.591079722529073592e+00 4.785268706736950151e+00
7.386939929760790946e+00 -2.601240200457638707e+00 4.785699729303152239e+00
7.397421477717032623e+00 -2.611298667146706443e+00 4.786122810570326180e+00
7.407628547545126452e+00 -2.621256702686066475e+00 4.786371844859059976e+00
7.417893749082342225e+00 -2.631116949114169934e+00 4.786776799968172291e+00
7.428054931879417566e+00 -2.640881082044623351e+00 4.787173849834793771e+00
