5.836205610076874883e+00 6.200134782601639749e+00 6.467193197188410458e+00 6.678015344340434645e+00 6.852009131564630096e+00 7.000386503909674651e+00 7.129493485951869047e+00 7.243958442086207761e+00 7.346676235419235645e+00 7.439745155891437811e+00 7.524977550273633575e+00 7.603440889760575416e+00 7.676267678838236463e+00 7.744151024615392842e+00 7.807658902943182433e+00 7.867435477249183684e+00 7.923786404851817622e+00 7.977185523683621327e+00 8.027878952034141591e+00 8.076079706985227702e+00 8.122109879450567504e+00
5.841658872815536974e+00 6.203405157347415155e+00 6.469397267706648691e+00 6.679613658627907569e+00 6.853227786963735468e+00 7.001350221312899968e+00 7.130277046781305472e+00 7.244609582999925301e+00 7.347226953378847014e+00 7.440217753747027096e+00 7.525388080689010550e+00 7.603801220520405302e+00 7.676586785461530837e+00 7.744435828953416312e+00 7.807914834277659644e+00 7.867666857853218509e+00 7.923996721153990563e+00 7.977377620962990079e+00 8.028055176761528244e+00 8.076242012616699384e+00 8.122259906220005377e+00
5.847385254006201905e+00 6.206905389158369424e+00 6.471782547658509799e+00 6.681356245976829200e+00 6.854563613477463235e+00 7.002410966587801155e+00 7.131142340529204482e+00 7.245330590440166141e+00 7.347838148950510018e+00 7.440743270241068963e+00 7.525845350349428919e+00 7.604203170628875519e+00 7.676943218824018977e+00 7.744754323047644107e+00 7.808201344916822606e+00 7.867926135237412133e+00 7.924232603259092400e+00 7.977593244688289786e+00 8.028253132632467981e+00 8.076424459986924376e+00 8.122428660312690951e+00
5.853307534748539709e+00 6.210591925414703951e+00 6.474321464534827264e+00 6.683224180465389352e+00 6.856002849183767012e+00 7.003558295704453762e+00 7.132081176633287889e+00 7.246114872262622519e+00 7.348504403895874226e+00 7.441317174158121439e+00 7.526345514362572153e+00 7.604643436971471715e+00 7.677334110883645479e+00 7.745103993463449576e+00 7.808516214223279128e+00 7.868211333304847344e+00 7.924492281390222992e+00 7.977830800741966932e+00 8.028471376308811358e+00 8.076625736138396405e+00 8.122614942269935412e+00
5.859364687286077178e+00 6.214429175086899626e+00 6.476991120127090440e+00 6.685201596247130951e+00 6.857533886641680176e+00 7.004783362102877220e+00 7.133086595622585513e+00 7.246956813820138343e+00 7.349221094780286734e+00 7.441935593162867235e+00 7.526885282875819705e+00 7.605119190367300774e+00 7.677757002981260293e+00 7.745482683938656798e+00 7.808857535906925662e+00 7.868520754744829482e+00 7.924774234705582288e+00 7.978088918640433569e+00 8.028708666455532494e+00 8.076844711479212791e+00 8.122817719826603167e+00
5.865507741570365141e+00 6.218387563807545426e+00 6.479772167717809062e+00 6.687274957856106816e+00 6.859146760888988226e+00 7.006078537675753282e+00 7.134152577243527027e+00 7.247851546279096446e+00 7.349984204600013449e+00 7.442595157629880553e+00 7.527461789499886535e+00 7.605627963199904862e+00 7.678209748758196618e+00 7.745888510666515181e+00 7.809223643451807639e+00 7.868852914884310934e+00 7.925077132222925869e+00 7.978366398454490138e+00 8.028963915788217776e+00 8.077080396248897287e+00 8.123036088211403438e+00
5.871696970337280774e+00 6.222442205368756696e+00 6.482648045333854192e+00 6.689432562252519254e+00 6.860832800263457543e+00 7.007437154413544533e+00 7.135273841583773091e+00 7.248794788803720301e+00 7.350790194499334795e+00 7.443292894311180241e+00 7.528072501735498356e+00 7.606167572929231291e+00 7.678690448080539355e+00 7.746319804640999784e+00 7.809613059368582633e+00 7.869206496676095952e+00 7.925399792622819461e+00 7.978662174694062692e+00 8.029236158447520921e+00 8.077331910899946621e+00 8.123269243138025786e+00
5.877899889035127501e+00 6.226571953412593174e+00 6.485604428251625642e+00 6.691664183422455281e+00 6.862584377320878559e+00 7.008853320197054870e+00 7.136445707327450982e+00 7.249782736110772063e+00 7.351635912390138472e+00 7.444026150606918968e+00 7.528715157190140062e+00 7.606736067633376841e+00 7.679197399999455165e+00 7.746775070615910863e+00 7.810024459073240166e+00 7.869580318662289464e+00 7.925741155640787738e+00 7.978975290606380888e+00 8.029524526781838034e+00 8.077598465021251783e+00 8.123516461586188342e+00
5.884089787458250953e+00 6.230758700904946323e+00 6.488628824180325161e+00 6.693960809650497445e+00 6.864394724782229673e+00 7.010321782739731056e+00 7.137663987099183593e+00 7.250811975471735060e+00 7.352518525519212034e+00 7.444792538693569384e+00 7.529387716527763175e+00 7.607331685842575908e+00 7.679729068060865416e+00 7.747252956841455429e+00 7.810456644253632064e+00 7.869973311354351964e+00 7.926100260976586043e+00 7.979304879228704905e+00 8.029828234232397222e+00 8.077879341801901703e+00 8.123777087635266625e+00
5.890244622802087271e+00 6.234986847970632518e+00 6.491710265254321044e+00 6.696314443605322353e+00 6.866257795524762564e+00 7.011837826125109530e+00 7.138924907906438300e+00 7.251879423637113575e+00 7.353435469233674304e+00 7.445589893081530519e+00 7.530088327733431619e+00 7.607952826036753713e+00 7.680284053964322233e+00 7.747752232086813073e+00 7.810908522649749663e+00 7.870384499302469195e+00 7.926476232284558776e+00 7.979650149006512372e+00 8.030146562342894256e+00 8.078173886239548906e+00 8.124050521712717909e+00
5.896346167925218928e+00 6.239242888707057233e+00 6.494839068371520696e+00 6.698717946731864714e+00 6.868168153621575733e+00 7.013397190312373297e+00 7.140225049262353352e+00 7.252982277792046517e+00 7.354384407153271574e+00 7.446416237628936230e+00 7.530815298344704978e+00 7.608598022946729600e+00 7.680861077099948808e+00 7.748271767792100029e+00 7.811379092349255870e+00 7.870812987170141106e+00 7.926868264741011139e+00 7.980010372625687687e+00 8.030478850672729152e+00 8.078481495984888738e+00 8.124336212246461741e+00
5.902379344040746822e+00 6.243515084111630919e+00 6.498006644951425770e+00 6.701164915648531561e+00 6.870120887791761888e+00 7.014996007210743123e+00 7.141561294057554576e+00 7.254117976626359265e+00 7.355363199563271337e+00 7.447269759368919217e+00 7.531567073422364977e+00 7.609265928756244968e+00 7.681458958319015373e+00 7.748810523914398729e+00 7.811867429334535373e+00 7.871257948692792716e+00 7.927275615187094004e+00 7.980384878158734985e+00 8.030824488800668348e+00 8.078801614083900517e+00 8.124633649047822814e+00
5.908331690374292400e+00 6.247793199140062370e+00 6.501205347480395247e+00 6.703649582350267977e+00 6.872111541509544175e+00 7.016630749064617589e+00 7.142930788901376893e+00 7.255284168915322240e+00 7.356369877910601041e+00 7.448148787394737624e+00 7.532342217781203608e+00 7.609955297941329633e+00 7.682076606846472977e+00 7.749367537515192694e+00 7.812372677442623647e+00 7.871718617776490845e+00 7.927697594182831153e+00 7.980773041928045153e+00 8.031182909879655440e+00 8.079133723128247624e+00 8.124942357978570229e+00
5.914192937400168937e+00 6.252068288443199506e+00 6.504428343974928417e+00 6.706166732465169034e+00 6.874136055738722106e+00 7.018298186163923091e+00 7.144330911633248959e+00 7.256478687785791415e+00 7.357402623918948947e+00 7.449051775571995826e+00 7.533139401443802896e+00 7.610664974861267140e+00 7.682713009570125706e+00 7.749941913421260153e+00 7.812894040150019315e+00 7.872194281215167067e+00 7.928133559506417072e+00 7.981174282667624631e+00 8.031553585364539671e+00 8.079477340470457847e+00 8.125261896588884980e+00
5.919954659778102979e+00 6.256332519738742270e+00 6.507669514033294966e+00 6.708711637463306232e+00 6.876190721418489638e+00 7.019995351753382629e+00 7.145759244367220653e+00 7.257699529368428770e+00 7.358459752266411691e+00 7.449977288202184411e+00 7.533957387579414799e+00 7.611393883470908506e+00 7.683367222161903598e+00 7.750532816483879373e+00 7.813430773764086013e+00 7.872684272655271265e+00 7.928582910767384639e+00 7.981588056685504640e+00 8.031936020643744456e+00 8.079832014259672235e+00 8.125591850503544933e+00
5.925609991516092023e+00 6.260579026734367503e+00 6.510923361848482749e+00 6.711279997822837018e+00 6.878272139603190283e+00 7.021719512589651657e+00 7.147213550875847865e+00 7.258944834888671593e+00 7.359539696055602320e+00 7.450923987999108711e+00 7.534795022390085251e+00 7.612141018695043115e+00 7.684038361634442538e+00 7.751139465090051139e+00 7.813982181716234265e+00 7.873187967537509380e+00 7.929045084892198503e+00 7.982013853809883486e+00 8.032329751378842531e+00 8.080197320119989257e+00 8.125931830394078403e+00
5.931153390364242384e+00 6.264801785585345506e+00 6.514184942741906070e+00 6.713867894928287505e+00 6.880377187698883290e+00 7.023468143995258650e+00 7.148691757427809712e+00 7.260212875493844642e+00 7.360640994505135204e+00 7.451890625904916021e+00 7.535651226545319048e+00 7.612905439124357798e+00 7.684725600038825988e+00 7.751761125669091257e+00 7.814547609730971622e+00 7.873704778815252325e+00 7.929519552303302632e+00 7.982451193958216784e+00 8.032734340406822326e+00 8.080572858339582609e+00 8.126281469416595016e+00
5.936580441495130422e+00 6.268995510274779193e+00 6.517449800583206887e+00 6.716471749998555119e+00 6.882502990605671833e+00 7.025238908529267690e+00 7.150191936402130466e+00 7.261502039279261744e+00 7.361762282425931225e+00 7.452876032383809246e+00 7.536524987860431679e+00 7.613686260772624337e+00 7.685428159078578680e+00 7.752397107998350023e+00 7.815126441698062365e+00 7.874234153296404415e+00 7.930005813654771529e+00 7.982899624206272193e+00 8.033149375093909583e+00 8.080958251469672504e+00 8.126640421023337169e+00
5.941887693033423901e+00 6.273155563457799566e+00 6.520713914120911170e+00 6.719088288769368589e+00 6.884646895875083494e+00 7.027029637616814206e+00 7.151712292173468377e+00 7.262810820112420629e+00 7.362902281156619821e+00 7.453879109923668977e+00 7.537415354991371608e+00 7.614482651701206528e+00 7.686145305472413369e+00 7.753046761161881406e+00 7.815718096119184999e+00 7.874775568494632338e+00 7.930503397022723000e+00 7.983358716265669841e+00 8.033574465058327618e+00 8.081353142258382860e+00 8.127008357079542833e+00
5.947072517809506742e+00 6.277277880138351307e+00 6.523973650728014384e+00 6.721714510968382683e+00 6.886806452211164498e+00 7.028838315643179513e+00 7.153251148888673860e+00 7.264137807954773152e+00 7.364059790714305720e+00 7.454898826543716162e+00 7.538321431976241271e+00 7.615293827365978707e+00 7.686876346940708871e+00 7.753709470053149921e+00 7.816322023033248634e+00 7.875328529905065267e+00 7.931011855474675798e+00 7.983828064301837557e+00 8.034009240200539637e+00 8.081757191863694345e+00 8.127384966234819430e+00
5.952132995419358252e+00 6.281358901428589547e+00 6.527225725979188375e+00 6.724347663552769028e+00 6.888979390592132823e+00 7.030663065974946946e+00 7.154806939719838610e+00 7.265481680350448279e+00 7.365233682890838018e+00 7.455934210083953850e+00 7.539242373433918232e+00 7.616119046524386427e+00 7.687620628675104761e+00 7.754384652298680791e+00 7.816937701311819531e+00 7.875892568607890887e+00 7.931530764931488342e+00 7.984307283014609347e+00 8.034453348970567177e+00 8.082170078281494696e+00 8.127769952490490724e+00
