1.496168881086134439e+00 -1.197870390031249670e-03 1.494971010696103164e+00
2.597325260124259128e+00 -1.060156603116776432e-02 2.586723694093091552e+00
3.119935911510835602e+00 -2.815152581884704935e-02 3.091784385691988657e+00
3.462383180444976283e+00 -5.263296401971017530e-02 3.409750216425265990e+00
3.712573738306180537e+00 -8.289230447726604611e-02 3.629681433828914283e+00
3.916394735393933235e+00 -1.178566577198345428e-01 3.798538077674098901e+00
4.082378732822474987e+00 -1.564920309446879154e-01 3.925886701877787210e+00
4.227568926586881659e+00 -1.978504950399876949e-01 4.029718431546894131e+00
4.351794622636879772e+00 -2.410306339653360552e-01 4.110763988671544134e+00
4.464570020277391471e+00 -2.852221481396307046e-01 4.179347872137761044e+00
4.565922741668131835e+00 -3.297057933268001118e-01 4.236216948341331445e+00
4.656032196659709577e+00 -3.739096875310780055e-01 4.282122509128631904e+00
4.740452850005398844e+00 -4.174452014803958222e-01 4.323007648525003077e+00
4.816665394913343334e+00 -4.600595035896138385e-01 4.356605891323729551e+00
4.889003241586134862e+00 -5.016159833979234595e-01 4.387387258188211625e+00
4.955033114544914241e+00 -5.420380052295163953e-01 4.412995109315398068e+00
5.018314701053173899e+00 -5.813039163314380753e-01 4.437010784721735490e+00
5.077832648744606381e+00 -6.194137331633522425e-01 4.458418915581254360e+00
5.132803754722399248e+00 -6.563859699032925654e-01 4.476417784819107126e+00
5.186052231035725768e+00 -6.922561899855950163e-01 4.493796041050130974e+00
5.235521584330993683e+00 -7.270585553300651371e-01 4.508463029000928657e+00
5.283695527011301962e+00 -7.608381843434164349e-01 4.522857342667885305e+00
5.328667597795035071e+00 -7.936344367794594401e-01 4.535033161015575409e+00
5.372651609634959691e+00 -8.254936954684918282e-01 4.547157914166468196e+00
5.414783701616606493e+00 -8.564565266453819659e-01 4.558327174971224416e+00
5.454335009331072293e+00 -8.865624676657434255e-01 4.567772541665329200e+00
5.493226334616544193e+00 -9.158539761567179305e-01 4.577372358459825818e+00
5.529847623851582128e+00 -9.443658006297858121e-01 4.585481823221796205e+00
5.565960993524455169e+00 -9.721365891136498627e-01 4.593824404410804974e+00
5.600056641336287555e+00 -9.991975700026071161e-01 4.600859071333680106e+00
5.633762602603135328e+00 -1.025583519534836840e+00 4.608179083068298709e+00
5.666370232987095079e+00 -1.051323444538420748e+00 4.615046788448674775e+00
5.697257765900852533e+00 -1.076444787433278760e+00 4.620812978467573551e+00
5.727891295693281926e+00 -1.100976988314094962e+00 4.626914307379187186e+00
5.756963119407948248e+00 -1.124943153727457679e+00 4.632019965680490792e+00
5.785845675089177576e+00 -1.148369600682210390e+00 4.637476074406967186e+00
5.813302515775751189e+00 -1.171276738992161226e+00 4.642025776783589741e+00
5.840624546930353489e+00 -1.193688121884437292e+00 4.646936425045915975e+00
5.867220637902528679e+00 -1.215622814452140821e+00 4.651597823450387637e+00
5.892558409702761679e+00 -1.237098856480199238e+00 4.655459553222562441e+00
5.917825303735866349e+00 -1.258136275310800967e+00 4.659689028425065160e+00
5.941927757193385951e+00 -1.278750092512850101e+00 4.663177664680535628e+00
5.965992135956327047e+00 -1.298958343164201779e+00 4.667033792792125269e+00
5.988974267511109062e+00 -1.318774357100787498e+00 4.670199910410321564e+00
6.011946182095620372e+00 -1.338214424248727941e+00 4.673731757846892876e+00
6.034402583978063284e+00 -1.357291282533039878e+00 4.677111301445023628e+00
6.055881228277542050e+00 -1.376017038192313802e+00 4.679864190085227804e+00
6.077382199414475217e+00 -1.394405758408867380e+00 4.682976441005608059e+00
6.097966393983687894e+00 -1.412467422066297829e+00 4.685498971917390065e+00
6.118590547477055885e+00 -1.430214833915302242e+00 4.688375713561753422e+00
6.138798288232429456e+00 -1.447657720929320657e+00 4.691140567303108355e+00
6.158168004262434714e+00 -1.464805359701899956e+00 4.693362644560535202e+00
6.177598984478751554e+00 -1.481668935492576722e+00 4.695930048986174832e+00
6.196238423366646764e+00 -1.498256019363046754e+00 4.697982404003600010e+00
6.214950776589574843e+00 -1.514576868879234040e+00 4.700373907710340582e+00
6.232913636523059964e+00 -1.530638287817430943e+00 4.702275348705629021e+00
6.250958453558038030e+00 -1.546449709490363533e+00 4.704508744067674719e+00
6.268683413470331089e+00 -1.562017974630694361e+00 4.706665438839636728e+00
6.285713855882534062e+00 -1.577349636844884495e+00 4.708364219037649789e+00
6.302838282369758183e+00 -1.592453059153530415e+00 4.710385223216228212e+00
6.319301659242188229e+00 -1.607333490250071106e+00 4.711968168992116901e+00
6.335865304021215394e+00 -1.621998672053350576e+00 4.713866631967865040e+00
6.351798256864483960e+00 -1.636453349662210677e+00 4.715344907202273284e+00
6.367836513263392284e+00 -1.650704707637630664e+00 4.717131805625761842e+00
6.383621761560813290e+00 -1.664757685865983161e+00 4.718864075694829907e+00
6.398817206946162628e+00 -1.678617035868654739e+00 4.720200171077507889e+00
6.414124772128573682e+00 -1.692289209751984158e+00 4.721835562376589301e+00
6.428867239190260818e+00 -1.705777916400174732e+00 4.723089322790086086e+00
6.443725055750946673e+00 -1.719089177669977708e+00 4.724635878080968965e+00
6.458040621601679021e+00 -1.732226361784003688e+00 4.725814259817675556e+00
6.472474343872365310e+00 -1.745195100955565959e+00 4.727279242916798907e+00
6.486702864826121129e+00 -1.757999042977490989e+00 4.728703821848630362e+00
6.500420316288744615e+00 -1.770641708831182104e+00 4.729778607457562956e+00
6.514259391934990262e+00 -1.783128213105659388e+00 4.731131178829331319e+00
6.527606417286713203e+00 -1.795461213357499197e+00 4.732145203929214006e+00
6.541076771595508710e+00 -1.807645516794192497e+00 4.733431254801316435e+00
6.554072943064706891e+00 -1.819683544194879987e+00 4.734389398869827126e+00
6.567193809036746543e+00 -1.831579822087889386e+00 4.735613986948857601e+00
6.580144868577252559e+00 -1.843337094513778807e+00 4.736807774063473531e+00
6.592646149675302603e+00 -1.854958018246210871e+00 4.737688131429091953e+00
6.605273732601042447e+00 -1.866446743406947606e+00 4.738826989194095063e+00
6.617466681445120180e+00 -1.877805190836855820e+00 4.739661490608264138e+00
6.629786646155467089e+00 -1.889037284951407214e+00 4.740749361204059653e+00
6.641686202269490025e+00 -1.900144778097966558e+00 4.741541424171523467e+00
6.653713126370737641e+00 -1.911131387098716328e+00 4.742581739272020869e+00
6.665597192015909833e+00 -1.921999207781867058e+00 4.743597984234042997e+00
6.677080442120760573e+00 -1.932750274805121959e+00 4.744330167315638391e+00
6.688691646949377123e+00 -1.943388024292360683e+00 4.745303622657016440e+00
6.699914274334576980e+00 -1.953913849057582475e+00 4.746000425276994505e+00
6.711264845125937129e+00 -1.964331015445882178e+00 4.746933829680054728e+00
6.722238291518729980e+00 -1.974640793892211477e+00 4.747597497626518503e+00
6.733339585892498036e+00 -1.984846293619132673e+00 4.748493292273365363e+00
6.744319082598752679e+00 -1.994949135170068777e+00 4.749369947428683680e+00
6.754937599724784469e+00 -2.004950895585921433e+00 4.749986704138862592e+00
6.765683823143404219e+00 -2.014854470046421486e+00 4.750829353096982288e+00
6.776079142641656894e+00 -2.024660865483252969e+00 4.751418277158403924e+00
6.786601841733413742e+00 -2.034372846638021759e+00 4.752228995095391539e+00
6.796783230344531468e+00 -2.043991329996322825e+00 4.752791900348208642e+00
6.807091544947985184e+00 -2.053518958887733170e+00 4.753572586060252014e+00
6.817294786726336042e+00 -2.062956998632914818e+00 4.754337788093421224e+00
