4.060774127207647410e+00 4.081189018508822208e+00 4.092230977174872386e+00 4.099070330378580707e+00 4.103562429113058130e+00 4.106957764302430647e+00 4.109413180420855127e+00 4.111444546452817761e+00 4.113079717647578626e+00 4.114337450811734520e+00 4.115472104928113772e+00 4.116357333806125673e+00 4.117187021410407155e+00 4.117906003210965338e+00 4.118475030406319348e+00 4.119037420364771052e+00 4.119483592128631244e+00 4.119936399762145207e+00 4.120345039909017792e+00 4.120668200415059879e+00 4.121007419919084924e+00
4.230021541749249714e+00 4.254417619575193044e+00 4.267569714166625339e+00 4.275714992503997891e+00 4.281094081859346367e+00 4.285131299948784722e+00 4.288072129399288279e+00 4.290483656415029934e+00 4.292424369830374786e+00 4.293932763263264007e+00 4.295277003008582284e+00 4.296339742436920517e+00 4.297321933765497093e+00 4.298173206387685852e+00 4.298857921800141924e+00 4.299522545444068200e+00 4.300059479117122052e+00 4.300593598407045803e+00 4.301075399251092612e+00 4.301464622345756439e+00 4.301863966007462459e+00
4.371162868392966416e+00 4.399524882706746354e+00 4.414783700862892069e+00 4.424234846660331399e+00 4.430502122603462212e+00 4.435182679149807683e+00 4.438610594660174158e+00 4.441403856645804282e+00 4.443651643874554580e+00 4.445412236962506647e+00 4.446967455131619396e+00 4.448209089020426887e+00 4.449345035562016548e+00 4.450329787264022841e+00 4.451131370393008879e+00 4.451899299173859070e+00 4.452528060789553876e+00 4.453144463515551266e+00 4.453700353623974095e+00 4.454156566978761056e+00 4.454616884408668653e+00
4.491735679265823400e+00 4.524045034578946911e+00 4.541404772319991068e+00 4.552159819540354313e+00 4.559314835177906033e+00 4.564638833656678329e+00 4.568554282729776261e+00 4.571729807042717475e+00 4.574285257669515659e+00 4.576298701623173315e+00 4.578065508743762280e+00 4.579486671608417936e+00 4.580776956421536816e+00 4.581895751785191706e+00 4.582814775093833504e+00 4.583686532049192408e+00 4.584407649764955295e+00 4.585106818816043983e+00 4.585737262770978262e+00 4.586260935064860433e+00 4.586782655858533175e+00
4.596605673770820744e+00 4.632842204679896270e+00 4.652295934671230704e+00 4.664352019261114535e+00 4.672393552426031604e+00 4.678360458961837942e+00 4.682763310208427399e+00 4.686321130364825116e+00 4.689184389299887457e+00 4.691450915217266981e+00 4.693429552332680110e+00 4.695030524036533315e+00 4.696475414322795139e+00 4.697728523139590884e+00 4.698765271609337546e+00 4.699741120453250431e+00 4.700554867594641806e+00 4.701337054587760633e+00 4.702042297426433315e+00 4.702633679739005146e+00 4.703217034672324992e+00
4.689096583515809158e+00 4.729239310648952532e+00 4.750779522436169522e+00 4.764133313358234645e+00 4.773059737701845329e+00 4.779668686418739654e+00 4.784558506290764512e+00 4.788498398320284899e+00 4.791669378525695855e+00 4.794188997993721557e+00 4.796379513309254605e+00 4.798160388315448444e+00 4.799759986362043485e+00 4.801147524470348316e+00 4.802302132701818493e+00 4.803382201666921425e+00 4.804288718209324571e+00 4.805154053890823285e+00 4.805934225883224720e+00 4.806593455361538147e+00 4.807238571238142910e+00
4.771579716430284890e+00 4.815607205187117046e+00 4.839226061755629971e+00 4.853873965990022299e+00 4.863683427880816978e+00 4.870933366330859826e+00 4.876309551168956702e+00 4.880631146268802567e+00 4.884109630188921969e+00 4.886882231082325667e+00 4.889284564238443487e+00 4.891245332477362595e+00 4.892999647687839904e+00 4.894521644194966825e+00 4.895794161952649048e+00 4.896978502920433129e+00 4.897977853586114705e+00 4.898926400562409356e+00 4.899781567267089244e+00 4.900508716729200742e+00 4.901215661708172355e+00
4.845806246900667524e+00 4.893696792458479550e+00 4.919386262655407016e+00 4.935324531164166473e+00 4.946015041322509909e+00 4.953904805760849683e+00 4.959766650261045129e+00 4.964469493152627422e+00 4.968255185271667429e+00 4.971280581468846549e+00 4.973894607228761089e+00 4.976035196081767253e+00 4.977944182329279599e+00 4.979600614481578091e+00 4.980991040737425379e+00 4.982279659920616943e+00 4.983371864363062897e+00 4.984403644470907224e+00 4.985333832720497682e+00 4.986128936440595183e+00 4.986897743575049446e+00
4.913106174883272281e+00 4.964837903957745269e+00 4.992589835408922205e+00 5.009814621567063142e+00 5.021384105692009214e+00 5.029912462642919024e+00 5.036259197719846092e+00 5.041342778895215204e+00 5.045435334791257276e+00 5.048713293691111659e+00 5.051538846100680047e+00 5.053859143645000884e+00 5.055922719937248289e+00 5.057713532411708179e+00 5.059221834205843926e+00 5.060614709127853494e+00 5.061799758659151216e+00 5.062914768116281827e+00 5.063919980405025001e+00 5.064783048408395771e+00 5.065613728681881867e+00
4.974513404002284922e+00 5.030064334204888077e+00 5.059870495891146014e+00 5.078377889651785715e+00 5.090824218076351215e+00 5.099989888668395643e+00 5.106820703654346261e+00 5.112284478269614851e+00 5.116683521641368415e+00 5.120213780311740237e+00 5.123250666861498104e+00 5.125750535514758788e+00 5.127968598113117338e+00 5.129893714334819776e+00 5.131519837849762844e+00 5.133016927308630351e+00 5.134294794723569311e+00 5.135493013021875441e+00 5.136573235951878758e+00 5.137504262414054779e+00 5.138396812395750857e+00
5.030847582624816461e+00 5.090195658400753942e+00 5.122047766469700392e+00 5.141833815106434002e+00 5.155154820833036666e+00 5.164956495594875463e+00 5.172270551752951917e+00 5.178113951123846093e+00 5.182819084154151490e+00 5.186601359169566550e+00 5.189849369418412905e+00 5.192528654253804277e+00 5.194901084055253193e+00 5.196960413091337827e+00 5.198704290404750239e+00 5.200305540543832095e+00 5.201676186111882316e+00 5.202957581437045675e+00 5.204112790866092908e+00 5.205111759237792235e+00 5.206066165749289709e+00
5.082769492550859525e+00 5.145892607884245074e+00 5.179782341976597593e+00 5.200843063220990103e+00 5.215036553365691496e+00 5.225472901609073517e+00 5.233269340716320883e+00 5.239491779613781652e+00 5.244502589548487137e+00 5.248536583243150311e+00 5.251995494295456091e+00 5.254854028329463134e+00 5.257380695555644579e+00 5.259574136495798413e+00 5.261435689875934685e+00 5.263141038042437714e+00 5.264604413319894149e+00 5.265968945996885253e+00 5.267199110311810983e+00 5.268265996580459465e+00 5.269282239663930056e+00
5.130819621809330044e+00 5.197695635014091486e+00 5.233614648914649337e+00 5.255946039539538539e+00 5.271009802818847234e+00 5.282079478777776949e+00 5.290357428745009472e+00 5.296958310171784312e+00 5.302274373628545590e+00 5.306559778193186361e+00 5.310229358287751111e+00 5.313266965945839360e+00 5.315947733216328075e+00 5.318275178043806228e+00 5.320254322766203359e+00 5.322063700040732925e+00 5.323619750371240578e+00 5.325067375123433422e+00 5.326372457386574055e+00 5.327507232216369459e+00 5.328585287081303079e+00
5.175445698573111208e+00 5.246052442202407740e+00 5.283992370985234999e+00 5.307590412569633820e+00 5.323522224339036768e+00 5.335223871298422793e+00 5.343982449955817060e+00 5.350961168361338949e+00 5.356582054230328183e+00 5.361118554474478159e+00 5.364998565401446484e+00 5.368215064855295537e+00 5.371049789258000473e+00 5.373511124784306148e+00 5.375607771031921445e+00 5.377521103933372792e+00 5.379169770135103334e+00 5.380700437607412567e+00 5.382080397003829120e+00 5.383283027180096880e+00 5.384422865516199863e+00
5.217022772451784363e+00 5.291338060101029583e+00 5.331290525043216988e+00 5.356151187943393843e+00 5.372948813670735291e+00 5.385281066814039619e+00 5.394519384523198902e+00 5.401875328022271106e+00 5.407800599468830072e+00 5.412587874728424175e+00 5.416678073498006896e+00 5.420073278279878615e+00 5.423061812801260650e+00 5.425656922002415783e+00 5.427870976178843065e+00 5.429888187842201397e+00 5.431629407374106044e+00 5.433243065185359377e+00 5.434697858022977890e+00 5.435968307450924186e+00 5.437169898335447726e+00
5.255868139841656905e+00 5.333869770921944031e+00 5.375826382954747906e+00 5.401945629096696067e+00 5.419606826810513311e+00 5.432568315225088540e+00 5.442285476722226178e+00 5.450018028658920599e+00 5.456247244535331831e+00 5.461284970019821827e+00 5.465585110039242522e+00 5.469158830182381692e+00 5.472301024716369255e+00 5.475029787676340298e+00 5.477361153333220933e+00 5.479482164341391126e+00 5.481315872126948818e+00 5.483012465613301245e+00 5.484542046029563522e+00 5.485880276439875303e+00 5.487143586978886489e+00
5.292252624400186178e+00 5.373918387545833397e+00 5.417870749724587043e+00 5.445244534604970710e+00 5.463767056649780685e+00 5.477356404765907349e+00 5.487551510483743122e+00 5.495660050554231901e+00 5.502192766413585900e+00 5.507480614172877154e+00 5.511990446092154272e+00 5.515742488949618938e+00 5.519038191022882955e+00 5.521900485611148213e+00 5.524349064114936425e+00 5.526573793096108744e+00 5.528499922115753584e+00 5.530279394864610509e+00 5.531883715334004137e+00 5.533289686790434203e+00 5.534614682579508838e+00
5.326409231541887834e+00 5.411716907104819896e+00 5.457656616413012252e+00 5.486280890563706159e+00 5.505662484891384878e+00 5.519878313536902503e+00 5.530550460578838923e+00 5.539034365654764258e+00 5.545870134495148207e+00 5.551407774132273154e+00 5.556127046465318742e+00 5.560057217314055222e+00 5.563506272618349513e+00 5.566501974987742685e+00 5.569067666011553008e+00 5.571396030078286543e+00 5.573414511806432436e+00 5.575276806049015654e+00 5.576955817756108047e+00 5.578429489030241939e+00 5.579816134493079005e+00
5.358539877413191377e+00 5.447467239303715125e+00 5.495385888003415431e+00 5.525256598086922821e+00 5.545495009209352233e+00 5.560335936398806744e+00 5.571484219257541781e+00 5.580342864002888703e+00 5.587481236824077158e+00 5.593268336021131937e+00 5.598196795610312471e+00 5.602304898096625685e+00 5.605907150887444956e+00 5.609036135846965365e+00 5.611718837732961873e+00 5.614150752811113421e+00 5.616261517538132964e+00 5.618206574443632917e+00 5.619960227562815547e+00 5.621501556409809197e+00 5.622949815052241895e+00
5.388820683775980669e+00 5.481345500746581223e+00 5.531234677298733970e+00 5.562347766860487042e+00 5.583440736528237025e+00 5.598905378007708933e+00 5.610528889078935322e+00 5.619761646376263187e+00 5.627202172565901606e+00 5.633238397461548530e+00 5.638375789800314841e+00 5.642661626260003338e+00 5.646416919633576725e+00 5.649679060907251582e+00 5.652478670928154258e+00 5.655014051985244095e+00 5.657217029050029211e+00 5.659244788929768788e+00 5.661073032819428086e+00 5.662681976177665888e+00 5.664191810763951729e+00
5.417406194734656566e+00 5.513506231530228341e+00 5.565357521439809219e+00 5.597708931593837534e+00 5.619654199391581173e+00 5.635741169132904460e+00 5.647838999164568108e+00 5.657445240501600026e+00 5.665187468183533248e+00 5.671472483702231671e+00 5.676818553225592368e+00 5.681281924962969576e+00 5.685190101105470184e+00 5.688585271566137358e+00 5.691501686151651640e+00 5.694140447403183813e+00 5.696435565394370570e+00 5.698545967886368580e+00 5.700448751264211467e+00 5.702125265427856249e+00 5.703696638139933661e+00
