   1.0.1 # v: lpa-xrd version
1.28e+16 # d: dislocation density [m^-2]
 1  1  0 # z: direction of 'l' (line vector) [uvw]
 1  1  0 # b: Burgers vector direction [uvw]
 2  0  0 # g: diffraction vector direction (hkl)
0.250000 # C: contrast coefficient [1]
0.404600 # a: cell parameter [nm]
    6400 # s: side of the region of interest [nm] PBC1
0.345000 # nu: Poisson's number [1]
  524288 # nd: number of dislocations in the input file
 1000000 # np: number of random points
#    L                   cos1       err_cos1                   sin1       err_sin1                   cos2       err_cos2                   sin2       err_sin2                   cos3       err_cos3                   sin3       err_sin3                   cos4       err_cos4                   sin4       err_sin4                   cos5       err_cos5                   sin5       err_sin5                   eps2       nrpo
   1.5  9.185213557873004E-01  3.5914066E-05 -7.432866929227438E-05  5.9959198E-05  7.699125290489917E-01  6.4819771E-05 -1.047023919859938E-04  9.2327903E-05  6.056336523471865E-01  8.8278870E-05 -7.103602718348065E-05  1.0951956E-04  4.544343047384511E-01  1.0439006E-04 -4.725455667843782E-05  1.1789493E-04  3.291199350225947E-01  1.1419918E-04  4.933751008350779E-05  1.2175183E-04  3.584282108485550E-03          0
   3.0  7.562997504166077E-01  6.8555301E-05 -8.096832341508394E-05  9.3142190E-05  4.447685725131966E-01  1.0549679E-04 -2.523958947757676E-05  1.1806158E-04  2.270629111608751E-01  1.1990286E-04  1.281057379253301E-04  1.2353984E-04  1.079326098405154E-01  1.2386942E-04  1.791802195438915E-04  1.2466874E-04  5.010048863661306E-02  1.2477079E-04  1.936823322912893E-04  1.2491510E-04  3.012642504564262E-03          0
   4.5  5.763961560924472E-01  9.3091096E-05 -8.386535610162995E-05  1.1046148E-04  2.190868402544966E-01  1.2031700E-04  1.154646590564758E-04  1.2358727E-04  7.097752741981270E-02  1.2452890E-04  2.443313948673454E-04  1.2484026E-04  2.247549214513677E-02  1.2496805E-04 -7.116758285440705E-05  1.2496875E-04  7.299111282433270E-03  1.2500685E-04 -1.215547385781725E-04  1.2498647E-04  2.680605320131545E-03          0
   6.0  4.133942999757768E-01  1.0878201E-04 -2.394892983087904E-05  1.1864218E-04  9.913639093671972E-02  1.2407474E-04  2.227944697715248E-04  1.2469277E-04  2.156384207102791E-02  1.2496804E-04 -1.082254390532556E-06  1.2497375E-04  4.909404780434515E-03  1.2500532E-04 -1.672280699254601E-04  1.2499163E-04  1.281590945373542E-03  1.2500334E-04 -1.774152787324372E-04  1.2499645E-04  2.445576554762280E-03          0
   7.5  2.825066088551823E-01  1.1753027E-04  5.447533546990738E-06  1.2223961E-04  4.367736045509727E-02  1.2483328E-04  1.542051978619464E-04  1.2492796E-04  6.917215596988695E-03  1.2500522E-04 -7.181693230484811E-05  1.2498876E-04  1.152170597051179E-03  1.2501271E-04 -1.495477468988943E-04  1.2498708E-04  3.709271157307915E-04  1.2500032E-04  6.810468517400099E-05  1.2499962E-04  2.263895106470188E-03          0
   9.0  1.860310149179206E-01  1.2185172E-04  9.182574280396734E-05  1.2377646E-04  1.947973584359710E-02  1.2497106E-04 -6.625747998702209E-05  1.2498141E-04  2.213610183693631E-03  1.2499801E-04  7.133646528501799E-05  1.2500135E-04  2.973143657642282E-04  1.2500734E-04 -3.259589714899071E-05  1.2499262E-04  3.653775842538230E-04  1.2501382E-04  1.597366757115483E-05  1.2498615E-04  2.115869862177534E-03          0
  10.5  1.194180813762435E-01  1.2376410E-04  1.044003591151229E-04  1.2444574E-04  8.847479560260205E-03  1.2500463E-04 -2.878415850056420E-05  1.2498553E-04  5.829976540300853E-04  1.2498978E-04  1.081334819580334E-04  1.2501010E-04  2.314101086968869E-04  1.2499068E-04  2.069966664593224E-05  1.2500930E-04 -5.454963431213261E-05  1.2499730E-04 -2.058552346474258E-04  1.2500268E-04  1.991006240275126E-03          0
  12.0  7.570758670261404E-02  1.2453832E-04  9.316836059417998E-05  1.2474391E-04  4.092537832344235E-03  1.2500336E-04  6.005312578091223E-05  1.2499451E-04  1.984036057799455E-04  1.2497856E-04  7.035942160894629E-05  1.2502138E-04  8.764594027204007E-05  1.2499792E-04  2.696332822993419E-05  1.2500204E-04 -1.885738063089957E-04  1.2502730E-04 -2.143454569683533E-04  1.2497265E-04  1.883616294419113E-03          0
  13.5  4.796629607356417E-02  1.2482643E-04  8.841778122265072E-05  1.2488566E-04  1.827881387210935E-03  1.2499814E-04  4.413961950235942E-05  1.2500140E-04  1.932425699499789E-04  1.2500086E-04  1.633587716313394E-04  1.2499912E-04 -2.291653567411086E-05  1.2500592E-04  9.573760408573258E-06  1.2499405E-04 -2.170073160125260E-04  1.2499725E-04  1.638411318329563E-05  1.2500273E-04  1.789454839366133E-03          0
  15.0  3.077929043936458E-02  1.2493613E-04  9.210399819101015E-05  1.2494534E-04  8.739597474734703E-04  1.2500179E-04  1.527222400897541E-04  1.2499808E-04  6.883105933962018E-05  1.2499917E-04  7.788137752333488E-05  1.2500080E-04  3.039539929732161E-05  1.2498963E-04 -2.198298504858370E-05  1.2501037E-04 -5.362910026816521E-05  1.2500852E-04 -1.650073419255826E-04  1.2499146E-04  1.705736291642322E-03          0
  16.5  2.016930528289223E-02  1.2497700E-04  1.165833123327832E-04  1.2497209E-04  4.463990321816064E-04  1.2500382E-04  1.742857094804107E-04  1.2499611E-04 -2.071693203985276E-05  1.2499635E-04  6.147266142520624E-06  1.2500359E-04  6.199959779939394E-05  1.2499083E-04  8.039296366093034E-05  1.2500916E-04  1.497003195446755E-05  1.2499920E-04  3.687300697145434E-05  1.2500076E-04  1.630695971538108E-03          0
  18.0  1.362442362741912E-02  1.2498678E-04  6.573982377465984E-05  1.2498996E-04  1.604933292120753E-04  1.2501140E-04  2.302529433089894E-04  1.2498854E-04 -3.710904158293552E-07  1.2499124E-04 -7.269605813475996E-05  1.2500874E-04  1.833190571421898E-04  1.2500332E-04  9.410794457738735E-05  1.2499668E-04  1.550240947713949E-04  1.2500858E-04 -1.705961578046439E-04  1.2499143E-04  1.562671017213320E-03          0
  19.5  9.423985958244230E-03  1.2499465E-04  2.399789133343045E-05  1.2499420E-04  9.273145068992543E-05  1.2500029E-04  3.166646445598963E-04  1.2499964E-04  1.020169657102410E-04  1.2500297E-04 -5.342316358138251E-05  1.2499702E-04  5.284788035874804E-06  1.2500616E-04  1.115789671357164E-04  1.2499385E-04 -5.042388927589567E-05  1.2498795E-04 -1.322208276380249E-04  1.2501205E-04  1.500434042334073E-03          0
  21.0  6.652892476374116E-03  1.2499071E-04 -2.893146538432165E-05  1.2500369E-04 -5.918439872792346E-05  1.2499793E-04  3.003255856277704E-04  1.2500198E-04  1.233666966863713E-04  1.2499911E-04 -3.299639900460212E-05  1.2500090E-04 -3.261032798969834E-05  1.2499526E-04 -7.310766125053054E-05  1.2500473E-04 -8.974127466710794E-05  1.2499148E-04  1.446945780770558E-04  1.2500851E-04  1.443499612832415E-03          0
  22.5  4.828230965450170E-03  1.2499733E-04 -7.532726884484441E-05  1.2499966E-04  5.137993805688014E-06  1.2498165E-04  2.694102195516930E-04  1.2501830E-04  1.612834731144124E-05  1.2499756E-04 -1.375604441161958E-04  1.2500244E-04 -2.931969277026654E-04  1.2499620E-04  1.240723029279315E-04  1.2500374E-04  2.565543999391942E-05  1.2499885E-04  1.055267593894164E-04  1.2500113E-04  1.391007383959626E-03          0
  24.0  3.600330126181424E-03  1.2500594E-04 -1.258415555824511E-04  1.2499230E-04  1.225875432210335E-04  1.2498885E-04  2.673681426837790E-04  1.2501108E-04 -1.278166771822243E-04  1.2500483E-04 -2.987253037210818E-05  1.2499512E-04 -1.777311666303072E-04  1.2500092E-04  9.568125765695422E-05  1.2499905E-04  8.341109270884421E-06  1.2500900E-04  2.874652858540240E-04  1.2499092E-04  1.342415088596913E-03          0
  25.5  2.798206261289723E-03  1.2500670E-04 -1.058236805427427E-04  1.2499217E-04  1.246866416230437E-04  1.2499144E-04  7.214963434927548E-05  1.2500846E-04 -1.507261634317851E-04  1.2500811E-04 -1.604134758082258E-05  1.2499185E-04 -1.356779429408252E-04  1.2498008E-04 -3.417551375388511E-05  1.2501988E-04  4.331735273317340E-05  1.2501519E-04  1.780680266794060E-05  1.2498481E-04  1.297244257339240E-03          0
  27.0  2.251700381530816E-03  1.2500841E-04 -2.666197106730021E-05  1.2499083E-04  1.462698371409687E-04  1.2500506E-04  1.754246004252042E-04  1.2499487E-04 -4.580989060425455E-05  1.2501277E-04  2.504840143278023E-05  1.2498722E-04  8.203935395777294E-05  1.2500347E-04 -5.101495189825190E-05  1.2499652E-04 -1.606441113237869E-04  1.2498938E-04 -6.182319372203125E-05  1.2501059E-04  1.255083178791204E-03          0
  28.5  1.789272718466014E-03  1.2500229E-04 -7.914803024500232E-07  1.2499720E-04  4.408654657799234E-05  1.2500005E-04  5.926517773137883E-05  1.2499993E-04 -3.767024606227473E-05  1.2498195E-04 -1.091880056687309E-04  1.2501806E-04  9.112719345038018E-07  1.2500623E-04 -5.702202645719576E-05  1.2499374E-04 -2.063691073989599E-04  1.2498633E-04  3.036857418904847E-05  1.2501362E-04  1.215613627965352E-03          0
  30.0  1.473431621140756E-03  1.2500114E-04  1.089979372273542E-05  1.2499846E-04  2.359351310039654E-05  1.2501504E-04  4.749202513541838E-05  1.2498497E-04 -1.352272662667036E-04  1.2499530E-04  1.665431158330483E-04  1.2500473E-04  2.403031750640391E-04  1.2500390E-04 -1.075317114372186E-06  1.2499605E-04 -1.513820585318437E-04  1.2499379E-04  2.247198100785199E-04  1.2500618E-04  1.178683184663651E-03          0
  31.5  1.251648149132409E-03  1.2500745E-04  5.467105869178618E-05  1.2499222E-04  1.233578949372782E-04  1.2499394E-04  1.293051072732521E-04  1.2500604E-04 -9.048577169399241E-05  1.2500726E-04  2.616928393079734E-04  1.2499274E-04 -9.694164531724940E-05  1.2498862E-04  8.301038443187360E-05  1.2501132E-04 -1.077671058313253E-04  1.2500607E-04 -6.923013558456078E-05  1.2499389E-04  1.143989164918146E-03          0
  33.0  1.057832161202347E-03  1.2500410E-04  9.494724015223346E-05  1.2499564E-04  6.868468965233445E-05  1.2498758E-04  1.589277022430742E-04  1.2501237E-04 -2.117160589612777E-05  1.2500865E-04  1.436472397238505E-04  1.2499135E-04 -1.985626964442449E-04  1.2500656E-04 -5.558685324389343E-05  1.2499338E-04 -2.232505701834608E-04  1.2500414E-04  1.875702251587384E-04  1.2499584E-04  1.111268429227516E-03          0
  34.5  8.965881754649483E-04  1.2500466E-04  9.053806367716602E-05  1.2499514E-04  7.710778473975235E-05  1.2499053E-04  2.970336242311601E-04  1.2500941E-04 -1.104019903955456E-04  1.2498049E-04  2.872389414622042E-05  1.2501948E-04 -1.511944591516405E-04  1.2500899E-04  1.378221558539026E-04  1.2499096E-04 -2.367018279163453E-04  1.2500604E-04  4.953915335629014E-05  1.2499392E-04  1.080413413293625E-03          0
  36.0  8.222101654221131E-04  1.2500276E-04  1.199726552750587E-06  1.2499707E-04  4.637998835164174E-05  1.2499488E-04  3.346675426411765E-04  1.2500509E-04 -1.192449016174285E-04  1.2499725E-04 -7.145771613456145E-05  1.2500275E-04 -8.189776714273136E-05  1.2499828E-04  1.112374252412807E-04  1.2500170E-04 -1.206077007863870E-04  1.2499213E-04 -2.070690703272503E-04  1.2500780E-04  1.051252340033557E-03          0
  37.5  7.338576745555337E-04  1.2500816E-04 -1.757744817876078E-05  1.2499167E-04  1.326451968875620E-04  1.2500897E-04  1.859969064274471E-04  1.2499098E-04 -1.925023153989432E-04  1.2500309E-04  6.329982471558581E-05  1.2499690E-04  1.439135413402507E-04  1.2500078E-04  3.628321317085632E-05  1.2499924E-04 -5.793048329134257E-05  1.2501167E-04 -5.292914172223197E-05  1.2498832E-04  1.023631380602872E-03          0
  39.0  6.372994943262981E-04  1.2501187E-04 -2.131113545635787E-05  1.2498800E-04  1.916661748392001E-04  1.2500248E-04  2.974774347495518E-05  1.2499751E-04 -3.752498247764276E-06  1.2498948E-04  2.210261942643620E-04  1.2501050E-04  4.004615455614702E-05  1.2500284E-04  7.472491729136243E-05  1.2499715E-04  1.692323331944241E-05  1.2499706E-04 -1.194552454291910E-04  1.2500291E-04  9.974511502097458E-04          0
