   1.0.1 # v: lpa-xrd version
3.20e+15 # d: dislocation density [m^-2]
 1  1  0 # z: direction of 'l' (line vector) [uvw]
 1  1  0 # b: Burgers vector direction [uvw]
 2  0  0 # g: diffraction vector direction (hkl)
0.250000 # C: contrast coefficient [1]
0.404600 # a: cell parameter [nm]
    6400 # s: side of the region of interest [nm] PBC1
0.345000 # nu: Poisson's number [1]
  131072 # nd: number of dislocations in the input file
 1000000 # np: number of random points
#    L                   cos1       err_cos1                   sin1       err_sin1                   cos2       err_cos2                   sin2       err_sin2                   cos3       err_cos3                   sin3       err_sin3                   cos4       err_cos4                   sin4       err_sin4                   cos5       err_cos5                   sin5       err_sin5                   eps2       nrpo
   1.8  9.712817006710638E-01  2.1036144E-05  1.236698170750558E-05  3.6422255E-05  9.150985475424164E-01  3.7877095E-05  6.033299423706845E-06  6.0385279E-05  8.442828318900254E-01  5.3713024E-05 -1.215998224637913E-05  7.8035026E-05  7.666311981041845E-01  6.7834543E-05 -3.688031784512612E-05  9.1006004E-05  6.874686151297764E-01  7.9946403E-05 -7.967459743737724E-05  1.0044596E-04  8.574844849222489E-04          0
   3.6  9.092346597327687E-01  4.0929021E-05  4.459403846117857E-06  6.1156885E-05  7.606290828886464E-01  6.9440576E-05  4.874995382331355E-06  9.1367885E-05  6.050648796052464E-01  9.0948690E-05 -1.036086297958705E-04  1.0741311E-04  4.657219265744166E-01  1.0530937E-04 -2.133194151139690E-04  1.1568008E-04  3.511272391389135E-01  1.1404988E-04 -2.875913946091448E-04  1.1995738E-04  7.152813740041394E-04          0
   5.4  8.292442922149396E-01  5.8852829E-05  1.560399189367909E-06  7.9355979E-05  5.969677774208265E-01  9.2284691E-05 -8.424219547283305E-05  1.0768907E-04  3.993313232532925E-01  1.1085000E-04 -2.549104531249476E-04  1.1823259E-04  2.577955251517143E-01  1.1926596E-04 -2.562330087723598E-04  1.2226514E-04  1.646538450860990E-01  1.2267712E-04 -3.031950048194477E-04  1.2390747E-04  6.324780036458971E-04          0
   7.2  7.404994121292984E-01  7.4353618E-05 -3.415388616624453E-05  9.2660189E-05  4.505011408806255E-01  1.0706272E-04 -1.589350482676658E-04  1.1595392E-04  2.528583803143388E-01  1.1959175E-04 -1.863908005836749E-04  1.2226910E-04  1.394989979546052E-01  1.2334134E-04 -1.581246644213605E-04  1.2421250E-04  7.750034867680697E-02  1.2445250E-04 -1.586616259602254E-04  1.2479517E-04  5.738826279350790E-04          0
   9.0  6.495435457227506E-01  8.7278654E-05 -5.737404820361618E-05  1.0221462E-04  3.313382965350093E-01  1.1570959E-04 -1.242948089021331E-04  1.2012688E-04  1.584454515727972E-01  1.2291953E-04 -1.516092063660149E-04  1.2392024E-04  7.644887616937425E-02  1.2447474E-04 -1.486480712181644E-04  1.2479328E-04  3.701265422847858E-02  1.2487578E-04 -7.673736732493401E-05  1.2495285E-04  5.286065784083799E-04          0
  10.8  5.610887206329358E-01  9.7687158E-05 -7.557351219906417E-05  1.0894519E-04  2.403797525784428E-01  1.2034627E-04 -1.656057975783593E-04  1.2231529E-04  1.002197939474753E-01  1.2414693E-04 -1.717734481923450E-04  1.2459387E-04  4.249283136011565E-02  1.2483524E-04 -3.678390196095697E-05  1.2493883E-04  1.728893902944640E-02  1.2497469E-04  4.774082624913279E-05  1.2498790E-04  4.917110097934053E-04          0
  12.6  4.783519741599160E-01  1.0580747E-04 -1.208628243022985E-04  1.1359625E-04  1.741362213296897E-01  1.2266263E-04 -1.980370390316665E-04  1.2351613E-04  6.459743225908554E-02  1.2463042E-04 -9.329486920505001E-05  1.2484721E-04  2.359993975076503E-02  1.2494830E-04 -7.353813066539845E-06  1.2498204E-04  7.819543776402581E-03  1.2498372E-04  1.719286270258267E-04  1.2500854E-04  4.607710230265598E-04          0
  14.4  4.035447763979846E-01  1.1192212E-04 -1.843198836156508E-04  1.1676640E-04  1.273978587853751E-01  1.2376934E-04 -1.357088568957379E-04  1.2419307E-04  4.236723297125299E-02  1.2483413E-04 -1.579276367639187E-05  1.2494128E-04  1.286836638740166E-02  1.2497481E-04  6.284114583129333E-05  1.2500443E-04  3.412525010323086E-03  1.2499238E-04  2.018149183202662E-04  1.2500606E-04  4.341680162256297E-04          0
  16.2  3.378763950578549E-01  1.1635896E-04 -2.168178687499022E-04  1.1892450E-04  9.484430803837295E-02  1.2429945E-04 -2.672039324828920E-05  1.2457325E-04  2.778328047132065E-02  1.2492939E-04 -3.476151447574877E-06  1.2497404E-04  6.815529770216447E-03  1.2499595E-04  1.148459313274959E-04  1.2499815E-04  1.371018935708134E-03  1.2499864E-04  7.212599101851396E-05  1.2500105E-04  4.109325993355643E-04          0
  18.0  2.817908530233785E-01  1.1945279E-04 -2.352333126152451E-04  1.2041404E-04  7.202774929041701E-02  1.2456666E-04  1.442570766582461E-04  1.2478370E-04  1.784902748409684E-02  1.2497282E-04  5.499938049399876E-05  1.2498730E-04  3.457100704058324E-03  1.2499949E-04  1.471475868665271E-04  1.2499891E-04  5.172473480611744E-04  1.2500049E-04  1.394413037708572E-04  1.2499939E-04  3.903429415328871E-04          0
  19.8  2.352194961456023E-01  1.2151390E-04 -2.300584278651435E-04  1.2147142E-04  5.565853816557596E-02  1.2471805E-04  2.698722290153552E-04  1.2489412E-04  1.118040691136723E-02  1.2498933E-04  9.033650123060576E-05  1.2499498E-04  1.692409893006425E-03  1.2500109E-04  2.415892329852489E-04  1.2499850E-04  3.256609491883215E-04  1.2499738E-04 -8.875412514501737E-06  1.2500252E-04  3.718824663862692E-04          0
  21.6  1.976020788580612E-01  1.2280600E-04 -2.061848239010206E-04  1.2226369E-04  4.329981742041054E-02  1.2481677E-04  3.181813852180555E-04  1.2494850E-04  6.815572915372134E-03  1.2499499E-04  1.794867034392768E-04  1.2499912E-04  8.225254778159091E-04  1.2501519E-04  2.321921973452895E-04  1.2498470E-04  2.905572170581688E-04  1.2499221E-04 -1.001139942232721E-04  1.2500770E-04  3.552471738436981E-04          0
  23.4  1.680388469691683E-01  1.2356498E-04 -1.476776417499799E-04  1.2287882E-04  3.364884641361021E-02  1.2489023E-04  3.016678141010254E-04  1.2496798E-04  3.940407406410253E-03  1.2500139E-04  2.049411537557871E-04  1.2499660E-04  5.108462529213105E-04  1.2500855E-04 -8.263658975988578E-05  1.2499136E-04  3.156378308762948E-04  1.2499207E-04 -2.506605682385276E-05  1.2500780E-04  3.401217256854488E-04          0
  25.2  1.454838753055891E-01  1.2396035E-04 -8.764260094483561E-05  1.2337875E-04  2.576942202318161E-02  1.2494216E-04  1.549323551316334E-04  1.2497464E-04  2.161994336294799E-03  1.2500416E-04  2.646747648816794E-04  1.2499518E-04  4.041904676806454E-04  1.2500236E-04 -1.326076779999618E-04  1.2499753E-04  1.273808957204408E-04  1.2499788E-04  1.906086520951897E-04  1.2500205E-04  3.262889299580249E-04          0
  27.0  1.288063362423980E-01  1.2413171E-04 -5.572743158487332E-05  1.2378507E-04  1.934169912634709E-02  1.2497807E-04  3.308229001150726E-05  1.2497502E-04  1.120393436485078E-03  1.2501546E-04  2.866423216517745E-04  1.2498431E-04  3.981198331651772E-04  1.2499850E-04 -2.454217061570321E-04  1.2500140E-04 -1.431579360149368E-04  1.2499570E-04  2.051690725545393E-04  1.2500422E-04  3.135763794975855E-04          0
  28.8  1.167472668716416E-01  1.2417215E-04 -5.499473651595075E-05  1.2411779E-04  1.406250385381431E-02  1.2498979E-04 -6.942046632461959E-05  1.2498535E-04  5.876843597472245E-04  1.2500373E-04  2.451574700968722E-04  1.2499617E-04  2.329274497210793E-04  1.2499203E-04 -1.477287857220502E-04  1.2500791E-04 -1.127921567542747E-04  1.2501132E-04  2.582403968173530E-04  1.2498864E-04  3.018609774638719E-04          0
  30.6  1.081140734390071E-01  1.2415523E-04  1.945914480505443E-06  1.2437875E-04  9.911710274476645E-03  1.2498542E-04 -4.557126314402039E-05  1.2500216E-04  2.700054806604387E-04  1.2500261E-04  1.453121197517556E-04  1.2499734E-04 -3.586713986384789E-05  1.2499758E-04  4.432426878071482E-05  1.2500236E-04  1.494030936245775E-04  1.2501238E-04  2.435160225947036E-04  1.2498755E-04  2.909870447726401E-04          0
  32.4  1.018141924582814E-01  1.2412300E-04  8.128488400204064E-05  1.2457680E-04  6.755543928421399E-03  1.2497635E-04 -4.888358890489996E-05  1.2501779E-04  6.944492093628363E-05  1.2500458E-04  4.534716067707143E-05  1.2499537E-04 -2.860013970912299E-04  1.2501070E-04  2.083277652119022E-04  1.2498923E-04  9.417488956347638E-05  1.2499272E-04  1.342823726863864E-04  1.2500725E-04  2.808841853031890E-04          0
  34.2  9.695638219593002E-02  1.2409922E-04  1.646704267993595E-04  1.2472148E-04  4.447035584188924E-03  1.2498889E-04 -6.875485352734949E-05  1.2500846E-04 -8.436948761323415E-05  1.2499812E-04  1.079786262377978E-05  1.2500184E-04 -1.370874651450967E-04  1.2501055E-04  1.983635966133507E-04  1.2498939E-04  1.599520185066431E-04  1.2500442E-04  5.400798794028707E-05  1.2499555E-04  2.714682923774908E-04          0
  36.0  9.275679532476866E-02  1.2409884E-04  1.781612117746975E-04  1.2482160E-04  2.847854459553390E-03  1.2499173E-04  4.617232147408331E-05  1.2500704E-04 -1.192706626730291E-04  1.2500694E-04  1.728527707025237E-04  1.2499300E-04 -1.147125919683193E-04  1.2499544E-04  1.128950317642481E-04  1.2500452E-04  1.115573136685274E-04  1.2500656E-04 -6.229453865894579E-05  1.2499343E-04  2.626753780128071E-04          0
  37.8  8.875364576058785E-02  1.2412500E-04  1.452032013197868E-04  1.2488651E-04  1.810338038576876E-03  1.2499008E-04  1.366580526350004E-04  1.2500925E-04 -5.073580070545028E-05  1.2501841E-04  1.255270157538193E-04  1.2498154E-04 -1.504140908122151E-04  1.2499499E-04  2.315975767890641E-05  1.2500499E-04 -4.801886307065409E-05  1.2499726E-04 -7.695554624825286E-05  1.2500269E-04  2.544396735950071E-04          0
  39.6  8.461670740756491E-02  1.2417754E-04  1.540959439071274E-04  1.2492398E-04  1.210964213715489E-03  1.2499051E-04  2.112444214793523E-04  1.2500903E-04  1.767450650102353E-05  1.2500694E-04 -1.773443857032410E-05  1.2499297E-04 -1.471893758731524E-04  1.2500365E-04 -2.530102944195503E-05  1.2499632E-04 -1.602170202047386E-04  1.2499837E-04  1.599485946944576E-04  1.2500158E-04  2.467052536812882E-04          0
  41.4  8.020843701458549E-02  1.2424822E-04  1.628308923018965E-04  1.2494455E-04  8.817429919111294E-04  1.2498532E-04  2.029522486646774E-04  1.2501433E-04  1.143546549618371E-04  1.2499954E-04 -4.193810201451051E-06  1.2500034E-04 -2.315702678745952E-04  1.2500674E-04 -5.044294449629906E-05  1.2499324E-04 -3.161804012340373E-04  1.2499424E-04  2.299692040800518E-04  1.2500566E-04  2.394306335479587E-04          0
  43.2  7.554426480236844E-02  1.2432793E-04  1.655887367845476E-04  1.2495609E-04  6.969172350493296E-04  1.2498171E-04  1.693863218420421E-04  1.2501802E-04  1.685580081992907E-04  1.2499947E-04  5.052232274360322E-05  1.2500042E-04 -2.897935453008569E-04  1.2499513E-04 -1.240529599124984E-05  1.2500484E-04 -4.246186076319483E-04  1.2498486E-04  2.680100889673119E-04  1.2501499E-04  2.325751503709119E-04          0
  45.0  7.074883709970264E-02  1.2441026E-04  1.499997272964892E-04  1.2496191E-04  6.038425278420553E-04  1.2498004E-04  1.457497673469158E-04  1.2501971E-04  1.352892353426504E-04  1.2499918E-04  8.669637656900930E-05  1.2500070E-04 -3.164186266186846E-04  1.2499321E-04  1.260517037641380E-04  1.2500675E-04 -3.894046592328910E-04  1.2498831E-04  1.577971142531179E-04  1.2501160E-04  2.261061119565799E-04          0
  46.8  6.599479269987352E-02  1.2448196E-04  1.384990014545714E-04  1.2497182E-04  4.452422198449592E-04  1.2498340E-04  1.525659715570883E-04  1.2501637E-04  6.871795439550929E-05  1.2501251E-04  8.939311385655803E-05  1.2498738E-04 -2.627353520526723E-04  1.2500143E-04  2.601686392604565E-04  1.2499849E-04 -1.543184073337955E-04  1.2499536E-04  6.177351272618026E-05  1.2500454E-04  2.199935052024229E-04          0
  48.6  6.140918025604648E-02  1.2455137E-04  1.182750803627204E-04  1.2497574E-04  3.827173064947178E-04  1.2498686E-04  1.111746384694492E-04  1.2501292E-04 -3.788612022058533E-06  1.2502688E-04  8.869581211270150E-05  1.2497300E-04 -2.075697563473445E-04  1.2499311E-04  2.327895704959929E-04  1.2500681E-04 -1.423546432282876E-05  1.2498712E-04  2.271103090484960E-07  1.2501281E-04  2.142033114914550E-04          0
  50.4  5.720240753936460E-02  1.2461235E-04  1.321330142409975E-04  1.2497739E-04  3.567011939610082E-04  1.2499584E-04  2.773905407679425E-05  1.2500395E-04 -3.661919710421692E-05  1.2502770E-04  1.351693565243172E-04  1.2497217E-04 -6.407740156600952E-05  1.2500625E-04  1.584044949858445E-04  1.2499369E-04  1.671211073693728E-05  1.2498434E-04 -7.907307333943589E-05  1.2501562E-04  2.087125000344055E-04          0
  52.2  5.350702555667370E-02  1.2466717E-04  8.687706181561914E-05  1.2497394E-04  4.123659852859506E-04  1.2499635E-04 -9.719218380812206E-05  1.2500345E-04  9.874962192393238E-05  1.2501817E-04  4.709671261236310E-05  1.2498172E-04 -5.630213259918043E-05  1.2501338E-04  3.676297045091323E-05  1.2498657E-04  8.698352955155749E-05  1.2500349E-04 -1.802603113025677E-05  1.2499645E-04  2.034918051060163E-04          0
  54.0  5.048557411415451E-02  1.2470704E-04 -1.425335055772733E-05  1.2497353E-04  4.195865435690849E-04  1.2499452E-04 -1.273507529317494E-04  1.2500525E-04  2.766342205977899E-04  1.2499957E-04 -9.628206589420014E-06  1.2500034E-04 -8.556756638179472E-05  1.2499373E-04  1.142859963516099E-04  1.2500618E-04  1.048556603750744E-04  1.2500428E-04  1.147922539654270E-04  1.2499571E-04  1.985373109174190E-04          0
  55.8  4.811561881071230E-02  1.2473564E-04 -8.316588119201247E-05  1.2497427E-04  4.082893455335341E-04  1.2499841E-04 -1.363853944073363E-04  1.2500133E-04  1.727035208049788E-04  1.2499812E-04  5.372062797590737E-05  1.2500179E-04 -2.325771399838689E-05  1.2498269E-04  1.165406184948253E-04  1.2501724E-04  2.870011003191356E-05  1.2500740E-04  2.116703967911910E-04  1.2499259E-04  1.938269817003706E-04          0
  57.6  4.641695713981318E-02  1.2475420E-04 -1.412394133925645E-04  1.2497585E-04  3.832804576502291E-04  1.2500355E-04 -1.557251083342522E-04  1.2499620E-04  1.343470914267322E-04  1.2499699E-04  1.802304278332940E-04  1.2500289E-04  5.877498958331723E-05  1.2499200E-04 -5.807899454883152E-05  1.2500796E-04  1.717031174517248E-04  1.2499826E-04  1.054023281080650E-04  1.2500170E-04  1.893342662143430E-04          0
  59.4  4.533211399455737E-02  1.2476398E-04 -1.791701351156740E-04  1.2497853E-04  3.403228688909118E-04  1.2500156E-04 -1.733922073602368E-04  1.2499822E-04  1.288038628192269E-04  1.2499040E-04  2.065081499222291E-04  1.2500949E-04  2.675365358498909E-05  1.2499881E-04 -1.821036056969856E-04  1.2500113E-04  1.802267255847023E-04  1.2500355E-04 -3.861152964464191E-05  1.2499640E-04  1.850403564799220E-04          0
  61.2  4.475935455327046E-02  1.2476630E-04 -2.159949202781147E-04  1.2498269E-04  2.740215723016286E-04  1.2499204E-04 -1.382592494662796E-04  1.2500775E-04  1.117141759974166E-04  1.2498395E-04  2.312593407300608E-04  1.2501595E-04 -1.257781146737760E-04  1.2499732E-04 -1.776148823022639E-04  1.2500257E-04  2.278714569376130E-04  1.2499909E-04 -1.972336458066787E-05  1.2500088E-04  1.809398537525801E-04          0
  63.0  4.457096851481317E-02  1.2476204E-04 -2.695334717644047E-04  1.2498905E-04  1.724275453705901E-04  1.2498532E-04 -1.014802266097080E-04  1.2501451E-04  7.479638019884199E-05  1.2499141E-04  2.088194038059280E-04  1.2500854E-04 -2.335571202493123E-04  1.2499990E-04 -7.084564476751000E-05  1.2500004E-04 -3.958998522691183E-05  1.2500317E-04  2.605842876436417E-05  1.2499679E-04  1.770247887910256E-04          0
  64.8  4.456497506708108E-02  1.2476098E-04 -3.012870330654904E-04  1.2499017E-04  1.545891492524011E-04  1.2498581E-04 -1.484948799338069E-04  1.2501401E-04 -6.251627861614240E-05  1.2498696E-04  2.349894024952347E-04  1.2501297E-04 -2.255100374457559E-04  1.2500359E-04 -6.631199029883640E-06  1.2499637E-04  3.935791947436075E-05  1.2500485E-04  3.369256625701503E-05  1.2499512E-04  1.732716738828015E-04          0
  66.6  4.459813132453519E-02  1.2475887E-04 -3.095054248058455E-04  1.2499189E-04  1.270065885365370E-04  1.2499564E-04 -2.023082230839463E-04  1.2500417E-04 -2.494567063598005E-04  1.2498022E-04  3.119794306578691E-04  1.2501973E-04 -6.833638020068000E-05  1.2499933E-04  1.461537397641534E-04  1.2500063E-04  1.264594767348017E-04  1.2499814E-04  2.303249413930988E-05  1.2500180E-04  1.696790370042479E-04          0
  68.4  4.454872494093252E-02  1.2475731E-04 -2.950734261648318E-04  1.2499400E-04  9.311059274938013E-05  1.2499979E-04 -2.751778646384921E-04  1.2500000E-04 -3.325445092291028E-04  1.2496834E-04  3.023730599810661E-04  1.2503156E-04 -2.021447827790557E-06  1.2500304E-04  3.285844888054368E-04  1.2499689E-04  5.680874692463084E-05  1.2500303E-04  1.155560358978979E-04  1.2499691E-04  1.662373669215477E-04          0
  70.2  4.424536244626392E-02  1.2476058E-04 -2.433398354666423E-04  1.2499410E-04  9.149436242105042E-05  1.2499686E-04 -2.799933295047766E-04  1.2500287E-04 -2.367968289963000E-04  1.2498533E-04  2.019311657935822E-04  1.2501459E-04 -4.847331091783143E-05  1.2501015E-04  3.243515257591497E-04  1.2498973E-04  3.556257045928068E-05  1.2500630E-04  2.358739555684897E-04  1.2499365E-04  1.629373130267705E-04          0
  72.0  4.356262544132490E-02  1.2476283E-04 -2.159590055698165E-04  1.2499932E-04  7.843168248148689E-06  1.2499555E-04 -3.112957813064839E-04  1.2500414E-04 -2.043678024371452E-04  1.2499881E-04  2.354226497547799E-04  1.2500106E-04 -6.941632498132861E-05  1.2500554E-04  2.106051209335137E-04  1.2499438E-04 -1.914551053745998E-05  1.2499727E-04  2.398448377861459E-04  1.2500267E-04  1.597702945441229E-04          0
  73.8  4.246716548573009E-02  1.2477129E-04 -2.318648041006090E-04  1.2500265E-04 -4.543379109292675E-05  1.2499465E-04 -3.325491212129433E-04  1.2500504E-04 -2.706092035602645E-04  1.2500193E-04  2.616191569300424E-04  1.2499793E-04 -8.401224696617473E-05  1.2499700E-04  1.309534361395094E-04  1.2500293E-04 -6.123608495772875E-05  1.2499265E-04  1.643427985777260E-04  1.2500728E-04  1.567203801652424E-04          0
  75.6  4.100350968584968E-02  1.2477910E-04 -2.594143479286588E-04  1.2501013E-04 -1.649164803608493E-04  1.2499896E-04 -2.807794540561506E-04  1.2500078E-04 -2.692476186636207E-04  1.2500301E-04  2.035799421784422E-04  1.2499685E-04 -1.501308366801504E-05  1.2500156E-04  9.509763685090544E-05  1.2499836E-04 -8.249058946344385E-05  1.2498842E-04 -1.993335904762734E-05  1.2501154E-04  1.537830629470389E-04          0
  77.4  3.929128673937294E-02  1.2479187E-04 -2.757238284529250E-04  1.2501453E-04 -2.353746837786770E-04  1.2500499E-04 -1.783218913120151E-04  1.2499478E-04 -2.025872710071438E-04  1.2499546E-04  1.058317472461426E-04  1.2500443E-04  8.150049755781900E-05  1.2500532E-04  1.526505179087658E-04  1.2499459E-04 -9.497492508802013E-05  1.2499469E-04 -3.447975313695504E-05  1.2500525E-04  1.509517870619791E-04          0
  79.2  3.739598225865819E-02  1.2480864E-04 -2.944513358107402E-04  1.2501597E-04 -2.579665600776962E-04  1.2499727E-04 -1.631752762683945E-04  1.2500254E-04 -1.001168881465261E-04  1.2500358E-04  9.054490136891974E-05  1.2499635E-04 -4.205381317245163E-05  1.2500856E-04  8.006366344939228E-05  1.2499135E-04 -5.513396947689071E-06  1.2500518E-04  4.141291866585208E-05  1.2499475E-04  1.482198316908267E-04          0
