   1.0.0 # v: lpa-xrd version
2.00e+14 # d: dislocation density [m^-2]
 1  1  0 # z: direction of 'l' (line vector) [uvw]
 1  1  0 # b: Burgers vector direction [uvw]
 2  0  0 # g: diffraction vector direction (hkl)
0.250000 # C: contrast coefficient [1]
0.404940 # a: cell parameter [nm]
    6400 # s: side of the region of interest [nm] PBC1
0.345000 # nu: Poisson's number [1]
    8192 # nd: number of dislocations in the input file
  200000 # np: number of random points
#    L                   cos1       err_cos1                   sin1       err_sin1                   cos2       err_cos2                   sin2       err_sin2                   cos3       err_cos3                   sin3       err_sin3                   cos4       err_cos4                   sin4       err_sin4                   cos5       err_cos5                   sin5       err_sin5                   eps2       nrpo
   5.0  9.766799058445426E-01  3.4127548E-05  4.519740582688126E-04  7.7672421E-05  9.227186850352658E-01  6.6948848E-05  9.226593856510218E-04  1.3681328E-04  8.478657043333756E-01  1.0270964E-04  1.364615322140492E-03  1.8260109E-04  7.602059453524785E-01  1.3820891E-04  1.828811763836138E-03  2.1633367E-04  6.666569151658114E-01  1.7076606E-04  2.309925324316414E-03  2.3996661E-04  8.528520095503696E-05          0
  10.0  9.199384151214033E-01  7.1208332E-05  9.451879767253468E-04  1.3758652E-04  7.574910818396368E-01  1.4011631E-04  1.830084272786620E-03  2.1659547E-04  5.708365661051358E-01  1.9959626E-04  2.825294470316988E-03  2.5578590E-04  3.990091088150002E-01  2.3969986E-04  3.802963810979356E-03  2.7174392E-04  2.613891522543176E-01  2.6204294E-04  4.396675485764048E-03  2.7721217E-04  7.631627639546003E-05          0
  15.0  8.409583565290301E-01  1.0936312E-04  1.378391227110839E-03  1.8372727E-04  5.675626135681722E-01  2.0085301E-04  2.785725245233421E-03  2.5594349E-04  3.235617524939842E-01  2.5306125E-04  4.141256145337594E-03  2.7529152E-04  1.609166605823826E-01  2.7271893E-04  4.508440540582140E-03  2.7889233E-04  7.188389046075483E-02  2.7808385E-04  3.662339821567866E-03  2.7943095E-04  7.102101324982509E-05          0
  20.0  7.485224417116364E-01  1.4599020E-04  1.819215653284246E-03  2.1758943E-04  3.934969673100474E-01  2.4095339E-04  3.841499823730647E-03  2.7189837E-04  1.595530363410765E-01  2.7283780E-04  4.414718027613136E-03  2.7890107E-04  5.317698301248194E-02  2.7868496E-04  3.253612525959869E-03  2.7949415E-04  1.547687807253634E-02  2.7936817E-04  1.901914506470977E-03  2.7955615E-04  6.728002294864471E-05          0
  25.0  6.502174844960792E-01  1.7885032E-04  2.332718444785539E-03  2.4113245E-04  2.551972210795048E-01  2.6289441E-04  4.478283137626543E-03  2.7731473E-04  7.029725059634710E-02  2.7812605E-04  3.623116193756617E-03  2.7945315E-04  1.521589334417242E-02  2.7938669E-04  1.885674213473201E-03  2.7953993E-04  2.767348558721803E-03  2.7950941E-04  9.690600570624584E-04  2.7949087E-04  6.440540800530073E-05          0
  30.0  5.523745722066125E-01  2.0647757E-04  2.840540392956911E-03  2.5666910E-04  1.561907708188014E-01  2.7314702E-04  4.562469419088868E-03  2.7890040E-04  2.827952993490672E-02  2.7923910E-04  2.519283816402566E-03  2.7952018E-04  4.042546480984164E-03  2.7946875E-04  1.093472190195489E-03  2.7952778E-04 -7.688142844283367E-05  2.7957022E-04  5.125642782022519E-04  2.7943662E-04  6.205700603143680E-05          0
  35.0  4.595887090579067E-01  2.2847062E-04  3.352257226489349E-03  2.6642859E-04  9.087353593674269E-02  2.7725128E-04  4.009766831782897E-03  2.7938988E-04  1.067554239298283E-02  2.7944370E-04  1.540471166279165E-03  2.7951857E-04  6.258462193773708E-04  2.7952887E-04  7.207684163636297E-04  2.7947650E-04 -3.044946906141866E-04  2.7965169E-04  4.302137410707807E-04  2.7935708E-04  6.007988570478927E-05          0
  40.0  3.750508402200095E-01  2.4511076E-04  3.783536583263749E-03  2.7227129E-04  5.063814855483927E-02  2.7877507E-04  3.131425306092404E-03  2.7948031E-04  4.014827711725251E-03  2.7949308E-04  8.540542194636145E-04  2.7950291E-04  3.251498977948683E-05  2.7958237E-04  5.683774819990174E-04  2.7942475E-04 -3.191521310671846E-04  2.7955897E-04  7.688067167942571E-04  2.7945231E-04  5.835618930205750E-05          0
  45.0  3.005529339290979E-01  2.5714089E-04  4.132845781406385E-03  2.7560588E-04  2.730846413280797E-02  2.7925068E-04  2.192461665526483E-03  2.7952394E-04  1.330245047535782E-03  2.7956556E-04  5.978680619160480E-04  2.7943755E-04 -2.464897700114095E-04  2.7960657E-04  6.272701162336663E-04  2.7940223E-04 -9.859451457596445E-05  2.7951568E-04  8.580741969229223E-04  2.7949710E-04  5.683210531707716E-05          0
  50.0  2.368674634903524E-01  2.6542756E-04  4.322194840134004E-03  2.7745652E-04  1.426626643569045E-02  2.7937477E-04  1.596355398937179E-03  2.7955909E-04  3.437263533175518E-04  2.7957003E-04  5.006530369778631E-04  2.7943530E-04 -4.725428527220570E-04  2.7958177E-04  6.740512369743821E-04  2.7942967E-04  3.690108998132899E-04  2.7960686E-04  3.648433649394378E-04  2.7940637E-04  5.547196657126411E-05          0
  55.0  1.837669385738160E-01  2.7090601E-04  4.387978034278069E-03  2.7846085E-04  7.174253830729085E-03  2.7945927E-04  1.200932674777789E-03  2.7952290E-04 -1.215795030098674E-04  2.7958601E-04  7.403571321925892E-04  2.7942053E-04 -1.891080145142831E-04  2.7952743E-04  6.488253214204644E-04  2.7948545E-04  4.065671323982462E-04  2.7952214E-04 -6.200203830719568E-05  2.7949242E-04  5.423950755098530E-05          0
  60.0  1.404866861567974E-01  2.7442541E-04  4.323947167488756E-03  2.7896308E-04  3.640105649511119E-03  2.7953870E-04  9.633282460214108E-04  2.7945751E-04 -4.420527373751971E-04  2.7961640E-04  8.353566416851223E-04  2.7939107E-04  2.946711213259299E-04  2.7949923E-04  5.705585346485493E-04  2.7951379E-04  3.767872467006425E-04  2.7949600E-04 -1.040113564502733E-04  2.7951875E-04  5.311659412733791E-05          0
  65.0  1.059301771932414E-01  2.7660158E-04  4.144046017267465E-03  2.7920835E-04  1.927035625144208E-03  2.7956229E-04  9.115818639587554E-04  2.7943841E-04 -5.564847618400651E-04  2.7958739E-04  6.606945793510178E-04  2.7942196E-04  4.427026715954685E-04  2.7952341E-04  1.084323363748540E-04  2.7949000E-04  6.944551629400272E-04  2.7953572E-04 -2.440841400184171E-05  2.7947863E-04  5.208329602805359E-05          0
  70.0  7.891796333065795E-02  2.7788166E-04  3.805125161462399E-03  2.7934265E-04  1.000108879179409E-03  2.7957366E-04  8.388525212417972E-04  2.7942893E-04 -4.048737567079626E-04  2.7957425E-04  3.784819108553082E-04  2.7943771E-04  5.187617320963257E-04  2.7949024E-04 -7.207174453959677E-05  2.7952432E-04  8.792351893487350E-04  2.7950535E-04 -1.754857135142090E-04  2.7950930E-04  5.112840554639883E-05          0
  75.0  5.814111004179932E-02  2.7862733E-04  3.341538927818638E-03  2.7940289E-04  5.960713738091952E-04  2.7958127E-04  6.534558934802639E-04  2.7942294E-04 -5.373293134914853E-05  2.7957510E-04  2.252443948426927E-04  2.7943772E-04  5.678833111060926E-04  2.7948741E-04 -8.400297373940246E-05  2.7952740E-04  1.002029109794047E-03  2.7942972E-04 -3.967830621203817E-04  2.7958483E-04  5.023891585939988E-05          0
  80.0  4.241443213395730E-02  2.7904566E-04  2.903531873225301E-03  2.7943280E-04  4.023215144925616E-04  2.7956882E-04  5.540914937330114E-04  2.7943682E-04  3.133820774362081E-04  2.7958969E-04  4.070722395979825E-05  2.7942252E-04  4.740112733409423E-04  2.7954854E-04  7.844025260571812E-05  2.7946564E-04  5.294995822354918E-04  2.7942334E-04 -3.041147258616495E-04  2.7959258E-04  4.940983800678199E-05          0
  85.0  3.062441479126198E-02  2.7927439E-04  2.493964727329221E-03  2.7944915E-04  2.995041306700318E-04  2.7956767E-04  6.148878539005223E-04  2.7943851E-04  4.466366709906103E-04  2.7959550E-04 -9.648873175597451E-05  2.7941670E-04  4.649145308113101E-04  2.7950077E-04  2.722384020824425E-04  2.7951248E-04  3.322300253585121E-04  2.7949194E-04  5.555678982481414E-05  2.7952433E-04  4.863281738996151E-05          0
  90.0  2.196001909147994E-02  2.7939223E-04  2.145046247032616E-03  2.7946189E-04  2.207428162969993E-04  2.7959782E-04  7.701659359415218E-04  2.7940900E-04  4.666811930225593E-04  2.7955489E-04 -2.014108190467789E-04  2.7945813E-04  6.811525246486344E-04  2.7946746E-04  3.595471482006560E-04  2.7954637E-04  5.337330902425196E-04  2.7946284E-04  4.668171352616126E-04  2.7955368E-04  4.790125943080621E-05          0
  95.0  1.562969912103804E-02  2.7945224E-04  1.889315717355133E-03  2.7947104E-04  1.661351579097417E-04  2.7955907E-04  7.853442990089026E-04  2.7944830E-04  3.004859687148917E-04  2.7953900E-04 -1.949940349977993E-04  2.7947500E-04  4.034457516558333E-04  2.7949154E-04  1.166380267263547E-04  2.7952329E-04  2.284244283353442E-04  2.7950178E-04  1.765213529689891E-04  2.7951451E-04  4.720594296146928E-05          0
 100.0  1.107496830824555E-02  2.7947805E-04  1.782556612595626E-03  2.7948115E-04  1.014209191092697E-04  2.7952513E-04  6.821224159174505E-04  2.7948306E-04  1.763721859916401E-04  2.7946316E-04 -2.449512019564473E-04  2.7955108E-04  1.585838766183497E-04  2.7946447E-04 -4.709674523766595E-05  2.7955103E-04  2.370287724539169E-04  2.7947602E-04  1.460277173744579E-04  2.7953947E-04  4.654780178225936E-05          0
 105.0  7.797001815704662E-03  2.7950799E-04  1.738817806735899E-03  2.7946998E-04  1.884655334068906E-04  2.7950835E-04  5.205858467193456E-04  2.7950053E-04  2.500825063636600E-04  2.7941993E-04 -2.440046544898339E-04  2.7959421E-04  3.597169056467865E-05  2.7953702E-04 -6.882880068615378E-06  2.7947853E-04  4.536045801850259E-04  2.7950235E-04 -8.787120728258441E-05  2.7951367E-04  4.592285516183604E-05          0
 110.0  5.454595566251523E-03  2.7953427E-04  1.750787262196635E-03  2.7945388E-04  3.106161148977998E-04  2.7949048E-04  3.834876976079242E-04  2.7951926E-04  1.357120753552591E-04  2.7940403E-04 -2.353124219056332E-04  2.7961017E-04 -9.640317118916872E-05  2.7949597E-04  2.960250158521711E-04  2.7951939E-04  3.231221271887847E-04  2.7946766E-04 -8.643168151184476E-05  2.7954881E-04  4.532645824314648E-05          0
 115.0  3.710307469026121E-03  2.7955802E-04  1.792606371353083E-03  2.7943568E-04  4.466287049574849E-04  2.7952144E-04  2.524584091286632E-04  2.7948859E-04  1.583497903701844E-04  2.7945974E-04 -1.538638223723248E-04  2.7955447E-04  1.215800127965183E-04  2.7945751E-04  3.408245532773536E-04  2.7955742E-04  1.360012846680360E-04  2.7950791E-04 -2.362209017063868E-05  2.7950777E-04  4.475645026637335E-05          0
 120.0  2.445858481257359E-03  2.7958023E-04  1.905078651927681E-03  2.7941639E-04  5.894377000283830E-04  2.7955500E-04  7.572595245416573E-05  2.7945497E-04  2.397126897455123E-04  2.7950306E-04 -9.581874046386814E-05  2.7951101E-04  3.596875585636368E-04  2.7946742E-04  1.457053015744490E-04  2.7954721E-04  1.629389439783192E-06  2.7946404E-04  3.415027750552786E-05  2.7955190E-04  4.421344157321093E-05          0
 125.0  1.526162910132427E-03  2.7959708E-04  2.043672717384711E-03  2.7940128E-04  7.019027816870322E-04  2.7960006E-04 -4.067812287530376E-05  2.7941038E-04  4.317945814135304E-04  2.7951783E-04 -2.492872924305037E-04  2.7949618E-04  6.792145982853631E-04  2.7949892E-04 -1.266309296265633E-04  2.7951621E-04 -2.123238741396966E-04  2.7945538E-04 -1.511073292710802E-04  2.7956111E-04  4.369066519334234E-05          0
 130.0  8.567788666245041E-04  2.7959147E-04  2.154023476617801E-03  2.7940769E-04  6.587281943685703E-04  2.7961281E-04 -9.846453300808766E-05  2.7939790E-04  3.300390531772718E-04  2.7950728E-04 -3.275887055436921E-04  2.7950731E-04  7.688868156748335E-04  2.7953411E-04 -7.226978243634973E-05  2.7948122E-04 -1.175843634376975E-04  2.7951992E-04 -1.127683192533249E-04  2.7949667E-04  4.318849379418559E-05          0
 135.0  4.125467929999079E-04  2.7957226E-04  2.232264366041103E-03  2.7942721E-04  5.203724410364804E-04  2.7959251E-04 -1.112638799184505E-04  2.7941869E-04  1.098510438901998E-04  2.7950311E-04 -2.062445905727723E-04  2.7951188E-04  6.245090398126817E-04  2.7953885E-04  6.020072677836966E-05  2.7947650E-04  3.625542570846649E-04  2.7947711E-04  1.609189939035156E-04  2.7953919E-04  4.270438808948969E-05          0
 140.0  1.312568019041034E-04  2.7955282E-04  2.293420968401968E-03  2.7944695E-04  3.801786373561050E-04  2.7959694E-04 -2.729295064524698E-04  2.7941474E-04 -9.639194985738890E-05  2.7950107E-04 -4.339325122231904E-05  2.7951386E-04  6.575290225152206E-04  2.7956828E-04 -9.290294854973473E-05  2.7944642E-04  7.257808167532102E-04  2.7942571E-04  2.547812259937609E-04  2.7959047E-04  4.223852279237024E-05          0
 145.0 -2.930401916420969E-05  2.7952395E-04  2.244942238367620E-03  2.7947610E-04  1.698700970206923E-04  2.7960514E-04 -4.684557078302724E-04  2.7940696E-04 -2.652559834553481E-04  2.7945302E-04  2.644582596008974E-04  2.7956204E-04  7.163299661842209E-04  2.7948609E-04  2.333708350558427E-05  2.7952896E-04  4.431030831541859E-05  2.7948460E-04  3.578588678517686E-05  2.7953191E-04  4.178797236714694E-05          0
 150.0 -1.357881540714157E-04  2.7949035E-04  2.098231871933882E-03  2.7951052E-04 -7.573861146394694E-05  2.7963666E-04 -6.444340871321002E-04  2.7937606E-04 -6.457089272130420E-05  2.7946167E-04  5.776433512125857E-04  2.7955320E-04  9.384046095677167E-04  2.7950224E-04 -1.247814580575904E-04  2.7951307E-04  3.232429593395649E-04  2.7959478E-04  1.630485972917241E-04  2.7942161E-04  4.135193858057164E-05          0
 155.0 -2.075855625401688E-04  2.7947470E-04  1.891658291567549E-03  2.7952727E-04 -1.935437676772530E-04  2.7959216E-04 -7.343877630877297E-04  2.7942104E-04  1.096067283482285E-04  2.7944841E-04  5.264261766587563E-04  2.7956655E-04  6.160435088346725E-04  2.7952247E-04 -2.424110119424447E-05  2.7949341E-04 -7.002644632188055E-05  2.7956806E-04  2.773296408937772E-04  2.7944877E-04  4.093035650360992E-05          0
 160.0 -2.299498343651309E-04  2.7948811E-04  1.660718919436078E-03  2.7951493E-04 -1.017403527992124E-04  2.7953077E-04 -7.831996849204065E-04  2.7948239E-04  3.084473503109808E-04  2.7941725E-04  2.842198826777803E-04  2.7959793E-04  1.732242078259288E-04  2.7953583E-04  6.358302029255944E-05  2.7947966E-04 -2.707056606709532E-04  2.7950994E-04  1.904198403538629E-04  2.7950619E-04  4.052120592053600E-05          0
 165.0 -2.908186928498712E-04  2.7948588E-04  1.449417463789478E-03  2.7951803E-04 -1.207497329067041E-04  2.7951776E-04 -6.457795448940023E-04  2.7949534E-04  2.435265021815838E-04  2.7946762E-04  5.104448530469009E-04  2.7954750E-04  7.790276341643050E-05  2.7950354E-04 -7.302469840933431E-06  2.7951248E-04 -1.414312405030291E-04  2.7945990E-04  5.156725552400001E-05  2.7955630E-04  4.012373665208134E-05          0
 170.0 -4.382661906866037E-04  2.7946467E-04  1.292309153387301E-03  2.7953972E-04 -2.735334170360362E-04  2.7956256E-04 -4.516798156933450E-04  2.7944972E-04  2.223411881368112E-04  2.7955313E-04  4.932042787246310E-04  2.7946213E-04  3.991625451285028E-04  2.7949124E-04 -1.404239056849770E-04  2.7952496E-04 -2.323016766486649E-04  2.7952581E-04 -2.042059194109390E-04  2.7949013E-04  3.973884819971587E-05          0
 175.0 -5.628305426474663E-04  2.7944441E-04  1.194362637371018E-03  2.7956014E-04 -4.177062078445446E-04  2.7955246E-04 -2.145713974531034E-04  2.7945845E-04  4.103969694842617E-05  2.7955440E-04  4.606092483693581E-04  2.7946118E-04  3.307553432206414E-04  2.7947753E-04 -9.238556539682492E-05  2.7953853E-04 -5.208168775719309E-04  2.7954855E-04 -1.160323808193392E-05  2.7946792E-04  3.936632509514754E-05          0
 180.0 -6.923287103004476E-04  2.7941537E-04  1.058058347638504E-03  2.7958888E-04 -6.224962652195519E-04  2.7954306E-04 -6.714640744123412E-05  2.7946678E-04 -1.613774894967303E-04  2.7960337E-04  3.075137818676376E-04  2.7941223E-04  2.673112075120367E-04  2.7947954E-04 -7.302517502090054E-05  2.7953612E-04 -7.996742831881416E-04  2.7950857E-04  4.615804234651239E-04  2.7950789E-04  3.900203149327273E-05          0
 185.0 -9.178460810376794E-04  2.7939563E-04  8.914355766353229E-04  2.7960800E-04 -7.601388273177245E-04  2.7948972E-04 -4.624483877220542E-05  2.7951955E-04 -6.058663117995300E-05  2.7949288E-04  3.170706246039660E-04  2.7952258E-04 -1.138263844975206E-04  2.7949896E-04 -2.358407695709082E-04  2.7951690E-04 -1.220485974145225E-03  2.7950956E-04  6.025935674176257E-04  2.7950651E-04  3.864833234421400E-05          0
 190.0 -1.104797335870584E-03  2.7941674E-04  8.192891648865875E-04  2.7958618E-04 -6.051714996149267E-04  2.7951979E-04 -2.866436472695862E-04  2.7948985E-04 -1.680236475310672E-04  2.7954617E-04  4.226843405835841E-04  2.7946938E-04  1.000141040693498E-04  2.7957390E-04 -8.740239361572965E-05  2.7944183E-04 -7.469912380087558E-04  2.7951517E-04  4.502907935738395E-04  2.7950085E-04  3.830413422605648E-05          0
 195.0 -1.306341407479358E-03  2.7944966E-04  8.394528274658353E-04  2.7955278E-04 -3.662305009096079E-04  2.7958400E-04 -6.079582972093752E-04  2.7942625E-04 -3.496912103348562E-04  2.7955157E-04  6.340585807102837E-04  2.7946427E-04  5.572852493145781E-04  2.7955723E-04 -2.237595363795239E-04  2.7945822E-04 -2.061183666392219E-04  2.7950054E-04  9.394022157844755E-05  2.7951556E-04  3.796941500435293E-05          0
 200.0 -1.466197204669907E-03  2.7945584E-04  8.730887558731219E-04  2.7954613E-04 -3.184883007337339E-04  2.7957574E-04 -7.109035631337704E-04  2.7943522E-04 -3.055182245991840E-04  2.7953535E-04  5.189129361323270E-04  2.7948071E-04  4.957354776416976E-04  2.7954913E-04 -1.663021297938975E-04  2.7946649E-04 -1.632956439995708E-04  2.7950064E-04  5.726577878348445E-05  2.7951545E-04  3.764440071071856E-05          0
 205.0 -1.526219971918273E-03  2.7946763E-04  8.845150191576505E-04  2.7953419E-04 -2.323990548790920E-04  2.7957059E-04 -7.627450195078263E-04  2.7944076E-04 -2.920562035000125E-04  2.7948909E-04  2.202025068452336E-04  2.7952712E-04  4.593745438682039E-04  2.7957158E-04  6.759151299100568E-05  2.7944461E-04 -1.299450919145406E-04  2.7959954E-04  1.463090236501482E-05  2.7941651E-04  3.732644785516446E-05          0
 210.0 -1.582940147413361E-03  2.7946244E-04  9.347468611789715E-04  2.7953976E-04 -2.706970325494153E-04  2.7955066E-04 -7.974917219896542E-04  2.7946085E-04 -1.170054498411591E-04  2.7944200E-04  1.355505958800401E-04  2.7957410E-04  3.164846565079938E-04  2.7955807E-04  4.556434148007811E-04  2.7945827E-04  2.542072729785066E-04  2.7952393E-04  1.624824730869301E-04  2.7949186E-04  3.701514664621222E-05          0
 215.0 -1.574482104036231E-03  2.7946874E-04  8.830024986098525E-04  2.7953399E-04 -2.281313597993962E-04  2.7954472E-04 -8.087706720236706E-04  2.7946693E-04  4.863809147262177E-05  2.7947480E-04  1.366713799066737E-04  2.7954051E-04  2.736103511057313E-04  2.7951138E-04  5.986028620246832E-04  2.7950437E-04  4.086861034579370E-04  2.7949834E-04  7.812475861874688E-05  2.7951779E-04  3.671030246112024E-05          0
 220.0 -1.503093117750187E-03  2.7948499E-04  8.173984311317372E-04  2.7951861E-04 -1.170618213726183E-04  2.7951709E-04 -7.583056315882890E-04  2.7949486E-04  1.634455961352659E-04  2.7951670E-04  3.912413851502231E-05  2.7949832E-04  7.555845376193196E-05  2.7947472E-04  5.307792942164788E-04  2.7954099E-04  1.766250968036588E-04  2.7951190E-04  9.053026122223022E-05  2.7950455E-04  3.641322818405651E-05          0
 225.0 -1.372063582929788E-03  2.7948669E-04  6.710852801721459E-04  2.7951792E-04 -1.103962990678062E-04  2.7949062E-04 -7.783759444688606E-04  2.7952184E-04  2.526184237189912E-04  2.7951018E-04  1.002716517251843E-04  2.7950484E-04 -1.134843021372147E-04  2.7952207E-04  3.897353552320306E-04  2.7949380E-04  2.292975592326997E-04  2.7947272E-04 -1.961625363755230E-04  2.7954299E-04  3.612217480230856E-05          0
 230.0 -1.211306877619638E-03  2.7947671E-04  5.034089195955953E-04  2.7952879E-04 -1.874917306154014E-04  2.7948451E-04 -7.420196321980284E-04  2.7952846E-04  2.957152450580197E-04  2.7952104E-04  1.508564892059792E-04  2.7949431E-04 -1.562692806083727E-04  2.7950929E-04  4.191295887271471E-05  2.7950677E-04  2.221423935693908E-04  2.7950303E-04 -4.711170013110317E-04  2.7951315E-04  3.583732895626508E-05          0
 235.0 -9.635933428629123E-04  2.7946533E-04  3.784265724975412E-04  2.7954107E-04 -2.756681399820156E-04  2.7947744E-04 -7.594484990594440E-04  2.7953641E-04  4.696927478077696E-04  2.7950559E-04 -5.849163691135886E-05  2.7951003E-04 -2.078786587021040E-04  2.7951179E-04 -2.491835865744067E-04  2.7950442E-04  4.820805796157711E-05  2.7949336E-04 -7.117905225707511E-04  2.7952260E-04  3.555971676477318E-05          0
 240.0 -6.649104617563839E-04  2.7945933E-04  2.007283271916352E-04  2.7954778E-04 -3.239925823438729E-04  2.7948485E-04 -7.561006778476810E-04  2.7952940E-04  3.269426985301824E-04  2.7948399E-04 -2.448085097045639E-04  2.7953161E-04 -1.545603905900711E-04  2.7946295E-04 -3.297930337251000E-04  2.7955321E-04 -1.923316722970630E-04  2.7959354E-04 -3.345580641996726E-04  2.7942294E-04  3.528860899422220E-05          0
 245.0 -4.499180398411965E-04  2.7946442E-04  1.124831445848370E-04  2.7954321E-04 -2.917701702606571E-04  2.7948134E-04 -5.729437588827965E-04  2.7953309E-04  6.342236856661572E-05  2.7949787E-04 -4.593732593944258E-04  2.7951770E-04 -1.806610321168034E-04  2.7952215E-04 -3.332781117466340E-04  2.7949391E-04  6.875090191338475E-06  2.7955424E-04 -8.090073301043831E-05  2.7946204E-04  3.502369119234299E-05          0
 250.0 -2.615845032676239E-04  2.7946850E-04  6.952174100687621E-05  2.7953959E-04 -2.651780235750208E-04  2.7947277E-04 -3.388845550580198E-04  2.7954163E-04  8.594447266239969E-05  2.7950996E-04 -3.965416237874644E-04  2.7950547E-04 -2.433413073910131E-04  2.7946858E-04 -1.221225348830826E-04  2.7954699E-04  1.976208747557410E-04  2.7948871E-04 -1.622705116673879E-04  2.7952693E-04  3.476444358490967E-05          0
 255.0 -6.028665097626278E-05  2.7947107E-04  2.078229538571421E-05  2.7953715E-04 -2.473787512272341E-04  2.7950013E-04 -1.885266341767048E-04  2.7951405E-04  8.151706479178083E-05  2.7947733E-04  2.119901041812160E-05  2.7953803E-04 -4.801868227836316E-05  2.7947490E-04  3.038912438868328E-04  2.7954083E-04  3.584605201765094E-04  2.7945905E-04 -3.442017772437781E-04  2.7955749E-04  3.451033656985996E-05          0
 260.0  1.136358363567661E-04  2.7945875E-04  7.692747327306394E-05  2.7954949E-04 -3.343264588300262E-04  2.7954800E-04 -4.402765516214501E-05  2.7946642E-04 -5.028843488371745E-05  2.7945820E-04  2.519428579258435E-04  2.7955769E-04  2.926034343944896E-04  2.7950553E-04  6.826957395827133E-04  2.7951047E-04  2.193370098969175E-04  2.7948971E-04 -3.988925920118063E-04  2.7952673E-04  3.426205555082005E-05          0
 265.0  2.572296864030279E-04  2.7945947E-04  1.612718523246027E-04  2.7954892E-04 -3.285193965872172E-04  2.7956197E-04  4.849603502418259E-05  2.7945279E-04 -5.293949121259472E-05  2.7949336E-04  3.159571849514498E-04  2.7952231E-04  3.909280860273053E-04  2.7955008E-04  8.854630894533886E-04  2.7946599E-04 -3.610320440092817E-05  2.7954496E-04 -1.454084704805849E-04  2.7947183E-04  3.401694217943155E-05          0
 270.0  3.132967419759880E-04  2.7943749E-04  2.987687727155935E-04  2.7957082E-04 -4.838524936888344E-04  2.7949850E-04  2.680762394152916E-04  2.7951638E-04 -1.031574942708549E-04  2.7953667E-04  3.140756437287437E-04  2.7947819E-04 -6.353425220442118E-05  2.7954967E-04  1.078044943095338E-03  2.7946675E-04 -5.089214610653602E-04  2.7953113E-04 -4.773346901737774E-05  2.7948584E-04  3.377589822936497E-05          0
 275.0  2.985466508405322E-04  2.7942453E-04  3.720313081062850E-04  2.7958394E-04 -5.758868023057044E-04  2.7946645E-04  3.565947648779303E-04  2.7954821E-04 -4.803252761338387E-05  2.7954369E-04  3.047241672082696E-04  2.7947066E-04 -2.899504368584215E-04  2.7952462E-04  1.089236761473976E-03  2.7949140E-04  5.286487947011266E-05  2.7949078E-04  3.503494973603275E-04  2.7952598E-04  3.353910186920980E-05          0
 280.0  2.391688311843200E-04  2.7941541E-04  4.185407800466599E-04  2.7959326E-04 -6.403444178552446E-04  2.7945846E-04  3.987286140203198E-04  2.7955616E-04 -8.702773717072525E-05  2.7950796E-04  2.725370190522173E-04  2.7950678E-04 -3.453237287268084E-04  2.7951679E-04  9.101879290661543E-04  2.7949931E-04  4.488583668983743E-05  2.7949705E-04  4.846163745561118E-04  2.7951979E-04  3.330729530348694E-05          0
 285.0  1.825900998762093E-04  2.7942747E-04  3.907815357924808E-04  2.7958144E-04 -5.525749405298880E-04  2.7948804E-04  3.924477581186917E-04  2.7952660E-04  2.928615850942030E-05  2.7946559E-04  1.359543775753454E-04  2.7954969E-04 -1.343759099895231E-04  2.7947687E-04  4.572954746313275E-04  2.7953901E-04  3.264140697159287E-04  2.7954397E-04  1.205971815301152E-04  2.7947269E-04  3.307851841292823E-05          0
 290.0  1.354596558446087E-04  2.7943301E-04  3.229800626186158E-04  2.7957585E-04 -5.114908156828521E-04  2.7950976E-04  4.614094449249191E-04  2.7950423E-04  8.638903167979873E-05  2.7952522E-04  6.308866967103328E-05  2.7948980E-04  2.234282902210232E-05  2.7946801E-04 -8.142276769926372E-05  2.7954777E-04  7.955293812712919E-05  2.7952241E-04  4.250026545343474E-05  2.7949402E-04  3.285501885916590E-05          0
 295.0  1.324989044647426E-04  2.7945109E-04  2.322571265521876E-04  2.7955773E-04 -3.806549760136230E-04  2.7947558E-04  4.493511983863000E-04  2.7953787E-04  6.560922032717686E-05  2.7958015E-04 -2.566251810378028E-04  2.7943447E-04 -2.216621171705979E-04  2.7949677E-04 -2.779333125242221E-04  2.7951919E-04 -2.316322005075339E-04  2.7954137E-04 -1.824479984293049E-04  2.7947561E-04  3.263595629658549E-05          0
 300.0  8.666765727349364E-05  2.7945870E-04  2.087122396029112E-04  2.7954992E-04 -3.241323389450202E-04  2.7946534E-04  3.641499111264270E-04  2.7954771E-04  3.567517521225380E-05  2.7960246E-04 -3.048124552569679E-04  2.7941283E-04 -2.933645307160345E-04  2.7952377E-04 -1.257332064691084E-04  2.7949241E-04 -2.013360151529556E-04  2.7951089E-04 -1.170402893198563E-04  2.7950575E-04  3.242060094149496E-05          0
 305.0  9.426224964501801E-05  2.7945624E-04  1.469072954207067E-04  2.7955220E-04 -3.398796515441124E-04  2.7942391E-04  3.230886066665891E-04  2.7958921E-04 -6.481049096426083E-05  2.7952608E-04 -1.318507685343827E-04  2.7949001E-04 -5.898906824690952E-04  2.7957088E-04 -1.327943331931546E-04  2.7944568E-04  2.382735645591879E-04  2.7946396E-04 -7.260997662466080E-06  2.7955219E-04  3.220820594600621E-05          0
 310.0  1.303421068469078E-04  2.7945010E-04  7.410270256888168E-05  2.7955829E-04 -3.823784254645352E-04  2.7943186E-04  2.892003445849062E-04  2.7958130E-04 -1.967960158882288E-04  2.7948124E-04 -6.276421840633967E-05  2.7953477E-04 -5.345166025745870E-04  2.7951735E-04  9.365690888160968E-05  2.7949861E-04  4.462490362885912E-04  2.7950654E-04  1.447445530129540E-04  2.7950959E-04  3.199854096947919E-05          0
 315.0  1.740192683176193E-04  2.7943963E-04  2.123572269876474E-05  2.7956856E-04 -4.557822498113775E-04  2.7947166E-04  2.930363234170251E-04  2.7954160E-04 -4.668739788875102E-04  2.7948187E-04 -2.050753726238740E-04  2.7953340E-04 -2.505091786720332E-04  2.7953336E-04  5.225217793005657E-04  2.7948262E-04  4.934839670173094E-04  2.7954350E-04 -7.989185797780825E-05  2.7947283E-04  3.179217268105446E-05          0
