   1.0.0 # v: lpa-xrd version
5.00e+13 # d: dislocation density [m^-2]
 1  1  0 # z: direction of 'l' (line vector) [uvw]
 1  1  0 # b: Burgers vector direction [uvw]
 2  0  0 # g: diffraction vector direction (hkl)
0.250000 # C: contrast coefficient [1]
0.404940 # a: cell parameter [nm]
    6400 # s: side of the region of interest [nm] PBC1
0.345000 # nu: Poisson's number [1]
    2048 # nd: number of dislocations in the input file
  200000 # np: number of random points
#    L                   cos1       err_cos1                   sin1       err_sin1                   cos2       err_cos2                   sin2       err_sin2                   cos3       err_cos3                   sin3       err_sin3                   cos4       err_cos4                   sin4       err_sin4                   cos5       err_cos5                   sin5       err_sin5                   eps2       nrpo
   5.0  9.928267655362933E-01  1.6726041E-05  1.007381265083741E-03  4.3960333E-05  9.749955848848080E-01  3.1994333E-05  1.976628639350722E-03  8.1300610E-05  9.483313537496596E-01  4.9120462E-05  2.852294477964374E-03  1.1462046E-04  9.143498280384966E-01  6.7543443E-05  3.647293355360637E-03  1.4407313E-04  8.743383230363148E-01  8.6923445E-05  4.382264925102220E-03  1.6973002E-04  2.559293340629615E-05          0
  10.0  9.742377129758319E-01  3.4462919E-05  1.977630042815632E-03  8.1711633E-05  9.134945281752709E-01  6.8913298E-05  3.669421699508185E-03  1.4427659E-04  8.287891649247268E-01  1.0743965E-04  4.944373136341826E-03  1.9183756E-04  7.299355966693319E-01  1.4562908E-04  5.904642672887262E-03  2.2570453E-04  6.254998917556907E-01  1.8023951E-04  6.374147536910880E-03  2.4815993E-04  2.337224941772880E-05          0
  15.0  9.463283763014263E-01  5.3323492E-05  2.882804155182504E-03  1.1533512E-04  8.275305690786339E-01  1.0864817E-04  4.983728657972021E-03  1.9201388E-04  6.768287620304465E-01  1.6417063E-04  6.083972863520921E-03  2.3825643E-04  5.215579367432523E-01  2.0957851E-04  6.521800124087322E-03  2.6207146E-04  3.804445428637340E-01  2.4130919E-04  6.310054098198457E-03  2.7257239E-04  2.207983560845758E-05          0
  20.0  9.106521524460491E-01  7.3179735E-05  3.680936928782840E-03  1.4499468E-04  7.273073974914052E-01  1.4734024E-04  5.817231491540030E-03  2.2594165E-04  5.203396071746408E-01  2.1001076E-04  6.412155627478626E-03  2.6211720E-04  3.378364594726539E-01  2.4911587E-04  6.095718299286659E-03  2.7441406E-04  2.009248674318706E-01  2.6831022E-04  5.131375955900611E-03  2.7780881E-04  2.117073877957696E-05          0
  25.0  8.687014693826172E-01  9.3445094E-05  4.353793299797550E-03  1.7081583E-04  6.214795339483190E-01  1.8212954E-04  6.274857224681209E-03  2.4839374E-04  3.784032977570309E-01  2.4178173E-04  6.106707408620697E-03  2.7262802E-04  2.004230351594464E-01  2.6837566E-04  5.093383735773746E-03  2.7781015E-04  9.397844526163056E-02  2.7676307E-04  3.473617445451421E-03  2.7901677E-04  2.045141486801391E-05          0
  30.0  8.218260589443529E-01  1.1375720E-04  4.926076785996429E-03  1.9291431E-04  5.172347650587159E-01  2.1111192E-04  6.382086130784304E-03  2.6222719E-04  2.615060630028556E-01  2.6096770E-04  5.464230343212341E-03  2.7668061E-04  1.100122636526829E-01  2.7588974E-04  3.800550812634319E-03  2.7886447E-04  3.992265922474313E-02  2.7872753E-04  1.684445594763325E-03  2.7948038E-04  1.985977841813963E-05          0
  35.0  7.713379377993563E-01  1.3365900E-04  5.380105547477884E-03  2.1149492E-04  4.198820275910125E-01  2.3366594E-04  6.234028944801433E-03  2.7018140E-04  1.724429794943357E-01  2.7116556E-04  4.610906898370364E-03  2.7819719E-04  5.661896444340390E-02  2.7828610E-04  2.323583690259074E-03  2.7934875E-04  1.629119932287225E-02  2.7917324E-04  3.491826296378793E-04  2.7957955E-04  1.935609889080211E-05          0
  40.0  7.184446346335447E-01  1.5276189E-04  5.725623735765040E-03  2.2683674E-04  3.329008120671328E-01  2.5015746E-04  5.901442767367402E-03  2.7447698E-04  1.090379838023982E-01  2.7597336E-04  3.517906632613428E-03  2.7885876E-04  2.793843100155952E-02  2.7897786E-04  1.006374982681967E-03  2.7954895E-04  6.841968255480286E-03  2.7921412E-04 -5.117990246401036E-04  2.7966469E-04  1.891827511326266E-05          0
  45.0  6.642423575496554E-01  1.7074482E-04  5.965911635689681E-03  2.3927277E-04  2.580969860462407E-01  2.6152881E-04  5.402955603358960E-03  2.7669493E-04  6.646952276871694E-02  2.7797777E-04  2.431382402406804E-03  2.7925211E-04  1.370521932698258E-02  2.7918125E-04  9.571798792910326E-05  2.7961267E-04  2.989718595272784E-03  2.7925071E-04 -7.743490142887958E-04  2.7967100E-04  1.853638458621598E-05          0
  50.0  6.097020051541440E-01  1.8735276E-04  6.131369356881152E-03  2.4917552E-04  1.958700809870744E-01  2.6892825E-04  4.720476388945205E-03  2.7784982E-04  3.941968129093587E-02  2.7873957E-04  1.412316005625601E-03  2.7948983E-04  6.865682024030271E-03  2.7921701E-04 -4.892086231416616E-04  2.7966244E-04  1.031263164295860E-03  2.7940081E-04 -8.275770948476980E-04  2.7954494E-04  1.820030575557026E-05          0
  55.0  5.557576363711579E-01  2.0239116E-04  6.205851274693826E-03  2.5691285E-04  1.456998317038101E-01  2.7349937E-04  3.982869004286899E-03  2.7847292E-04  2.300804458812879E-02  2.7906264E-04  5.908669337379713E-04  2.7957271E-04  3.597704594427587E-03  2.7921227E-04 -8.698033108196392E-04  2.7970357E-04 -3.191739690737697E-04  2.7946271E-04 -7.832869284593915E-04  2.7949955E-04  1.789654408262704E-05          0
  60.0  5.031881968038575E-01  2.1576303E-04  6.158479791553287E-03  2.6285252E-04  1.063890979188473E-01  2.7617688E-04  3.225614396881562E-03  2.7884773E-04  1.345550595384869E-02  2.7920466E-04 -9.230422920817596E-05  2.7959456E-04  1.869429522806408E-03  2.7930982E-04 -8.726867374893246E-04  2.7962881E-04 -1.131504077882111E-03  2.7946954E-04 -1.090715935972537E-03  2.7950472E-04  1.761720011550491E-05          0
  65.0  4.526161169135962E-01  2.2745419E-04  6.027912712317874E-03  2.6733100E-04  7.638272522893810E-02  2.7762828E-04  2.486856260607021E-03  2.7914005E-04  8.124263304457974E-03  2.7921769E-04 -4.988950076081479E-04  2.7965118E-04  4.975492310868777E-04  2.7939971E-04 -8.723028379608868E-04  2.7955481E-04 -1.401594499472550E-03  2.7953013E-04 -1.970424205112045E-03  2.7945157E-04  1.735954018950107E-05          0
  70.0  4.045110871524661E-01  2.3753025E-04  5.829273486916269E-03  2.7064379E-04  5.410421858768950E-02  2.7838379E-04  1.774418763558310E-03  2.7935729E-04  5.044561508369597E-03  2.7918520E-04 -8.145999668135957E-04  2.7971803E-04 -5.191127394453760E-04  2.7943983E-04 -1.000145405355802E-03  2.7952641E-04 -1.289558664555662E-03  2.7955154E-04 -2.922346293315469E-03  2.7943396E-04  1.712214364835434E-05          0
  75.0  3.592551314043697E-01  2.4606696E-04  5.559589847520594E-03  2.7306036E-04  3.791443687140308E-02  2.7878403E-04  1.113918048851375E-03  2.7949083E-04  3.161806124097479E-03  2.7921884E-04 -9.918476706416495E-04  2.7970650E-04 -1.091885842336129E-03  2.7945452E-04 -1.363443095280919E-03  2.7952021E-04 -1.231079978151946E-03  2.7944037E-04 -3.358679938505457E-03  2.7954788E-04  1.690018793057160E-05          0
  80.0  3.171344268672852E-01  2.5318763E-04  5.251711524924109E-03  2.7479875E-04  2.641398052930260E-02  2.7900408E-04  5.254864827889112E-04  2.7956035E-04  1.968038616883007E-03  2.7928687E-04 -1.034275447166271E-03  2.7965430E-04 -1.317622132703606E-03  2.7947672E-04 -2.037110885185602E-03  2.7950394E-04 -1.382741663726875E-03  2.7939434E-04 -2.998981223130628E-03  2.7959808E-04  1.669183018902293E-05          0
  85.0  2.782906367968601E-01  2.5904777E-04  4.915233317149590E-03  2.7602863E-04  1.845617429329043E-02  2.7915141E-04  5.862767427481589E-05  2.7956899E-04  9.643504008428680E-04  2.7937112E-04 -1.148944598622638E-03  2.7958187E-04 -1.188065228029458E-03  2.7950818E-04 -2.679889537748266E-03  2.7947561E-04 -1.701179396061102E-03  2.7950929E-04 -2.185884974808403E-03  2.7948674E-04  1.649609297987806E-05          0
  90.0  2.428007874684692E-01  2.6377407E-04  4.557016585208587E-03  2.7691279E-04  1.289496499276326E-02  2.7923262E-04 -2.982926061374827E-04  2.7957363E-04  3.034284597875053E-05  2.7943742E-04 -1.305793666154055E-03  2.7952463E-04 -1.085267750431456E-03  2.7948857E-04 -3.198277099671868E-03  2.7949710E-04 -1.803120966380360E-03  2.7957737E-04 -1.137078233844517E-03  2.7942222E-04  1.631002123143373E-05          0
  95.0  2.106141019193264E-01  2.6755215E-04  4.190221136496831E-03  2.7753730E-04  9.129545600806387E-03  2.7927826E-04 -5.732240090534450E-04  2.7957617E-04 -6.944693007759151E-04  2.7946796E-04 -1.511992568183209E-03  2.7950092E-04 -1.005361425297920E-03  2.7938062E-04 -3.233668147285972E-03  2.7960762E-04 -1.500907704880451E-03  2.7956079E-04 -2.720218361030913E-04  2.7944241E-04  1.613581841317101E-05          0
 100.0  1.816853293259810E-01  2.7051997E-04  3.763369620689865E-03  2.7798803E-04  6.556325190499012E-03  2.7927666E-04 -8.011445084100546E-04  2.7960597E-04 -1.157486456768307E-03  2.7947577E-04 -1.711154394376419E-03  2.7949974E-04 -1.143240967413941E-03  2.7935063E-04 -2.876802118410316E-03  2.7964063E-04 -8.744914345185943E-04  2.7954487E-04  2.890326721903731E-04  2.7946074E-04  1.597023844255917E-05          0
 105.0  1.558895913873301E-01  2.7281450E-04  3.309584530125867E-03  2.7832109E-04  4.758622297809732E-03  2.7924847E-04 -1.027046850440358E-03  2.7965370E-04 -1.347454810670256E-03  2.7950691E-04 -1.957058617603551E-03  2.7947418E-04 -1.422133338960673E-03  2.7944957E-04 -2.218662435229870E-03  2.7954463E-04 -3.758022836625892E-04  2.7952215E-04  4.713562266457215E-04  2.7948482E-04  1.581202864655933E-05          0
 110.0  1.330742298932871E-01  2.7456416E-04  2.855782454451274E-03  2.7857265E-04  3.478733436853123E-03  2.7921894E-04 -1.176173450324063E-03  2.7969820E-04 -1.406260569188344E-03  2.7958156E-04 -2.333261353398173E-03  2.7940312E-04 -1.684717044367298E-03  2.7952543E-04 -1.441516213389140E-03  2.7947252E-04 -1.569905330080304E-04  2.7950067E-04  2.700120449766435E-04  2.7950713E-04  1.566162504599861E-05          0
 115.0  1.130444581931539E-01  2.7587832E-04  2.416899254489209E-03  2.7877029E-04  2.522098483583360E-03  2.7924643E-04 -1.234865485295566E-03  2.7968360E-04 -1.373013243328934E-03  2.7959504E-04 -2.612087934784754E-03  2.7939159E-04 -1.529660535104921E-03  2.7951832E-04 -8.535634102255545E-04  2.7948320E-04 -3.904241971303802E-04  2.7946998E-04 -2.544956918532565E-04  2.7953859E-04  1.551810797281035E-05          0
 120.0  9.554039694945009E-02  2.7685361E-04  1.973981392511220E-03  2.7893003E-04  1.777261338187441E-03  2.7932619E-04 -1.191614792862535E-03  2.7961464E-04 -1.290614931748390E-03  2.7950602E-04 -2.926473357263615E-03  2.7948155E-04 -9.930165209528403E-04  2.7946953E-04 -3.501446456541665E-04  2.7953491E-04 -4.432374501986448E-04  2.7943423E-04 -5.165478823026492E-04  2.7957478E-04  1.538147653984312E-05          0
 125.0  8.040626242923593E-02  2.7756614E-04  1.573947318977637E-03  2.7906096E-04  1.183398915388322E-03  2.7939964E-04 -1.108696486310650E-03  2.7954958E-04 -1.255075696961490E-03  2.7942596E-04 -3.141669646295650E-03  2.7956310E-04 -4.946415748042272E-04  2.7946330E-04  6.960011741926226E-05  2.7954286E-04 -2.076224330251668E-04  2.7946061E-04 -3.452182536676534E-04  2.7954920E-04  1.525084315966926E-05          0
 130.0  6.740953315554397E-02  2.7807503E-04  1.158229372917967E-03  2.7917309E-04  6.633939953477794E-04  2.7944549E-04 -1.037172256670132E-03  2.7951019E-04 -1.307839641443406E-03  2.7937606E-04 -3.152057679009346E-03  2.7961441E-04 -1.913747274327738E-04  2.7947671E-04  2.600136807630175E-04  2.7953029E-04  1.372539310009786E-04  2.7945663E-04 -1.838027521866255E-04  2.7955317E-04  1.512409679760893E-05          0
 135.0  5.630180950174769E-02  2.7843304E-04  7.959463285401475E-04  2.7927122E-04  2.021389699076052E-04  2.7948682E-04 -8.769614592812611E-04  2.7947389E-04 -1.558344444824242E-03  2.7940264E-04 -2.969519264629801E-03  2.7958940E-04  8.055744976772250E-05  2.7951128E-04  1.885743988852145E-04  2.7949583E-04  2.648242255471238E-04  2.7942309E-04 -1.606563181163437E-05  2.7958551E-04  1.500335871497002E-05          0
 140.0  4.685686252946586E-02  2.7868446E-04  4.580785103232990E-04  2.7935336E-04 -1.844415042594361E-04  2.7949020E-04 -7.632512318346063E-04  2.7947472E-04 -1.655816994098098E-03  2.7945156E-04 -2.548213034468972E-03  2.7954215E-04  8.042049631374449E-05  2.7949152E-04  1.991603490600690E-05  2.7951539E-04 -1.350008511074685E-05  2.7941943E-04  1.760294525464767E-04  2.7958834E-04  1.488624887246510E-05          0
 145.0  3.893032119859339E-02  2.7886690E-04  1.305324665033809E-04  2.7941195E-04 -4.397390083952321E-04  2.7948746E-04 -7.530875105819367E-04  2.7948131E-04 -1.617597727684918E-03  2.7948858E-04 -2.006893384265395E-03  2.7950731E-04  3.396537660145631E-05  2.7942717E-04 -1.435602246934443E-04  2.7958055E-04 -3.605417051251222E-04  2.7940742E-04  3.758213914744498E-04  2.7960010E-04  1.477385396211915E-05          0
 150.0  3.233451783455742E-02  2.7899349E-04 -1.579925928935350E-04  2.7945946E-04 -6.456937179439024E-04  2.7943967E-04 -8.638196609772047E-04  2.7953253E-04 -1.443177824287111E-03  2.7951678E-04 -1.558990551079182E-03  2.7948146E-04 -3.316235523469313E-04  2.7939497E-04 -1.375178391212663E-04  2.7961359E-04 -5.789806743108216E-04  2.7944814E-04  3.995521771058446E-04  2.7955996E-04  1.466446589251082E-05          0
 155.0  2.684482097670073E-02  2.7908966E-04 -4.139255082897792E-04  2.7948964E-04 -7.520068992565849E-04  2.7942413E-04 -1.064843825921049E-03  2.7955128E-04 -1.160565370255199E-03  2.7949656E-04 -1.195303425910308E-03  2.7950430E-04 -4.649725592260748E-04  2.7939485E-04 -1.321934943080426E-04  2.7961441E-04 -7.315343044954626E-04  2.7941467E-04  3.229277542635576E-04  2.7959427E-04  1.455850907182137E-05          0
 160.0  2.232793018429925E-02  2.7915572E-04 -6.486492736513383E-04  2.7951495E-04 -8.434499810751755E-04  2.7941179E-04 -1.331013918905579E-03  2.7956705E-04 -8.059119096114688E-04  2.7946131E-04 -8.194146691981811E-04  2.7954178E-04 -5.724931034879379E-04  2.7941551E-04 -2.279659913680080E-05  2.7959449E-04 -5.776122035676798E-04  2.7937613E-04  5.189291835245410E-05  2.7963363E-04  1.445665465307022E-05          0
 165.0  1.861391711381342E-02  2.7921088E-04 -8.934112959923003E-04  2.7952511E-04 -8.439823022147812E-04  2.7940515E-04 -1.687221877261381E-03  2.7957652E-04 -3.931567427665622E-04  2.7944301E-04 -4.787331511868758E-04  2.7956169E-04 -6.323262903429000E-04  2.7939835E-04 -4.412392009671103E-05  2.7961151E-04 -2.790077260433756E-04  2.7940872E-04 -2.827184729995050E-04  2.7960114E-04  1.435784376504979E-05          0
 170.0  1.558058472151519E-02  2.7925881E-04 -1.097325932101231E-03  2.7952435E-04 -7.822727726635770E-04  2.7941451E-04 -2.057723431037327E-03  2.7956980E-04 -1.451884346057687E-05  2.7942888E-04 -3.436991306694914E-04  2.7957620E-04 -5.745127402360427E-04  2.7941074E-04  7.697980911325233E-06  2.7959812E-04  1.300925254513262E-05  2.7947759E-04 -4.316799522072462E-04  2.7953258E-04  1.426185052639538E-05          0
 175.0  1.309762068837751E-02  2.7928958E-04 -1.263636341406061E-03  2.7952812E-04 -7.623548257179082E-04  2.7942470E-04 -2.444361016454415E-03  2.7956162E-04  2.908523104377854E-04  2.7940381E-04 -2.819937073339615E-04  2.7960127E-04 -5.079515753411863E-04  2.7941867E-04  9.601440817070381E-05  2.7958927E-04  9.868579776687315E-05  2.7958582E-04 -4.191952404964751E-04  2.7942498E-04  1.416872199930459E-05          0
 180.0  1.107901820427871E-02  2.7929932E-04 -1.399485856256807E-03  2.7954358E-04 -8.349834720446489E-04  2.7940979E-04 -2.767935644134755E-03  2.7957814E-04  4.801286856988098E-04  2.7939480E-04 -3.347293228017828E-04  2.7961014E-04 -6.176840300198472E-04  2.7938854E-04  3.289009216830637E-04  2.7961855E-04  4.666452261762536E-05  2.7952511E-04 -2.515880698159256E-04  2.7948647E-04  1.407814838428946E-05          0
 185.0  9.414878671259170E-03  2.7930568E-04 -1.516618139766024E-03  2.7955703E-04 -8.951000881863493E-04  2.7939392E-04 -3.021099011035117E-03  2.7959514E-04  4.800355523131408E-04  2.7937319E-04 -4.877232207762110E-04  2.7963094E-04 -7.327757872827061E-04  2.7941454E-04  6.501832359301319E-04  2.7959181E-04 -2.386200374446585E-04  2.7949185E-04 -1.465168178387316E-04  2.7952085E-04  1.399025188317156E-05          0
 190.0  8.076551508344127E-03  2.7931099E-04 -1.551388656138058E-03  2.7956693E-04 -9.338137580495049E-04  2.7936618E-04 -3.150240027100239E-03  2.7962428E-04  4.019221508149225E-04  2.7936275E-04 -6.823360939048615E-04  2.7964037E-04 -9.340106818062292E-04  2.7944170E-04  7.581633054073653E-04  2.7956462E-04 -5.290001284206334E-04  2.7948058E-04 -2.227065435063715E-04  2.7953263E-04  1.390485473673829E-05          0
 195.0  6.990931416528496E-03  2.7931392E-04 -1.569523064551701E-03  2.7957581E-04 -9.691918082761685E-04  2.7931343E-04 -3.167162456448013E-03  2.7967823E-04  3.247270140067505E-04  2.7938015E-04 -9.614192197612402E-04  2.7962298E-04 -1.314967126372475E-03  2.7941663E-04  7.322499191548055E-04  2.7959071E-04 -8.289463585058952E-04  2.7948103E-04 -1.764478384203615E-04  2.7953200E-04  1.382175786962088E-05          0
 200.0  6.134371885808644E-03  2.7930674E-04 -1.580455051990795E-03  2.7959293E-04 -1.065007153364890E-03  2.7927554E-04 -3.063089079325078E-03  2.7971731E-04  2.309037655350941E-04  2.7942572E-04 -1.122385858187009E-03  2.7957825E-04 -1.589002763202334E-03  2.7938274E-04  4.864065634837538E-04  2.7962584E-04 -6.926131409780821E-04  2.7948120E-04 -2.001951020784831E-04  2.7953138E-04  1.374053328745285E-05          0
 205.0  5.416653677160953E-03  2.7930762E-04 -1.552663183633432E-03  2.7960083E-04 -1.095258271373526E-03  2.7928342E-04 -2.882798346026672E-03  2.7971026E-04  1.438249833303301E-04  2.7944265E-04 -1.141501576889775E-03  2.7956218E-04 -1.535520249130957E-03  2.7937383E-04  2.010264797015359E-04  2.7963641E-04 -3.499561529597313E-04  2.7950664E-04 -2.350003608457644E-04  2.7950542E-04  1.366118518031642E-05          0
 210.0  4.783730135509204E-03  2.7930891E-04 -1.493081045560325E-03  2.7960700E-04 -1.116455188142650E-03  2.7931983E-04 -2.548385684646464E-03  2.7967516E-04  1.209500239113155E-04  2.7950823E-04 -1.132805295375265E-03  2.7949759E-04 -1.280024441469704E-03  2.7940896E-04 -2.484314851384109E-04  2.7960223E-04 -2.962003319064129E-05  2.7948282E-04 -2.233419646302876E-04  2.7952922E-04  1.358407615978609E-05          0
 215.0  4.245330035740819E-03  2.7930551E-04 -1.449956520910576E-03  2.7961634E-04 -1.164402331434971E-03  2.7935956E-04 -2.142934530901775E-03  2.7963700E-04  1.215812378296251E-04  2.7952752E-04 -9.860121461960465E-04  2.7947905E-04 -9.996559857309115E-04  2.7947335E-04 -5.163838062808732E-04  2.7953830E-04  1.332373371190696E-04  2.7945241E-04 -2.493881161999037E-04  2.7955938E-04  1.350895865963513E-05          0
 220.0  3.724163642961965E-03  2.7931173E-04 -1.345293834714798E-03  2.7961563E-04 -1.140753922275878E-03  2.7941230E-04 -1.688968448542290E-03  2.7958586E-04  1.618112372201232E-04  2.7952387E-04 -6.115921028083722E-04  2.7948353E-04 -6.247068425040679E-04  2.7952304E-04 -7.390994766374491E-04  2.7948878E-04  2.155664998394388E-04  2.7947317E-04 -1.812158006040259E-04  2.7953815E-04  1.343554146544181E-05          0
 225.0  3.264576552477972E-03  2.7932810E-04 -1.265787802384136E-03  2.7960447E-04 -1.041326313582845E-03  2.7943530E-04 -1.288233624025090E-03  2.7956401E-04  2.810342957349332E-04  2.7952933E-04 -2.611657428678092E-04  2.7947814E-04 -4.617193689627623E-04  2.7956568E-04 -1.041965718529853E-03  2.7944548E-04  3.640587414091264E-04  2.7959107E-04  1.047174220546957E-05  2.7942014E-04  1.336353947032889E-05          0
 230.0  2.865854620037238E-03  2.7934577E-04 -1.153312197515895E-03  2.7959117E-04 -9.287686780788385E-04  2.7943915E-04 -8.941447972259023E-04  2.7956055E-04  2.893396883943178E-04  2.7954090E-04  4.182721679822933E-05  2.7946650E-04 -4.333858388788085E-04  2.7953792E-04 -1.235059175089874E-03  2.7947245E-04  1.333774938473081E-04  2.7959002E-04  1.655875509925795E-04  2.7942187E-04  1.329316826635239E-05          0
 235.0  2.477736726655593E-03  2.7936826E-04 -1.017510177512316E-03  2.7957263E-04 -7.797540219610514E-04  2.7942455E-04 -5.407811092553396E-04  2.7957521E-04  3.458139367966083E-04  2.7953446E-04  2.615042446238095E-04  2.7947249E-04 -5.369480020439318E-04  2.7947649E-04 -1.224148327251382E-03  2.7953418E-04 -2.258183209790139E-04  2.7951119E-04  3.491108328164390E-04  2.7950153E-04  1.322460891807682E-05          0
 240.0  2.110744443558586E-03  2.7939159E-04 -8.901940097624827E-04  2.7955300E-04 -6.252767736260151E-04  2.7940544E-04 -2.786677077686454E-04  2.7959452E-04  2.309722258667612E-04  2.7951491E-04  3.800224288976003E-04  2.7949197E-04 -6.741853339179548E-04  2.7946807E-04 -1.170395740707956E-03  2.7954388E-04 -6.341527584022143E-04  2.7950164E-04  3.944918498617438E-04  2.7951103E-04  1.315734025450491E-05          0
 245.0  1.749660642342571E-03  2.7942387E-04 -7.913727403188635E-04  2.7952391E-04 -4.056097451588262E-04  2.7938880E-04 -1.496966597781389E-04  2.7961110E-04 -1.256663990950424E-04  2.7949140E-04  6.820467071042836E-04  2.7951596E-04 -7.938580700079161E-04  2.7944499E-04 -1.082010669537104E-03  2.7956772E-04 -7.622300296597096E-04  2.7952655E-04  5.723793087960824E-04  2.7948599E-04  1.309101980888201E-05          0
 250.0  1.435268196253247E-03  2.7946158E-04 -7.318644389524025E-04  2.7948924E-04 -1.460605429794605E-04  2.7938588E-04 -8.422991777321570E-05  2.7961370E-04 -4.833798375275935E-04  2.7948576E-04  9.543116629768720E-04  2.7952212E-04 -8.151858913695759E-04  2.7948182E-04 -8.569769784123944E-04  2.7953071E-04 -6.822581808031857E-04  2.7952452E-04  7.108007703766467E-04  2.7948830E-04  1.302605077839719E-05          0
 255.0  1.112447445148476E-03  2.7950512E-04 -6.622933458182836E-04  2.7944804E-04  1.562661529232994E-04  2.7942560E-04 -1.114566974663107E-04  2.7957363E-04 -8.036182921785544E-04  2.7948458E-04  1.115515203297899E-03  2.7952356E-04 -5.319148413366573E-04  2.7950808E-04 -4.801079395376531E-04  2.7950389E-04 -3.789692027624381E-04  2.7952417E-04  9.544744734461969E-04  2.7948921E-04  1.296240486882374E-05          0
 260.0  7.685659814483402E-04  2.7953978E-04 -6.285270334520571E-04  2.7941537E-04  3.964838589182393E-04  2.7947586E-04 -1.557258628148736E-04  2.7952315E-04 -9.691873040980095E-04  2.7946374E-04  1.448812584603341E-03  2.7954442E-04 -1.733504303603371E-04  2.7955090E-04 -2.423525677350590E-04  2.7946077E-04 -5.955130236695620E-05  2.7946095E-04  1.273703622374029E-03  2.7955272E-04  1.290040410647002E-05          0
 265.0  4.411453602787986E-04  2.7955672E-04 -6.018716763358617E-04  2.7939991E-04  5.111929179133759E-04  2.7951167E-04 -1.835278752454793E-04  2.7948699E-04 -1.076577445926312E-03  2.7945415E-04  1.593887067013368E-03  2.7955417E-04  8.307542161576395E-05  2.7951952E-04 -1.990622537124012E-04  2.7949191E-04 -1.755182258589314E-05  2.7948699E-04  1.455168722910850E-03  2.7952653E-04  1.283949184852755E-05          0
 270.0  1.321544465469757E-04  2.7955983E-04 -6.348357480071816E-04  2.7939799E-04  5.282473769725013E-04  2.7951384E-04 -2.174011107580889E-04  2.7948488E-04 -1.085437741157879E-03  2.7946176E-04  1.522227611711478E-03  2.7954658E-04  9.868454367876904E-05  2.7948562E-04 -2.104446035779811E-04  2.7952629E-04  8.934068531413169E-06  2.7950130E-04  1.556549348003293E-03  2.7951236E-04  1.277961962927954E-05          0
 275.0 -1.358772941947479E-04  2.7956542E-04 -7.281821706115966E-04  2.7939332E-04  5.628973527430707E-04  2.7952183E-04 -1.294999047205110E-04  2.7947705E-04 -1.090925484196774E-03  2.7946666E-04  1.241744301576846E-03  2.7954143E-04  1.558276806892860E-04  2.7950048E-04 -1.043854121174243E-04  2.7951111E-04  5.934742398503798E-05  2.7945579E-04  1.581162709213309E-03  2.7955867E-04  1.272105707774897E-05          0
 280.0 -3.816085474931888E-04  2.7956389E-04 -8.412851862313644E-04  2.7939570E-04  5.488360237343116E-04  2.7950957E-04 -9.125169245235030E-05  2.7949010E-04 -1.111937686930691E-03  2.7946079E-04  8.572470228295330E-04  2.7954694E-04  6.695097683572415E-05  2.7949900E-04 -6.151642954663364E-05  2.7951259E-04  2.260124358596088E-04  2.7944592E-04  1.386433237627467E-03  2.7956879E-04  1.266336903619449E-05          0
 285.0 -5.721880011394201E-04  2.7957069E-04 -1.002062052273985E-03  2.7938946E-04  5.947096192296262E-04  2.7949601E-04 -1.161869945158451E-04  2.7950430E-04 -1.077704727043781E-03  2.7948325E-04  3.492491562148933E-04  2.7952424E-04 -3.001620630044159E-05  2.7946933E-04 -6.802197881570100E-05  2.7954227E-04  4.091843722372745E-04  2.7947181E-04  9.778056232972341E-04  2.7954275E-04  1.260650047184574E-05          0
 290.0 -7.481225129960207E-04  2.7956638E-04 -1.202950223539746E-03  2.7939431E-04  5.600708435176100E-04  2.7947543E-04 -1.961472446004957E-04  2.7952562E-04 -1.076767917440093E-03  2.7949317E-04 -1.862486640337248E-04  2.7951383E-04 -1.776917440663162E-04  2.7952053E-04  8.693023661900919E-05  2.7949157E-04  5.110720526353311E-04  2.7944595E-04  5.609652635302929E-04  2.7956831E-04  1.255040312375483E-05          0
 295.0 -9.034054118623118E-04  2.7956869E-04 -1.409922814741755E-03  2.7939249E-04  5.722742132339299E-04  2.7945375E-04 -2.226542151377472E-04  2.7954790E-04 -1.130480488062172E-03  2.7944582E-04 -6.160792864760786E-04  2.7956066E-04 -3.342694604618622E-04  2.7950970E-04  2.317491477292031E-04  2.7950291E-04  3.071288681241849E-04  2.7946192E-04  7.276708548426155E-05  2.7955240E-04  1.249517769126577E-05          0
 300.0 -1.044437576582501E-03  2.7958550E-04 -1.669066251228929E-03  2.7937640E-04  6.883598167466643E-04  2.7946123E-04 -2.190550321653360E-04  2.7954073E-04 -1.291015483560637E-03  2.7940636E-04 -1.015586590997154E-03  2.7959945E-04 -2.788532820463202E-04  2.7944142E-04  4.442723923923229E-04  2.7957133E-04  4.651652853974622E-05  2.7941612E-04 -3.482827037886704E-04  2.7959819E-04  1.244106691177909E-05          0
 305.0 -1.133790533459992E-03  2.7959561E-04 -1.937499916145354E-03  2.7936723E-04  7.561414031312288E-04  2.7949538E-04 -1.419153388150792E-04  2.7950676E-04 -1.498187788870880E-03  2.7937297E-04 -1.259636341590202E-03  2.7963203E-04 -3.374731731055820E-05  2.7946374E-04  5.567968469294019E-04  2.7954892E-04 -3.479815851767985E-04  2.7945351E-04 -4.409664077452770E-04  2.7956039E-04  1.238768909613452E-05          0
 310.0 -1.168862666078830E-03  2.7960797E-04 -2.220713369024122E-03  2.7935613E-04  8.376310820977273E-04  2.7949735E-04 -7.164411871665380E-05  2.7950503E-04 -1.684063244579500E-03  2.7939011E-04 -1.341123277914122E-03  2.7961437E-04 -1.956772517489760E-05  2.7947673E-04  4.912133978586444E-04  2.7953616E-04 -4.948962210057234E-04  2.7951587E-04 -6.306727488599194E-04  2.7949782E-04  1.233502048734655E-05          0
 315.0 -1.122969703621060E-03  2.7961727E-04 -2.517832626873908E-03  2.7934818E-04  8.977978989870381E-04  2.7951004E-04 -7.777491363272800E-05  2.7949305E-04 -1.777711971514798E-03  2.7946074E-04 -1.186270383533667E-03  2.7954409E-04  6.914463953671800E-05  2.7947315E-04  3.829435699529636E-04  2.7954048E-04 -5.447968592357653E-04  2.7949897E-04 -7.537129206353734E-04  2.7951434E-04  1.228355660665524E-05          0
 320.0 -1.061219770834089E-03  2.7963543E-04 -2.838500240541654E-03  2.7933125E-04  1.023745941965555E-03  2.7951878E-04 -5.017109887864041E-05  2.7948515E-04 -1.757542604470725E-03  2.7952460E-04 -9.621604721558852E-04  2.7948101E-04  1.275674603365936E-04  2.7942760E-04  2.815035767828989E-04  2.7958682E-04 -4.544365675544130E-04  2.7951857E-04 -5.909885299070824E-04  2.7949469E-04  1.223329437836152E-05          0
 325.0 -9.627917174858750E-04  2.7963524E-04 -3.172278359167034E-03  2.7933298E-04  1.019322667617609E-03  2.7950790E-04 -2.974671335853200E-05  2.7949703E-04 -1.677007806336959E-03  2.7951806E-04 -6.626841433381412E-04  2.7948886E-04  4.386639658014834E-05  2.7943427E-04  1.510774177220043E-04  2.7958030E-04 -4.150915751480557E-04  2.7950181E-04 -4.633735598579284E-04  2.7951118E-04  1.218306911462019E-05          0
 330.0 -8.148709852933391E-04  2.7962042E-04 -3.492395592715557E-03  2.7934936E-04  9.096609197484947E-04  2.7950426E-04 -9.572996763908251E-05  2.7950178E-04 -1.561180923039023E-03  2.7950897E-04 -3.533011060972614E-04  2.7949901E-04  1.175813839381386E-05  2.7950034E-04  1.125217751121798E-05  2.7951381E-04 -1.971090834069156E-04  2.7958902E-04 -3.776461438372526E-04  2.7942397E-04  1.213384248033704E-05          0
 335.0 -6.420530504476635E-04  2.7959183E-04 -3.773321446064561E-03  2.7937916E-04  7.042177093358903E-04  2.7951663E-04 -1.052857849836951E-04  2.7949028E-04 -1.410867216124600E-03  2.7949541E-04 -9.723841702373581E-05  2.7951372E-04  9.528989333727511E-05  2.7956749E-04 -8.333730830550627E-05  2.7944610E-04 -1.589763903649872E-04  2.7964726E-04 -1.113126629849149E-04  2.7936600E-04  1.208570883645896E-05          0
 340.0 -4.282988515066117E-04  2.7955544E-04 -4.004689480942686E-03  2.7941609E-04  4.452420663469283E-04  2.7952846E-04 -3.402331138134743E-05  2.7947881E-04 -1.288616106667048E-03  2.7950281E-04  1.885298261998123E-04  2.7950666E-04  1.769123502077649E-04  2.7955385E-04 -2.379030410066024E-04  2.7945978E-04 -2.407259235787103E-04  2.7964130E-04 -2.081403951560577E-04  2.7937280E-04  1.203804504739817E-05          0
 345.0 -1.787193432726936E-04  2.7952349E-04 -4.240942933388749E-03  2.7944797E-04  2.209824314726934E-04  2.7955258E-04  3.723078951768121E-05  2.7945470E-04 -1.289346490982433E-03  2.7948457E-04  4.814391742365694E-04  2.7952465E-04  3.497013575495962E-04  2.7951070E-04 -3.435746424697587E-04  2.7950296E-04 -4.016973583391669E-04  2.7956992E-04 -3.508000163797070E-04  2.7944475E-04  1.199121868218720E-05          0
 350.0  1.141219566970026E-04  2.7949400E-04 -4.487600731852994E-03  2.7947771E-04  1.432668267111282E-05  2.7958000E-04  1.449167231594350E-05  2.7942699E-04 -1.247204012184615E-03  2.7944849E-04  6.085017570349207E-04  2.7956034E-04  5.488619850451053E-04  2.7949717E-04 -3.293227227760054E-04  2.7951663E-04 -7.343359618329679E-04  2.7947841E-04 -4.542610710632438E-04  2.7953653E-04  1.194498832989544E-05          0
 355.0  3.878977732487830E-04  2.7945920E-04 -4.649315139266178E-03  2.7951217E-04 -2.263388908165730E-04  2.7959576E-04 -6.873218462862469E-05  2.7941037E-04 -1.127480177936001E-03  2.7942468E-04  6.540746754502701E-04  2.7958445E-04  6.675464478615575E-04  2.7947485E-04 -2.439608022154868E-04  2.7953869E-04 -9.206237077470768E-04  2.7947941E-04 -2.138908016707210E-04  2.7953542E-04  1.189937639152111E-05          0
 360.0  7.303520483097220E-04  2.7944146E-04 -4.803050378932314E-03  2.7952933E-04 -3.436795117122164E-04  2.7961589E-04 -1.044132970110099E-04  2.7938925E-04 -1.067610141027120E-03  2.7942155E-04  6.265363870313905E-04  2.7958817E-04  8.175407251522241E-04  2.7947029E-04 -1.430197763028057E-04  2.7954296E-04 -8.095857665989506E-04  2.7948947E-04 -6.699654746998800E-05  2.7952549E-04  1.185432415990083E-05          0
 365.0  1.085854379897478E-03  2.7943664E-04 -4.927229047246557E-03  2.7953355E-04 -3.672730344017621E-04  2.7965578E-04 -1.358924380735056E-04  2.7934827E-04 -9.462963870269515E-04  2.7942579E-04  5.841257340224647E-04  2.7958428E-04  1.108119558885296E-03  2.7948842E-04  1.649276035722977E-04  2.7952441E-04 -5.090972047472382E-04  2.7950791E-04  2.202391418339115E-04  2.7950662E-04  1.181004008085761E-05          0
 370.0  1.416482856241521E-03  2.7944005E-04 -4.987983438977219E-03  2.7952977E-04 -3.324557136907261E-04  2.7964686E-04 -2.091258507835103E-04  2.7935614E-04 -7.534320035851831E-04  2.7943661E-04  5.939226468195265E-04  2.7957361E-04  1.048062282140453E-03  2.7949796E-04  4.490962128708251E-04  2.7951434E-04 -1.391895238215818E-04  2.7949360E-04  3.012689081066617E-04  2.7952093E-04  1.176625222769658E-05          0
 375.0  1.747178310575959E-03  2.7944519E-04 -5.042598722873071E-03  2.7952397E-04 -2.847064640660339E-04  2.7963866E-04 -2.915148224586379E-04  2.7936345E-04 -6.189293210255905E-04  2.7944760E-04  5.919872192017250E-04  2.7956208E-04  9.912409068434508E-04  2.7949512E-04  4.443484737081970E-04  2.7951704E-04  6.564450099299326E-05  2.7951931E-04  4.063202199582450E-04  2.7949528E-04  1.172291752003340E-05          0
 380.0  2.076467523911498E-03  2.7946274E-04 -5.040508923276946E-03  2.7950606E-04 -1.502942458377541E-04  2.7963541E-04 -3.600644553583464E-04  2.7936588E-04 -4.911125253639233E-04  2.7946104E-04  6.560229586090766E-04  2.7954792E-04  9.692747184444245E-04  2.7944049E-04  1.987204085544003E-04  2.7957187E-04  3.043179105081988E-04  2.7951727E-04  4.223095157374123E-04  2.7949684E-04  1.168017842568903E-05          0
 385.0  2.389438135945427E-03  2.7947792E-04 -5.015337440781458E-03  2.7949056E-04 -3.369695791649597E-05  2.7963444E-04 -4.403774068665264E-04  2.7936657E-04 -4.076486552226938E-04  2.7943616E-04  7.863009105993151E-04  2.7957216E-04  9.632727625752572E-04  2.7942218E-04 -1.364196562582770E-04  2.7959039E-04  4.063081736387928E-04  2.7951574E-04  2.173647003577881E-04  2.7949847E-04  1.163822682955855E-05          0
 390.0  2.696164938796829E-03  2.7948579E-04 -4.942726894580484E-03  2.7948235E-04  2.973531985529825E-05  2.7961319E-04 -4.823772578320273E-04  2.7938765E-04 -3.764713909730570E-04  2.7944172E-04  7.586750029560588E-04  2.7956648E-04  8.132001543234424E-04  2.7946040E-04 -3.719097381752721E-04  2.7955224E-04  3.294529093376751E-04  2.7949569E-04 -2.263938531940712E-04  2.7951883E-04  1.159657413668939E-05          0
 395.0  2.966728054466664E-03  2.7948475E-04 -4.782528926381436E-03  2.7948322E-04  2.848506200782479E-05  2.7958307E-04 -5.364540770018418E-04  2.7941789E-04 -3.954363552333495E-04  2.7944904E-04  7.269666108558552E-04  2.7955939E-04  5.995258855577816E-04  2.7945893E-04 -3.620284612799373E-04  2.7955397E-04  1.238933178833214E-04  2.7955195E-04 -4.545082051913505E-04  2.7946231E-04  1.155533599540175E-05          0
 400.0  3.186142042104384E-03  2.7947230E-04 -4.585312714808590E-03  2.7949570E-04 -5.662729708021743E-05  2.7957189E-04 -5.716289916521690E-04  2.7942919E-04 -2.762933939894836E-04  2.7944569E-04  5.939835970934743E-04  2.7956335E-04  5.204603773517462E-04  2.7945393E-04 -1.217306000375793E-04  2.7955922E-04  3.430818361751874E-05  2.7954945E-04 -4.501830699384777E-04  2.7946504E-04  1.151457801973800E-05          0
 405.0  3.413976230631194E-03  2.7945903E-04 -4.365230477023394E-03  2.7950890E-04 -1.485401629084926E-04  2.7956113E-04 -5.562489367249674E-04  2.7944037E-04 -8.873097773890611E-05  2.7943693E-04  3.831086308748919E-04  2.7957240E-04  4.428686921951792E-04  2.7947541E-04 -1.169273912841786E-05  2.7953862E-04 -2.159636473836475E-04  2.7951896E-04 -4.514060233079334E-04  2.7949593E-04  1.147451622898845E-05          0
 410.0  3.600024822199828E-03  2.7944535E-04 -4.102953164061572E-03  2.7952235E-04 -2.437910523378505E-04  2.7956774E-04 -4.725234185671812E-04  2.7943444E-04  1.592792390214860E-04  2.7945570E-04  1.788607524011558E-04  2.7955413E-04  4.874876989769631E-04  2.7953007E-04 -4.093346583481900E-05  2.7948454E-04 -4.254145372804515E-04  2.7947723E-04 -3.616309710394089E-04  2.7953810E-04  1.143461532357855E-05          0
 415.0  3.771631442396782E-03  2.7944404E-04 -3.755811464907788E-03  2.7952380E-04 -2.530718026406455E-04  2.7957646E-04 -4.592445855731627E-04  2.7942656E-04  5.883260486142180E-04  2.7947861E-04  1.431869071389402E-04  2.7953129E-04  5.448159216956102E-04  2.7960699E-04 -3.832249157353994E-04  2.7940758E-04 -5.973221726640023E-04  2.7944785E-04 -8.630056944009718E-05  2.7956742E-04  1.139567121719764E-05          0
 420.0  3.917147482904822E-03  2.7944331E-04 -3.422446345830653E-03  2.7952442E-04 -2.599932173131222E-04  2.7957323E-04 -4.497066144625236E-04  2.7943047E-04  9.037714149486331E-04  2.7953233E-04  3.108988589992608E-04  2.7947705E-04  5.160093940417559E-04  2.7963446E-04 -8.822670178940895E-04  2.7937971E-04 -4.973214595295772E-04  2.7944683E-04  6.221734224897266E-05  2.7956862E-04  1.135695301814786E-05          0
 425.0  4.034591399765224E-03  2.7944704E-04 -3.071669824863565E-03  2.7952061E-04 -2.356372049533864E-04  2.7958616E-04 -4.244409812797804E-04  2.7941850E-04  1.223527364797358E-03  2.7959243E-04  4.870441857432834E-04  2.7941705E-04  6.006571234957144E-04  2.7965059E-04 -1.163421160794705E-03  2.7936308E-04 -1.708746116061785E-04  2.7946805E-04  1.331995252210905E-04  2.7954727E-04  1.131884942866819E-05          0
 430.0  4.126567788753436E-03  2.7944366E-04 -2.681622217501101E-03  2.7952381E-04 -2.626866452275189E-04  2.7954946E-04 -4.652947373957905E-04  2.7945609E-04  1.487518618072809E-03  2.7959027E-04  6.401682257311010E-04  2.7941959E-04  3.300399744058770E-04  2.7962783E-04 -1.287633026485494E-03  2.7938569E-04  1.564787681696806E-04  2.7951569E-04  2.161035359552986E-04  2.7949980E-04  1.128086932064072E-05          0
 435.0  4.148136048407669E-03  2.7943806E-04 -2.298754140702367E-03  2.7952910E-04 -3.070327335196074E-04  2.7950685E-04 -4.455920933762960E-04  2.7949927E-04  1.525980058116038E-03  2.7958489E-04  8.143185369617599E-04  2.7942533E-04  2.076820887983696E-05  2.7957919E-04 -1.297848061268484E-03  2.7943423E-04  4.270211645631099E-04  2.7957307E-04  2.570960506981231E-05  2.7944260E-04  1.124336612306096E-05          0
 440.0  4.153457278849243E-03  2.7943062E-04 -1.939901193536317E-03  2.7953638E-04 -3.650504966238893E-04  2.7948014E-04 -4.872122970082203E-04  2.7952646E-04  1.428394836678316E-03  2.7958143E-04  8.511328530078804E-04  2.7942885E-04 -1.719373436124897E-04  2.7952228E-04 -1.191199507217829E-03  2.7949109E-04  5.136483065196574E-04  2.7950408E-04 -2.178081964136127E-04  2.7951092E-04  1.120633448754001E-05          0
 445.0  4.077556406987707E-03  2.7942455E-04 -1.579608907308683E-03  2.7954265E-04 -4.158189764172213E-04  2.7946521E-04 -4.735901268159206E-04  2.7954196E-04  1.279739751715047E-03  2.7955474E-04  8.161402740618461E-04  2.7945542E-04 -2.782249230134863E-04  2.7949817E-04 -9.241541082938544E-04  2.7951482E-04  4.479279991315191E-04  2.7942593E-04 -3.999745400236050E-04  2.7958826E-04  1.116968044068238E-05          0
 450.0  3.943728318671318E-03  2.7942159E-04 -1.238480882775661E-03  2.7954551E-04 -4.420988784410377E-04  2.7946262E-04 -5.225071163253701E-04  2.7954506E-04  1.151634338405279E-03  2.7955032E-04  7.259045508459386E-04  2.7945961E-04 -2.951339633072515E-04  2.7949871E-04 -5.193423981040058E-04  2.7951439E-04  2.207214693326286E-04  2.7947384E-04 -6.263887315636500E-04  2.7953970E-04  1.113380760855251E-05          0
 455.0  3.764397976979316E-03  2.7941152E-04 -8.717375643221715E-04  2.7955592E-04 -5.216227491388766E-04  2.7949221E-04 -5.800592812516537E-04  2.7951575E-04  7.756168998338995E-04  2.7955897E-04  5.301041403369129E-04  2.7945098E-04 -8.189127187738807E-05  2.7951003E-04 -2.952510013674082E-04  2.7950313E-04 -5.371247433385652E-05  2.7950798E-04 -7.897522761940900E-04  2.7950502E-04  1.109816623556917E-05          0
 460.0  3.525011267427124E-03  2.7939607E-04 -5.236714019077175E-04  2.7957136E-04 -6.396944391208544E-04  2.7953523E-04 -5.852179762958714E-04  2.7947286E-04  3.865623965603052E-04  2.7954731E-04  3.327877530704471E-04  2.7946252E-04  2.263337838903662E-04  2.7954463E-04 -2.173216910189806E-04  2.7946885E-04 -1.613940200969701E-04  2.7944082E-04 -8.593124670118743E-04  2.7957233E-04  1.106312096441223E-05          0
 465.0  3.283977752344358E-03  2.7938814E-04 -1.957740618924902E-04  2.7957876E-04 -7.008254294253386E-04  2.7957331E-04 -4.878555621970658E-04  2.7943472E-04  3.710070321288761E-05  2.7952387E-04  1.859715728628287E-04  2.7948572E-04  4.986508633573624E-04  2.7952852E-04 -1.865027201723367E-04  2.7948542E-04 -9.777687990431753E-05  2.7943210E-04 -7.444735902813587E-04  2.7958137E-04  1.102827408649381E-05          0
 470.0  3.033264488331431E-03  2.7939258E-04  1.019699449128738E-04  2.7957419E-04 -6.738401270716796E-04  2.7957346E-04 -3.536075010105918E-04  2.7943462E-04 -2.311661921590341E-04  2.7949490E-04  6.395009251713475E-05  2.7951453E-04  4.990479451614572E-04  2.7948553E-04 -3.937655152108242E-05  2.7952880E-04 -7.992501095433682E-06  2.7951909E-04 -7.350869143961700E-04  2.7949455E-04  1.099345124493926E-05          0
 475.0  2.782254025777657E-03  2.7939557E-04  3.932887231432423E-04  2.7957083E-04 -6.547472399137197E-04  2.7955495E-04 -1.856305842891946E-04  2.7945305E-04 -4.127284274917987E-04  2.7948022E-04  7.273253493922911E-05  2.7952930E-04  3.662904090699263E-04  2.7947217E-04  1.034549676844342E-04  2.7954229E-04 -2.676754731734948E-04  2.7956400E-04 -7.230877140673558E-04  2.7944979E-04  1.095934098251068E-05          0
 480.0  2.509650257309633E-03  2.7940246E-04  6.827165910699293E-04  2.7956336E-04 -6.081247189832864E-04  2.7952592E-04  4.350254145829711E-05  2.7948183E-04 -5.902027919846226E-04  2.7946772E-04  1.094034087165597E-04  2.7954160E-04  1.595721835824182E-04  2.7952713E-04  1.245682315354436E-04  2.7948744E-04 -4.568447177701929E-04  2.7953676E-04 -5.537563175282040E-04  2.7947720E-04  1.092527780089546E-05          0
 485.0  2.216991708542344E-03  2.7939837E-04  9.698725048525772E-04  2.7956652E-04 -6.390019726806512E-04  2.7948368E-04  2.628313243259686E-04  2.7952327E-04 -7.633173949201201E-04  2.7946880E-04  6.366093066986879E-05  2.7954028E-04 -1.392597783709496E-04  2.7953979E-04  2.076647403189474E-04  2.7947457E-04 -5.328307230993585E-04  2.7955917E-04 -4.862043782530831E-04  2.7945524E-04  1.089169860636497E-05          0
 490.0  1.975218948762590E-03  2.7939376E-04  1.214638590558636E-03  2.7956979E-04 -6.719102965351832E-04  2.7946544E-04  4.311936375775598E-04  2.7954052E-04 -8.794690444251805E-04  2.7947611E-04  1.240728339559831E-05  2.7953261E-04 -2.662083163051356E-04  2.7953867E-04  3.084227322250954E-04  2.7947556E-04 -4.965795242629106E-04  2.7955482E-04 -5.143465309785629E-04  2.7946025E-04  1.085855008736436E-05          0
 495.0  1.735263292468332E-03  2.7940385E-04  1.455926155454885E-03  2.7955805E-04 -5.967891503566307E-04  2.7946719E-04  5.110395280116667E-04  2.7953792E-04 -1.196432213002462E-03  2.7950618E-04 -2.393801954888688E-05  2.7950246E-04 -2.522115069968283E-04  2.7952125E-04  3.391552465617047E-04  2.7949253E-04 -3.717624089454711E-04  2.7956203E-04 -4.853619000447591E-04  2.7945304E-04  1.082546846790702E-05          0
 500.0  1.519558523628568E-03  2.7940743E-04  1.666861980612887E-03  2.7955256E-04 -5.666194709820817E-04  2.7947717E-04  6.341186136588923E-04  2.7952692E-04 -1.405588681641512E-03  2.7953501E-04  7.993896662759670E-06  2.7947447E-04 -1.788817303026183E-04  2.7948481E-04  4.165355090552737E-04  2.7952905E-04 -1.717854925056908E-04  2.7958294E-04 -5.021021587548313E-04  2.7943185E-04  1.079316088761932E-05          0
 505.0  1.328001451581003E-03  2.7941064E-04  1.876036673187229E-03  2.7954731E-04 -5.380970935157820E-04  2.7949875E-04  7.642478058440074E-04  2.7950413E-04 -1.337856419509966E-03  2.7954237E-04  4.804588218480533E-05  2.7946794E-04 -2.274448513033716E-05  2.7952383E-04  3.411333458993949E-04  2.7949005E-04  1.844128773557290E-04  2.7954400E-04 -3.960210919757247E-04  2.7947051E-04  1.076105878127757E-05          0
 510.0  1.120803680334375E-03  2.7940457E-04  2.116194858092680E-03  2.7955145E-04 -5.766956348816862E-04  2.7952689E-04  9.044856576337408E-04  2.7947480E-04 -1.169386482821158E-03  2.7954142E-04  5.397492268573693E-05  2.7946980E-04  1.802080396899337E-04  2.7953105E-04  1.609265264093251E-04  2.7948259E-04  5.104802430705024E-04  2.7952206E-04 -4.155331166639405E-04  2.7949245E-04  1.072921440242570E-05          0
 515.0  9.445462460222346E-04  2.7939588E-04  2.309922072063058E-03  2.7955792E-04 -6.335054964579423E-04  2.7954547E-04  1.073678995282646E-03  2.7945532E-04 -1.111639899135228E-03  2.7951602E-04  8.932327509221382E-05  2.7949600E-04  3.132701702023489E-04  2.7950509E-04  5.255764253714469E-05  2.7950801E-04  6.341565897177285E-04  2.7951473E-04 -3.790048462132237E-04  2.7949990E-04  1.069760522330894E-05          0
 520.0  7.526686712195794E-04  2.7939088E-04  2.462978470285029E-03  2.7956067E-04 -6.638075453223318E-04  2.7954918E-04  1.193268924014909E-03  2.7945083E-04 -1.129989379746694E-03  2.7951007E-04  1.399226550078466E-04  2.7950239E-04  3.405735133717867E-04  2.7947457E-04  2.022467838047425E-04  2.7953827E-04  7.354972612431589E-04  2.7951671E-04 -4.468588083719514E-04  2.7949821E-04  1.066620753692049E-05          0
 525.0  6.294488314481124E-04  2.7938278E-04  2.575487776458219E-03  2.7956712E-04 -7.172734975202567E-04  2.7954114E-04  1.153651218782335E-03  2.7945840E-04 -1.088638309168396E-03  2.7948033E-04  6.409461433172872E-05  2.7953260E-04  2.837206833906532E-04  2.7944636E-04  3.588157018220205E-04  2.7956700E-04  8.328201620815282E-04  2.7952876E-04 -2.308857142986338E-04  2.7948628E-04  1.063521272302786E-05          0
 530.0  5.339670234595344E-04  2.7937550E-04  2.650013303113671E-03  2.7957292E-04 -7.638978169671684E-04  2.7952957E-04  1.126729643319350E-03  2.7946971E-04 -9.160538233191257E-04  2.7946531E-04 -1.172795581868727E-04  2.7954805E-04  2.017182043070858E-04  2.7942911E-04  4.834599919276419E-04  2.7958501E-04  7.259651599476281E-04  2.7953462E-04 -3.098101546272492E-04  2.7948016E-04  1.060432804351321E-05          0
 535.0  4.887609376938681E-04  2.7936929E-04  2.652583553345538E-03  2.7957746E-04 -8.026761697690991E-04  2.7953039E-04  1.165106312297297E-03  2.7946869E-04 -7.013751293542147E-04  2.7946651E-04 -3.092136569495361E-04  2.7954671E-04  2.090304306551186E-04  2.7946489E-04  4.541009130440391E-04  2.7954991E-04  4.060914468595545E-04  2.7952971E-04 -1.394886798163331E-04  2.7948470E-04  1.057379354319765E-05          0
 540.0  3.991224359549163E-04  2.7936207E-04  2.629838290961737E-03  2.7958335E-04 -8.506119357209314E-04  2.7952686E-04  1.110840690357239E-03  2.7947238E-04 -5.186905426328293E-04  2.7945686E-04 -5.372433487641469E-04  2.7955583E-04  1.858238946817568E-04  2.7950694E-04  3.402339866620924E-04  2.7950782E-04  1.029005140801788E-04  2.7955540E-04  2.425633950927297E-04  2.7945848E-04  1.054329745650530E-05          0
 545.0  2.973375303306757E-04  2.7936222E-04  2.605073692929037E-03  2.7958253E-04 -8.472723208404282E-04  2.7953245E-04  1.040893531843809E-03  2.7946703E-04 -2.990722063181488E-04  2.7945907E-04 -7.822282668780338E-04  2.7955282E-04  2.272933099195965E-04  2.7946486E-04  1.502180520166346E-04  2.7954935E-04 -1.184303043437026E-04  2.7948313E-04  1.544498824938158E-04  2.7953115E-04  1.051311421164797E-05          0
 550.0  2.190995555295443E-04  2.7936546E-04  2.541218872108525E-03  2.7957882E-04 -8.216798789987644E-04  2.7955448E-04  9.821674248086734E-04  2.7944553E-04 -9.509645197962158E-05  2.7949262E-04 -9.533812159411927E-04  2.7951823E-04  3.829870560324747E-04  2.7943730E-04 -1.760770617286685E-04  2.7957637E-04 -1.795043892490203E-04  2.7944872E-04  7.719738449794004E-05  2.7956639E-04  1.048348697388728E-05          0
 555.0  1.873936024128975E-04  2.7937202E-04  2.442913146620958E-03  2.7957214E-04 -7.729098507076921E-04  2.7958016E-04  9.924410871894351E-04  2.7942046E-04  1.210095079088187E-04  2.7954931E-04 -9.490283858924751E-04  2.7946093E-04  5.635119859015476E-04  2.7946586E-04 -3.518214402712733E-04  2.7954707E-04 -2.086054645874435E-04  2.7946126E-04  6.417655308713622E-05  2.7955406E-04  1.045386523581885E-05          0
 560.0  1.605774764979396E-04  2.7937928E-04  2.308716481939704E-03  2.7956493E-04 -7.183101913473071E-04  2.7961997E-04  1.004816305264179E-03  2.7938101E-04  2.202179744670746E-04  2.7960778E-04 -8.690548984877651E-04  2.7940255E-04  8.469716631359815E-04  2.7953512E-04 -3.057374979248565E-04  2.7947752E-04 -3.747385569606079E-06  2.7947891E-04  1.981458459783269E-05  2.7953619E-04  1.042454748179513E-05          0
 565.0  1.547011449827495E-04  2.7939521E-04  2.150853622983424E-03  2.7954973E-04 -6.030507874170494E-04  2.7964328E-04  9.823445702482538E-04  2.7935809E-04  2.584098867876844E-04  2.7961834E-04 -8.481897649111943E-04  2.7939244E-04  1.012932235849555E-03  2.7952320E-04 -1.327242546940498E-04  2.7948918E-04  3.232390827039074E-04  2.7948568E-04  2.337960893407075E-05  2.7952935E-04  1.039564794351991E-05          0
 570.0  1.791332966410875E-04  2.7940540E-04  1.987058001594412E-03  2.7954044E-04 -5.287533680385040E-04  2.7964833E-04  1.020327573739698E-03  2.7935361E-04  1.276387874589351E-04  2.7959212E-04 -6.956067821578037E-04  2.7941952E-04  1.048473779674482E-03  2.7947291E-04  2.029579245128069E-04  2.7953957E-04  4.952077760201143E-04  2.7953301E-04 -6.544323425171216E-05  2.7948197E-04  1.036717002974500E-05          0
 575.0  2.230341877994344E-04  2.7941712E-04  1.772652407998919E-03  2.7953004E-04 -4.452235202805850E-04  2.7963172E-04  1.020151576742112E-03  2.7937102E-04  7.556161601122881E-05  2.7958284E-04 -5.835593230342983E-04  2.7942943E-04  9.287017711551855E-04  2.7947860E-04  3.409953758670726E-04  2.7953415E-04  5.915667708167713E-04  2.7951129E-04 -1.269019684242801E-04  2.7950350E-04  1.033884374859966E-05          0
 580.0  2.654141409836415E-04  2.7944173E-04  1.597641589457040E-03  2.7950704E-04 -2.690597630747204E-04  2.7962236E-04  9.802418292153830E-04  2.7938131E-04  1.289284621985215E-07  2.7958434E-04 -4.752160420920875E-04  2.7942837E-04  8.598503853431847E-04  2.7949412E-04  3.254531507553742E-04  2.7951866E-04  5.577320800128555E-04  2.7946898E-04 -2.218188142865451E-04  2.7954567E-04  1.031082425855933E-05          0
 585.0  3.320413586048841E-04  2.7947230E-04  1.422653601678687E-03  2.7947820E-04 -4.975510977054472E-05  2.7959411E-04  9.395861076893193E-04  2.7941028E-04 -7.101713425193914E-05  2.7960432E-04 -4.067185019867146E-04  2.7940850E-04  6.563662276349769E-04  2.7956813E-04  2.151928446645634E-04  2.7944440E-04  4.238515079088197E-04  2.7944204E-04 -1.555393300862076E-04  2.7957266E-04  1.028304028306414E-05          0
 590.0  3.981203265464748E-04  2.7949744E-04  1.277799244380948E-03  2.7945536E-04  1.287035699396457E-04  2.7957740E-04  8.196498767810067E-04  2.7942784E-04 -1.598526227155402E-05  2.7962836E-04 -4.892597489424537E-04  2.7938445E-04  5.346123370348979E-04  2.7957503E-04  5.386380643303680E-06  2.7943741E-04  1.709181479119057E-04  2.7945313E-04  9.774341529226027E-05  2.7956169E-04  1.025501752549961E-05          0
 595.0  4.349789791855436E-04  2.7951473E-04  1.142972272629942E-03  2.7944073E-04  2.489296063276989E-04  2.7957029E-04  6.306731617368950E-04  2.7943579E-04 -3.718362954327591E-05  2.7963533E-04 -5.700323161095851E-04  2.7937741E-04  4.803593101498282E-04  2.7957069E-04 -2.970957074215529E-04  2.7944169E-04 -4.967183612408650E-05  2.7943152E-04  2.829270911023196E-04  2.7958324E-04  1.022769577607409E-05          0
 600.0  5.025470648963833E-04  2.7952860E-04  1.038862953166969E-03  2.7942931E-04  3.442263145289449E-04  2.7955005E-04  3.599565251009050E-04  2.7945658E-04 -2.797659413663993E-06  2.7962989E-04 -6.306819521171182E-04  2.7938236E-04  3.324254430825972E-04  2.7954653E-04 -4.425439327576621E-04  2.7946596E-04 -2.747462373526869E-04  2.7947260E-04  6.939536149676590E-04  2.7954212E-04  1.020044983578131E-05          0
 605.0  5.702771130385638E-04  2.7953495E-04  9.389329084377915E-04  2.7942569E-04  3.841949833882400E-04  2.7952662E-04  7.789713684093889E-05  2.7948040E-04  1.803909709017312E-04  2.7960244E-04 -7.639482319162784E-04  2.7940893E-04  1.614094487848171E-04  2.7948716E-04 -7.515627531405208E-04  2.7952576E-04 -3.497879085614781E-04  2.7952599E-04  6.297784147918977E-04  2.7948907E-04  1.017361585839938E-05          0
 610.0  6.554446136733853E-04  2.7953223E-04  8.438972379020824E-04  2.7943102E-04  3.596141534088230E-04  2.7949310E-04 -1.550721225605506E-04  2.7951450E-04  4.262367297759280E-04  2.7956917E-04 -8.189027666166915E-04  2.7944146E-04 -8.161836793330198E-05  2.7947255E-04 -9.342780975659920E-04  2.7954084E-04 -2.700218039311605E-04  2.7951455E-04  4.780909154066641E-04  2.7950075E-04  1.014691424353706E-05          0
 615.0  7.154841315958636E-04  2.7953039E-04  7.906101948029742E-04  2.7943528E-04  3.403127577053427E-04  2.7946061E-04 -3.114599784864372E-04  2.7954737E-04  5.950025989092553E-04  2.7954298E-04 -7.517056846547321E-04  2.7946715E-04 -3.167264076789661E-04  2.7945054E-04 -8.163800202050085E-04  2.7956322E-04 -9.198065844057135E-05  2.7951117E-04  2.607882363268771E-04  2.7950424E-04  1.012039121988962E-05          0
 620.0  8.070759299480965E-04  2.7951625E-04  7.513229660911917E-04  2.7945184E-04  2.337619394845000E-04  2.7943518E-04 -4.977602535549382E-04  2.7957295E-04  6.652399546091219E-04  2.7952026E-04 -6.634353719101268E-04  2.7948937E-04 -5.015443662673329E-04  2.7943406E-04 -4.299269388315924E-04  2.7957996E-04 -2.478093877217700E-04  2.7951300E-04 -5.997261383488890E-05  2.7950204E-04  1.009418634416884E-05          0
 625.0  9.212192946597357E-04  2.7949336E-04  7.431260299696666E-04  2.7947707E-04  6.376080102868067E-05  2.7944265E-04 -5.748750561952853E-04  2.7956523E-04  5.055332256400321E-04  2.7952920E-04 -5.377297537713537E-04  2.7948044E-04 -4.495083631637195E-04  2.7944393E-04 -1.452711367766950E-04  2.7956977E-04 -5.231584778299904E-04  2.7952608E-04 -2.521818047545412E-04  2.7948837E-04  1.006810196639690E-05          0
 630.0  1.023854581853025E-03  2.7946776E-04  7.491823171400644E-04  2.7950454E-04 -1.245862129006471E-04  2.7947280E-04 -5.305398361740796E-04  2.7953454E-04  1.932432627854434E-04  2.7948910E-04 -3.907951113340253E-04  2.7952096E-04 -2.345270655815232E-04  2.7945050E-04  1.704894548650760E-04  2.7956282E-04 -7.490442694909428E-04  2.7956574E-04 -4.071368603424704E-04  2.7944821E-04  1.004210345602043E-05          0
 635.0  1.135971203330802E-03  2.7945422E-04  7.624023763328344E-04  2.7951966E-04 -2.263613284770322E-04  2.7951437E-04 -4.003997662417422E-04  2.7949196E-04 -1.564950742743346E-04  2.7946522E-04 -3.127460249176834E-04  2.7954476E-04  6.375444754554334E-05  2.7946688E-04  3.145670359557755E-04  2.7954606E-04 -8.924978076695117E-04  2.7953692E-04 -4.085097942845457E-04  2.7947668E-04  1.001657748021952E-05          0
