   1.0.0 # v: lpa-xrd version
5.00e+13 # d: dislocation density [m^-2]
 1  1  0 # z: direction of 'l' (line vector) [uvw]
 1  1  0 # b: Burgers vector direction [uvw]
 2  0  0 # g: diffraction vector direction (hkl)
0.250000 # C: contrast coefficient [1]
0.404940 # a: cell parameter [nm]
    6400 # s: side of the region of interest [nm] PBC1
0.345000 # nu: Poisson's number [1]
    2048 # nd: number of dislocations in the input file
  200000 # np: number of random points
#    L                   cos1       err_cos1                   sin1       err_sin1                   cos2       err_cos2                   sin2       err_sin2                   cos3       err_cos3                   sin3       err_sin3                   cos4       err_cos4                   sin4       err_sin4                   cos5       err_cos5                   sin5       err_sin5                   eps2       nrpo
   5.0  9.954771922197401E-01  1.6481027E-05 -5.998847494146111E-05  3.3734609E-05  9.854317916429807E-01  3.0253411E-05 -1.308352974992583E-04  6.0029502E-05  9.712745316287119E-01  4.4216333E-05 -2.265664576540952E-04  8.3015069E-05  9.538696644739939E-01  5.8165101E-05 -3.019817476511798E-04  1.0343186E-04  9.338523840049893E-01  7.1903955E-05 -3.906945745336158E-04  1.2171511E-04  1.683249015003868E-05          0
  10.0  9.846763896567889E-01  3.2876931E-05 -1.273032463429878E-04  6.0583027E-05  9.530149095829901E-01  5.9752596E-05 -2.929162277179104E-04  1.0375793E-04  9.108942423922806E-01  8.6347645E-05 -4.733471696571409E-04  1.3836709E-04  8.621804985822206E-01  1.1148905E-04 -6.612894293227981E-04  1.6632872E-04  8.094958982955688E-01  1.3472593E-04 -8.027893296485906E-04  1.8895107E-04  1.460989326242057E-05          0
  15.0  9.692175429919477E-01  4.9027923E-05 -2.046966982929855E-04  8.4062349E-05  9.095377790370878E-01  8.8008386E-05 -4.860853992571497E-04  1.3871442E-04  8.348527657468635E-01  1.2442557E-04 -7.147098501683468E-04  1.7848847E-04  7.536682201921028E-01  1.5653295E-04 -9.504312902589320E-04  2.0732525E-04  6.715370614305961E-01  1.8383165E-04 -1.185585044839225E-03  2.2798532E-04  1.330222420125687E-05          0
  20.0  9.500432257560604E-01  6.4847372E-05 -2.973705327088597E-04  1.0494955E-04  8.589967110915431E-01  1.1431732E-04 -6.531259178403333E-04  1.6698082E-04  7.519389487388857E-01  1.5753248E-04 -9.101435945706626E-04  2.0754896E-04  6.430404292404186E-01  1.9250562E-04 -1.246078611249600E-03  2.3359079E-04  5.405322940950007E-01  2.1922909E-04 -1.363245900311392E-03  2.5002605E-04  1.237458153066256E-05          0
  25.0  9.278384763255844E-01  8.0232378E-05 -3.905352965997056E-04  1.2368073E-04  8.041711985516469E-01  1.3845389E-04 -7.747121055795001E-04  1.8980619E-04  6.679327279739311E-01  1.8543148E-04 -1.076217963698435E-03  2.2834311E-04  5.387749294639761E-01  2.1978319E-04 -1.360720788063582E-03  2.5013230E-04  4.259574099270094E-01  2.4294006E-04 -1.422598350077257E-03  2.6239726E-04  1.165606640999858E-05          0
  30.0  9.031398827276272E-01  9.5148516E-05 -4.381430121993845E-04  1.4052007E-04  7.472133398347159E-01  1.6022579E-04 -8.539231413686067E-04  2.0815204E-04  5.866228725812400E-01  2.0828967E-04 -1.243155620470919E-03  2.4305357E-04  4.453026154099350E-01  2.3951321E-04 -1.484322508674552E-03  2.6052410E-04  3.310819154455418E-01  2.5787789E-04 -1.375787585639553E-03  2.6942721E-04  1.107270586785261E-05          0
  35.0  8.764551792574088E-01  1.0948461E-04 -4.837356380252012E-04  1.5566337E-04  6.897914029926424E-01  1.7955510E-04 -1.003712147370654E-03  2.2282120E-04  5.105372305552804E-01  2.2647048E-04 -1.444836124289849E-03  2.5339852E-04  3.643603857728965E-01  2.5324181E-04 -1.543859783335073E-03  2.6710519E-04  2.553350445235762E-01  2.6684594E-04 -1.207403181025191E-03  2.7354132E-04  1.057526066601440E-05          0
  40.0  8.481925024314598E-01  1.2318153E-04 -5.544270873713692E-04  1.6929029E-04  6.330996369006898E-01  1.9655229E-04 -1.202201723493226E-03  2.3446050E-04  4.409708794842532E-01  2.4059810E-04 -1.588786673191665E-03  2.6067600E-04  2.962162644737344E-01  2.6246156E-04 -1.466057599558030E-03  2.7133459E-04  1.963651044134857E-01  2.7202222E-04 -1.021115472586975E-03  2.7604040E-04  1.014180374912071E-05          0
  45.0  8.186809947925607E-01  1.3625967E-04 -6.397711650369283E-04  1.8152452E-04  5.781510119903895E-01  2.1127313E-04 -1.400582207049954E-03  2.4364935E-04  3.787911227407161E-01  2.5127127E-04 -1.624932568257509E-03  2.6582790E-04  2.399722954316519E-01  2.6841896E-04 -1.240627976441119E-03  2.7417439E-04  1.510312352409343E-01  2.7498752E-04 -7.735323229535056E-04  2.7756001E-04  9.762690117383721E-06          0
  50.0  7.882730686215971E-01  1.4866514E-04 -7.504072969666317E-04  1.9248418E-04  5.256717090534287E-01  2.2384692E-04 -1.534329424303185E-03  2.5088360E-04  3.240305616503105E-01  2.5916164E-04 -1.514519162573071E-03  2.6953533E-04  1.941732123815801E-01  2.7224922E-04 -1.025758834734053E-03  2.7605920E-04  1.163240090144206E-01  2.7678033E-04 -6.608500218474238E-04  2.7839331E-04  9.424628455799750E-06          0
  55.0  7.572698009603965E-01  1.6034989E-04 -8.602080225758608E-04  2.0229921E-04  4.760628435959113E-01  2.3446524E-04 -1.624345235459068E-03  2.5659099E-04  2.763207701101691E-01  2.6492060E-04 -1.386124084146187E-03  2.7222381E-04  1.570984524403230E-01  2.7471507E-04 -8.308576622539325E-04  2.7730257E-04  8.980095016682917E-02  2.7788608E-04 -6.991070021398109E-04  2.7883046E-04  9.115315717183899E-06          0
  60.0  7.258257305357568E-01  1.7138832E-04 -9.637952964883032E-04  2.1106458E-04  4.296740269715695E-01  2.4334805E-04 -1.648885885266609E-03  2.6107057E-04  2.353060303769153E-01  2.6902912E-04 -1.218458719338909E-03  2.7420943E-04  1.274166175280422E-01  2.7630497E-04 -7.092370733402342E-04  2.7810445E-04  6.943414772011436E-02  2.7859896E-04 -7.202931518257222E-04  2.7903332E-04  8.837428402412969E-06          0
  65.0  6.942245602402449E-01  1.8175829E-04 -1.056079739187849E-03  2.1885235E-04  3.868087457974214E-01  2.5062023E-04 -1.626998503595057E-03  2.6463715E-04  2.002454596130372E-01  2.7195290E-04 -1.049727256682433E-03  2.7567349E-04  1.034201003170653E-01  2.7738003E-04 -7.471399447959983E-04  2.7859411E-04  5.350559683564501E-02  2.7903466E-04 -6.766489998853902E-04  2.7915239E-04  8.583786186640763E-06          0
  70.0  6.627142438214753E-01  1.9140951E-04 -1.158773743511334E-03  2.2577468E-04  3.474038795546462E-01  2.5654920E-04 -1.565149694801654E-03  2.6747959E-04  1.705006210482620E-01  2.7402584E-04 -9.997910119179379E-04  2.7674635E-04  8.406263930515889E-02  2.7812023E-04 -7.167129889403017E-04  2.7887887E-04  4.127774545402674E-02  2.7926273E-04 -5.512724167762651E-04  2.7925305E-04  8.348521570991094E-06          0
  75.0  6.314401481347333E-01  2.0037741E-04 -1.274659936904726E-03  2.3191201E-04  3.114420409087260E-01  2.6132942E-04 -1.504042911466624E-03  2.6976139E-04  1.452375204187644E-01  2.7549948E-04 -9.103139317562288E-04  2.7753565E-04  6.837358437280658E-02  2.7862605E-04 -6.810800316229051E-04  2.7904799E-04  3.175631225709545E-02  2.7937045E-04 -5.924631044211868E-04  2.7934359E-04  8.129497716244729E-06          0
  80.0  6.005681221523888E-01  2.0866947E-04 -1.371197636259326E-03  2.3734499E-04  2.788012883530577E-01  2.6516262E-04 -1.386269885642902E-03  2.7159278E-04  1.238750185610330E-01  2.7655393E-04 -9.271074599082061E-04  2.7810673E-04  5.568358693940484E-02  2.7892915E-04 -7.577646475799141E-04  2.7919013E-04  2.432842296071700E-02  2.7949092E-04 -7.183382135858938E-04  2.7934227E-04  7.925841642947506E-06          0
  85.0  5.702367750477142E-01  2.1632140E-04 -1.445564554268281E-03  2.4213178E-04  2.494168424133655E-01  2.6819493E-04 -1.295585150474139E-03  2.7307512E-04  1.058896608854457E-01  2.7732960E-04 -9.379039426655509E-04  2.7849881E-04  4.535060254744987E-02  2.7914079E-04 -7.787540922002211E-04  2.7927430E-04  1.856851739748684E-02  2.7956328E-04 -6.999292346196956E-04  2.7934083E-04  7.733788735459864E-06          0
  90.0  5.405810308894942E-01  2.2334498E-04 -1.499028781846288E-03  2.4634401E-04  2.230745548210477E-01  2.7058286E-04 -1.230310802925435E-03  2.7427748E-04  9.059318076023834E-02  2.7789429E-04 -9.796274536630525E-04  2.7878241E-04  3.692735539023154E-02  2.7930605E-04 -7.493672647807003E-04  2.7930569E-04  1.409113303069794E-02  2.7959045E-04 -6.788283817863248E-04  2.7935666E-04  7.553529242683133E-06          0
  95.0  5.117410814167448E-01  2.2975029E-04 -1.574716029106666E-03  2.5004706E-04  1.995407998561862E-01  2.7246627E-04 -1.179797153840116E-03  2.7524459E-04  7.761742195346626E-02  2.7830070E-04 -9.807987839619658E-04  2.7899169E-04  3.012879334037711E-02  2.7941551E-04 -7.900353061942092E-04  2.7932670E-04  1.059757327296957E-02  2.7959226E-04 -6.021795139016969E-04  2.7938048E-04  7.382779414694780E-06          0
 100.0  4.837366150241236E-01  2.3559878E-04 -1.639235399552797E-03  2.5329084E-04  1.786369228779145E-01  2.7391469E-04 -1.083249761048760E-03  2.7604966E-04  6.656842357435022E-02  2.7863357E-04 -9.695293617026407E-04  2.7910865E-04  2.445010860347225E-02  2.7947775E-04 -7.824640992717808E-04  2.7935356E-04  7.795038419644517E-03  2.7958407E-04 -5.053990351275551E-04  2.7940386E-04  7.221791058873872E-06          0
 105.0  4.566741129904842E-01  2.4090016E-04 -1.654714584619138E-03  2.5613495E-04  1.600868253772188E-01  2.7502518E-04 -9.992313776870975E-04  2.7672365E-04  5.714309474829291E-02  2.7888428E-04 -1.002242889657993E-03  2.7918802E-04  1.968506081777116E-02  2.7949549E-04 -7.164023586182634E-04  2.7939682E-04  5.817043852352557E-03  2.7957118E-04 -5.583810212457737E-04  2.7942433E-04  7.069636796528729E-06          0
 110.0  4.306426263283777E-01  2.4567455E-04 -1.664561216788589E-03  2.5863065E-04  1.436400738573138E-01  2.7588555E-04 -9.474636173767390E-04  2.7727810E-04  4.910200591589029E-02  2.7907459E-04 -9.926370640181588E-04  2.7924004E-04  1.575558321123468E-02  2.7953069E-04 -6.967182866774056E-04  2.7940264E-04  4.279721653798300E-03  2.7952989E-04 -6.064701795242503E-04  2.7947000E-04  6.924630014849354E-06          0
 115.0  4.056687009416686E-01  2.4996852E-04 -1.658189621855405E-03  2.6081355E-04  1.291239186070207E-01  2.7654899E-04 -8.995788380138125E-04  2.7773438E-04  4.215192239307466E-02  2.7923254E-04 -1.018349502893432E-03  2.7926246E-04  1.251740262239458E-02  2.7951490E-04 -6.538224310868143E-04  2.7944463E-04  3.321320149631648E-03  2.7951291E-04 -6.121208375207408E-04  2.7948945E-04  6.786765112053445E-06          0
 120.0  3.818042998252584E-01  2.5380476E-04 -1.673204680341955E-03  2.6272855E-04  1.162873200502128E-01  2.7706527E-04 -8.528819119250355E-04  2.7810766E-04  3.619806264260748E-02  2.7932288E-04 -9.626484218931606E-04  2.7930448E-04  9.866595675536981E-03  2.7951374E-04 -5.985709243669167E-04  2.7946255E-04  2.747654578661826E-03  2.7950625E-04 -5.555864430186542E-04  2.7949853E-04  6.655343224494426E-06          0
 125.0  3.590896422808030E-01  2.5721351E-04 -1.683326897337576E-03  2.6441016E-04  1.049375127821116E-01  2.7749017E-04 -7.965592996722112E-04  2.7839138E-04  3.100862074508074E-02  2.7939537E-04 -9.493917260942730E-04  2.7933154E-04  7.848757956658972E-03  2.7954806E-04 -4.979294222453248E-04  2.7943816E-04  2.307713413421576E-03  2.7951131E-04 -4.705706643297743E-04  2.7949495E-04  6.529363429877240E-06          0
 130.0  3.375214387680035E-01  2.6022530E-04 -1.701132198326595E-03  2.6589632E-04  9.484646893640873E-02  2.7785826E-04 -8.017855018915691E-04  2.7859251E-04  2.648800269556581E-02  2.7945881E-04 -9.908068241021334E-04  2.7934246E-04  6.420011709923506E-03  2.7954951E-04 -4.523394397444078E-04  2.7944190E-04  2.030009059948022E-03  2.7950176E-04 -3.563408961096529E-04  2.7950594E-04  6.408313588867402E-06          0
 135.0  3.171113676631982E-01  2.6288291E-04 -1.729541610086982E-03  2.6720263E-04  8.593006425156793E-02  2.7815388E-04 -8.438444532183566E-04  2.7875214E-04  2.259171598029364E-02  2.7952275E-04 -1.020152508485610E-03  2.7933352E-04  5.285782469631063E-03  2.7953875E-04 -3.688993099087017E-04  2.7945648E-04  1.637188216017892E-03  2.7947345E-04 -2.843768016521510E-04  2.7953565E-04  6.292179140781660E-06          0
 140.0  2.978604050483106E-01  2.6520919E-04 -1.767919091711633E-03  2.6836067E-04  7.798734331396877E-02  2.7840280E-04 -8.474427521782732E-04  2.7887087E-04  1.910711367594455E-02  2.7956784E-04 -1.007838856515716E-03  2.7933039E-04  4.443384258703232E-03  2.7955577E-04 -2.759753025627920E-04  2.7944228E-04  1.422532696054006E-03  2.7949856E-04 -3.194141978487586E-04  2.7951131E-04  6.180547501895763E-06          0
 145.0  2.797582199374778E-01  2.6722677E-04 -1.818323133295507E-03  2.6939892E-04  7.083563828667987E-02  2.7860822E-04 -7.755455169082583E-04  2.7896615E-04  1.617267586223704E-02  2.7958238E-04 -8.955036477417494E-04  2.7934650E-04  3.768671614703290E-03  2.7953834E-04 -1.178929378338463E-04  2.7946152E-04  1.401086866998741E-03  2.7949540E-04 -2.987487871953408E-04  2.7951495E-04  6.073384370440704E-06          0
 150.0  2.628170922197476E-01  2.6898111E-04 -1.824861379105290E-03  2.7031472E-04  6.450420630647696E-02  2.7878565E-04 -7.340282264926505E-04  2.7903136E-04  1.360921614861469E-02  2.7957324E-04 -8.266695823357470E-04  2.7937801E-04  3.310209590274537E-03  2.7952084E-04 -7.228895197196490E-05  2.7948112E-04  1.462312042503961E-03  2.7954345E-04 -2.766288072199472E-04  2.7946721E-04  5.970577901606146E-06          0
 155.0  2.470208003017121E-01  2.7046854E-04 -1.861156032841208E-03  2.7115449E-04  5.867649334875610E-02  2.7893995E-04 -6.771163354331200E-04  2.7908059E-04  1.138290583865944E-02  2.7956469E-04 -7.675247856317699E-04  2.7940244E-04  2.964167078961392E-03  2.7948142E-04 -1.351984501691747E-05  2.7952246E-04  1.466802970456970E-03  2.7955775E-04 -3.107621756919496E-04  2.7945290E-04  5.871703552253024E-06          0
 160.0  2.323184634592343E-01  2.7174089E-04 -1.851384176987404E-03  2.7190969E-04  5.342001260355318E-02  2.7906371E-04 -6.739195021217602E-04  2.7912373E-04  9.629264047144908E-03  2.7956335E-04 -6.215538595330239E-04  2.7941378E-04  2.659970866045884E-03  2.7945446E-04  2.440469348658352E-04  2.7955098E-04  1.634269919078478E-03  2.7955502E-04 -3.470971935011536E-04  2.7945559E-04  5.776053920687755E-06          0
 165.0  2.187137614784961E-01  2.7282475E-04 -1.814225022014146E-03  2.7258461E-04  4.870898858686647E-02  2.7914257E-04 -6.619159287745061E-04  2.7918104E-04  8.132336077078252E-03  2.7956094E-04 -5.240782508838186E-04  2.7942308E-04  2.254723393173865E-03  2.7946525E-04  4.136119151930226E-04  2.7954135E-04  1.622874351819427E-03  2.7957705E-04 -3.892249253299919E-04  2.7943380E-04  5.683356551403032E-06          0
 170.0  2.061264823459113E-01  2.7372340E-04 -1.793807517259763E-03  2.7321394E-04  4.430480435148780E-02  2.7920231E-04 -6.553558490800492E-04  2.7923724E-04  6.886570811279644E-03  2.7953197E-04 -4.199725801753189E-04  2.7945646E-04  1.855780085418686E-03  2.7946701E-04  4.439715554537452E-04  2.7954043E-04  1.622954822820955E-03  2.7953382E-04 -3.101344772059756E-04  2.7947753E-04  5.593954133406949E-06          0
 175.0  1.945175542910471E-01  2.7446929E-04 -1.792611831136513E-03  2.7379312E-04  4.023998242648139E-02  2.7926024E-04 -6.363472796135398E-04  2.7927671E-04  5.860441631550825E-03  2.7951448E-04 -3.231603445622360E-04  2.7947642E-04  1.577091108328200E-03  2.7949713E-04  4.307514800624456E-04  2.7951084E-04  1.608500276542042E-03  2.7948293E-04 -2.154207893968976E-04  2.7952862E-04  5.507069916819589E-06          0
 180.0  1.838406803741526E-01  2.7509742E-04 -1.743464388390490E-03  2.7431295E-04  3.658169838332668E-02  2.7931801E-04 -6.706014748822193E-04  2.7929876E-04  5.095500779114854E-03  2.7947990E-04 -1.732023391126544E-04  2.7951229E-04  1.423286394614024E-03  2.7948104E-04  2.919074919853013E-04  2.7952697E-04  1.387330531596347E-03  2.7949603E-04  2.787967038690924E-05  2.7951571E-04  5.423773460167530E-06          0
 185.0  1.740396559712570E-01  2.7560321E-04 -1.686590669641286E-03  2.7480189E-04  3.313613775094718E-02  2.7936528E-04 -6.881130348389959E-04  2.7931928E-04  4.512097978589325E-03  2.7948468E-04 -1.121150946524599E-04  2.7950788E-04  1.279331217146800E-03  2.7948518E-04  1.462210280874446E-04  2.7952322E-04  1.088328084238831E-03  2.7948583E-04  2.967741033748924E-04  2.7952604E-04  5.343316296243769E-06          0
 190.0  1.651107316940575E-01  2.7602206E-04 -1.585172555167972E-03  2.7524071E-04  3.003686242340058E-02  2.7939450E-04 -7.176498335539428E-04  2.7934521E-04  3.949163646245115E-03  2.7950080E-04 -4.029677324475869E-06  2.7949205E-04  1.094493940215583E-03  2.7950801E-04 -3.774830169106142E-06  2.7950067E-04  8.009439740064056E-04  2.7946517E-04  5.452707071502861E-04  2.7954630E-04  5.265160322161995E-06          0
 195.0  1.569734250108429E-01  2.7636369E-04 -1.498533320235009E-03  2.7563982E-04  2.721191541447452E-02  2.7944864E-04 -7.645027459893990E-04  2.7933640E-04  3.508138550979050E-03  2.7950389E-04  3.287089707058253E-05  2.7948982E-04  1.158291410904841E-03  2.7952320E-04 -1.782661381140253E-04  2.7948572E-04  6.522450298405223E-04  2.7945286E-04  6.450037461704711E-04  2.7955874E-04  5.189275881493113E-06          0
 200.0  1.495946446071732E-01  2.7662557E-04 -1.377557606705556E-03  2.7601700E-04  2.454007875807001E-02  2.7949504E-04 -8.755002908280601E-04  2.7932873E-04  3.116840763258652E-03  2.7950687E-04  1.740103769907144E-05  2.7948854E-04  1.214077557915194E-03  2.7953008E-04 -2.589705032606630E-04  2.7947858E-04  6.267403860410509E-04  2.7944616E-04  7.465816913252793E-04  2.7956548E-04  5.115411418577833E-06          0
 205.0  1.428895981902772E-01  2.7682741E-04 -1.270664632108433E-03  2.7636841E-04  2.204569663730233E-02  2.7953575E-04 -9.606450262472838E-04  2.7932086E-04  2.847098413038545E-03  2.7949511E-04 -7.136145793478849E-05  2.7950214E-04  1.273432142998484E-03  2.7951133E-04 -2.796779365872372E-04  2.7949697E-04  6.934503380360037E-04  2.7944311E-04  6.538938724191256E-04  2.7956876E-04  5.043488375586162E-06          0
 210.0  1.368315216187209E-01  2.7698419E-04 -1.174911328012033E-03  2.7668900E-04  1.976600869203918E-02  2.7954884E-04 -1.030200719918887E-03  2.7933489E-04  2.690628704918588E-03  2.7950016E-04 -7.493954622622001E-05  2.7949849E-04  1.175662992493950E-03  2.7951861E-04 -4.040938734412681E-04  2.7948960E-04  6.920116741050245E-04  2.7942074E-04  5.465897889854157E-04  2.7959116E-04  4.974147461810860E-06          0
 215.0  1.313794442743772E-01  2.7710988E-04 -1.033304295194585E-03  2.7697483E-04  1.773012153009868E-02  2.7953537E-04 -1.105467575285133E-03  2.7936982E-04  2.513442239320408E-03  2.7952094E-04 -4.609203870947041E-05  2.7947897E-04  9.260738683998783E-04  2.7955214E-04 -3.199594607585390E-04  2.7945624E-04  6.011057315422300E-04  2.7940794E-04  5.479717077179800E-04  2.7960419E-04  4.906598280215270E-06          0
 220.0  1.264732518163717E-01  2.7720617E-04 -8.967227308772210E-04  2.7723413E-04  1.588213598580924E-02  2.7953448E-04 -1.133806982621358E-03  2.7938804E-04  2.239867169774481E-03  2.7953288E-04 -1.797294031501171E-05  2.7946852E-04  7.944490292010990E-04  2.7956279E-04 -2.764626747108626E-04  2.7944578E-04  4.848497894995744E-04  2.7940498E-04  2.700189208367090E-04  2.7960764E-04  4.841116956131816E-06          0
 225.0  1.220988691337266E-01  2.7727511E-04 -8.130965294337632E-04  2.7747051E-04  1.419588862716216E-02  2.7955830E-04 -1.215218523737331E-03  2.7937885E-04  2.027583742849475E-03  2.7953379E-04  1.029344278113975E-05  2.7946884E-04  8.605786552686513E-04  2.7959679E-04 -5.214688887334812E-05  2.7941214E-04  3.997661714532361E-04  2.7942552E-04 -4.758788389297145E-05  2.7958755E-04  4.777250167399884E-06          0
 230.0  1.181142163527466E-01  2.7734046E-04 -6.749285945045521E-04  2.7767365E-04  1.274288381280858E-02  2.7957296E-04 -1.228414554853169E-03  2.7937543E-04  1.874525038207372E-03  2.7953137E-04  1.846324636697066E-05  2.7947196E-04  8.856713890676381E-04  2.7958759E-04 -9.497592168499221E-06  2.7942179E-04  3.449220431249046E-04  2.7943271E-04 -1.537738324143875E-04  2.7958036E-04  4.715378442272565E-06          0
 235.0  1.145683427316024E-01  2.7737598E-04 -5.478400565344651E-04  2.7786915E-04  1.134458082507773E-02  2.7958500E-04 -1.282110184154961E-03  2.7937320E-04  1.720241593302758E-03  2.7950371E-04  1.060988398476924E-05  2.7949994E-04  9.013654057311754E-04  2.7952086E-04  1.237725721815935E-04  2.7948902E-04  3.032400475171445E-04  2.7945712E-04 -1.811747478204692E-04  2.7955583E-04  4.655026050144154E-06          0
 240.0  1.113888843036782E-01  2.7739336E-04 -3.950944331020398E-04  2.7805284E-04  1.003049705243683E-02  2.7956730E-04 -1.344629507685407E-03  2.7939915E-04  1.589308917185313E-03  2.7950122E-04  1.694401333372606E-05  2.7950260E-04  7.158185626792611E-04  2.7949097E-04  2.870039214853548E-04  2.7951911E-04  3.430450731763769E-04  2.7950548E-04 -3.388263873398345E-04  2.7950724E-04  4.596032285376323E-06          0
 245.0  1.085042027017375E-01  2.7741284E-04 -2.898900664424773E-04  2.7821095E-04  8.900101007659202E-03  2.7955443E-04 -1.387659334025385E-03  2.7941850E-04  1.555349227437583E-03  2.7950320E-04  1.004063864785618E-06  2.7950083E-04  5.773309156338074E-04  2.7946891E-04  4.122560646234403E-04  2.7954153E-04  4.675056827090438E-04  2.7951274E-04 -5.831379666031204E-04  2.7949964E-04  4.538686696620121E-06          0
 250.0  1.059448606543291E-01  2.7742544E-04 -1.934349024271442E-04  2.7835192E-04  7.891512458857644E-03  2.7951707E-04 -1.357965861429380E-03  2.7946105E-04  1.594623026275022E-03  2.7949780E-04  1.852150028920360E-05  2.7950614E-04  2.720845221467371E-04  2.7947019E-04  5.329185926857814E-04  2.7954059E-04  6.112841173071417E-04  2.7948975E-04 -7.199618880269135E-04  2.7952242E-04  4.482621869899539E-06          0
 255.0  1.035874260486733E-01  2.7743647E-04 -9.946796328572536E-05  2.7847869E-04  6.981483493966261E-03  2.7949306E-04 -1.397203422567738E-03  2.7948935E-04  1.587192799767385E-03  2.7949560E-04 -1.001871634012802E-04  2.7950845E-04  7.052219295009740E-05  2.7947122E-04  4.988200748609306E-04  2.7953941E-04  7.457308795295258E-04  2.7945751E-04 -5.957143917070819E-04  2.7955472E-04  4.428131548491020E-06          0
 260.0  1.014680483101267E-01  2.7743269E-04 -5.397899838489046E-05  2.7860381E-04  6.083568552795847E-03  2.7948784E-04 -1.423827481858692E-03  2.7949814E-04  1.524087292278646E-03  2.7952881E-04 -2.571674109338518E-04  2.7947519E-04  8.104170318979591E-06  2.7945350E-04  5.993025561221367E-04  2.7955713E-04  7.830904721335383E-04  2.7948839E-04 -4.387932844997118E-04  2.7952397E-04  4.374835259678501E-06          0
 265.0  9.951822720221214E-02  2.7744597E-04  1.697798752828142E-05  2.7869989E-04  5.393124049328767E-03  2.7946999E-04 -1.338476285481382E-03  2.7951806E-04  1.400037547138383E-03  2.7954427E-04 -3.054229451159190E-04  2.7945963E-04 -1.355487518553986E-04  2.7942426E-04  5.742571953390368E-04  2.7958654E-04  7.504600209513311E-04  2.7951922E-04 -2.259729517920752E-04  2.7949359E-04  4.322896228642058E-06          0
 270.0  9.770896161326645E-02  2.7745897E-04  1.142477193259689E-04  2.7878609E-04  4.771521377004400E-03  2.7944563E-04 -1.194003499528462E-03  2.7954419E-04  1.248065708664283E-03  2.7956378E-04 -3.444479399018027E-04  2.7944048E-04 -3.228026595567701E-04  2.7940125E-04  5.344656351225096E-04  2.7960976E-04  6.601368318008858E-04  2.7953111E-04 -1.042615491766753E-04  2.7948183E-04  4.272393863877388E-06          0
 275.0  9.602325119509646E-02  2.7747806E-04  2.300050173599190E-04  2.7885765E-04  4.255547803435054E-03  2.7942865E-04 -1.066131758866674E-03  2.7956203E-04  1.084539128474833E-03  2.7958114E-04 -3.460000313776963E-04  2.7942347E-04 -4.530745524623788E-04  2.7938620E-04  4.109291298809966E-04  2.7962498E-04  6.329754192856500E-04  2.7954774E-04 -6.882696918563825E-05  2.7946553E-04  4.222943147927889E-06          0
 280.0  9.446085559869886E-02  2.7750023E-04  3.395112428862572E-04  2.7891790E-04  3.820525612838974E-03  2.7943042E-04 -9.419387641618970E-04  2.7956078E-04  1.046451746611984E-03  2.7958149E-04 -2.826748867033253E-04  2.7942323E-04 -4.458766121780077E-04  2.7936518E-04  3.667549667560585E-04  2.7964623E-04  4.358148891418766E-04  2.7952379E-04 -2.375089268516041E-05  2.7948997E-04  4.174330292295505E-06          0
 285.0  9.296961547384250E-02  2.7752512E-04  4.569064127249481E-04  2.7897036E-04  3.440683188092854E-03  2.7941658E-04 -8.298634562510889E-04  2.7957491E-04  9.821806107252534E-04  2.7957369E-04 -2.140443038343327E-04  2.7943103E-04 -5.489163336774300E-04  2.7937199E-04  3.848902304157746E-04  2.7963922E-04  3.508354191204065E-04  2.7952178E-04  2.947948121677724E-05  2.7949195E-04  4.126965076305025E-06          0
 290.0  9.147869587506222E-02  2.7755386E-04  5.711779019363893E-04  2.7901812E-04  3.096185939158192E-03  2.7940461E-04 -7.326429187382135E-04  2.7958714E-04  9.279316072089855E-04  2.7959633E-04 -1.268820275060023E-04  2.7940839E-04 -6.368430208098802E-04  2.7939168E-04  4.435358662403195E-04  2.7961904E-04  1.303698773352695E-04  2.7954874E-04 -4.972596041096789E-05  2.7946463E-04  4.080473812805250E-06          0
 295.0  8.997718533354861E-02  2.7759920E-04  6.788489883542507E-04  2.7904869E-04  2.875025412473370E-03  2.7940916E-04 -6.296018380293352E-04  2.7958243E-04  8.380456499894977E-04  2.7959473E-04 -1.319941769069462E-05  2.7941029E-04 -6.049713718033536E-04  2.7945167E-04  4.116867098800032E-04  2.7955864E-04 -1.091163399550770E-04  2.7956470E-04 -2.636688868663915E-04  2.7944818E-04  4.035168343649645E-06          0
 300.0  8.849100875037326E-02  2.7764407E-04  7.823711308405578E-04  2.7907766E-04  2.667036476624456E-03  2.7940183E-04 -5.380620154492317E-04  2.7958960E-04  8.581240625137431E-04  2.7960003E-04  1.308501799919197E-04  2.7940503E-04 -6.583548645495250E-04  2.7947918E-04  4.818637665773159E-04  2.7953079E-04 -1.879847177451526E-04  2.7958860E-04 -3.351495231747228E-04  2.7942400E-04  3.990934979154893E-06          0
 305.0  8.697120162323754E-02  2.7770035E-04  8.637242295339309E-04  2.7909573E-04  2.537037840575781E-03  2.7940809E-04 -5.196032818307898E-04  2.7958308E-04  9.017034449487881E-04  2.7960423E-04  2.586520898171082E-04  2.7940087E-04 -6.139118696957075E-04  2.7949802E-04  4.533608034592704E-04  2.7951173E-04 -3.663510071285849E-04  2.7957067E-04 -3.192339283812417E-04  2.7944144E-04  3.947763494322343E-06          0
 310.0  8.542577361110576E-02  2.7775848E-04  9.963838020991568E-04  2.7911217E-04  2.421663861412074E-03  2.7942520E-04 -4.542215012252224E-04  2.7956540E-04  8.662089136034763E-04  2.7959581E-04  3.643788166924437E-04  2.7940953E-04 -4.895460928839442E-04  2.7949057E-04  3.465416922675718E-04  2.7951893E-04 -3.808798314991396E-04  2.7955887E-04 -3.417302009130507E-04  2.7945252E-04  3.905512224211095E-06          0
 315.0  8.387548879195109E-02  2.7781401E-04  1.128818922491558E-03  2.7913001E-04  2.295071072523485E-03  2.7943986E-04 -3.735388835516972E-04  2.7955013E-04  8.515624065900584E-04  2.7959047E-04  4.341589338394346E-04  2.7941473E-04 -3.817183335022051E-04  2.7948261E-04  2.243547201226753E-04  2.7952685E-04 -3.364318321323755E-04  2.7956896E-04 -4.282354624356878E-04  2.7944162E-04  3.864015626128100E-06          0
 320.0  8.228944498658204E-02  2.7787777E-04  1.227960900630586E-03  2.7914031E-04  2.224257614187774E-03  2.7945579E-04 -3.872802711455705E-04  2.7953401E-04  8.605916854909100E-04  2.7958661E-04  4.220652949332277E-04  2.7941859E-04 -2.671808496838384E-04  2.7945875E-04  1.117004844042239E-04  2.7955091E-04 -2.240998465630063E-04  2.7960738E-04 -2.072563347366626E-04  2.7940289E-04  3.823435664438220E-06          0
 325.0  8.070296859059663E-02  2.7793704E-04  1.295165072961730E-03  2.7915397E-04  2.130364996152194E-03  2.7947724E-04 -4.034450988802433E-04  2.7951248E-04  7.332880011951778E-04  2.7957125E-04  4.185718952009898E-04  2.7943434E-04 -1.140560954421264E-04  2.7946690E-04 -5.059648314027800E-05  2.7954290E-04 -9.883266759869348E-06  2.7957900E-04  6.026907300637346E-05  2.7943142E-04  3.783805164225228E-06          0
 330.0  7.903794246723848E-02  2.7799886E-04  1.359821667130766E-03  2.7916725E-04  2.039680632458522E-03  2.7948503E-04 -4.367040155408926E-04  2.7950427E-04  6.607112540023531E-04  2.7955427E-04  3.689226378083598E-04  2.7945157E-04 -5.566186269266505E-05  2.7947786E-04 -2.022101124682734E-04  2.7953175E-04  1.463337060073956E-04  2.7954882E-04  1.705075267910764E-04  2.7946192E-04  3.744864621783996E-06          0
 335.0  7.737928856134615E-02  2.7805733E-04  1.431544863208531E-03  2.7918164E-04  1.938957543579786E-03  2.7948577E-04 -4.844169754315147E-04  2.7950370E-04  5.748803881477408E-04  2.7952343E-04  1.982204739068793E-04  2.7948246E-04 -5.102729109066665E-05  2.7949982E-04 -3.523640720970410E-04  2.7950965E-04  2.405017654743805E-04  2.7950813E-04  2.817548808752546E-04  2.7950368E-04  3.706819754365053E-06          0
 340.0  7.568565081777433E-02  2.7811158E-04  1.487187369276154E-03  2.7920022E-04  1.809446326598420E-03  2.7951502E-04 -5.275487401734350E-04  2.7947433E-04  5.012936322414816E-04  2.7949268E-04  1.037074786801529E-04  2.7951323E-04  1.601537246590420E-04  2.7952380E-04 -4.580169036558865E-04  2.7948511E-04  1.958606400341775E-04  2.7951263E-04  2.515985192673824E-04  2.7950019E-04  3.669526879442649E-06          0
 345.0  7.395874241061398E-02  2.7815880E-04  1.483468539491221E-03  2.7922610E-04  1.630778778104029E-03  2.7954378E-04 -5.827721227781963E-04  2.7944577E-04  3.343405407123866E-04  2.7945793E-04  2.164680319711772E-05  2.7954791E-04  3.660792312763206E-04  2.7955099E-04 -4.742591569366906E-04  2.7945782E-04  3.745551190508409E-05  2.7954929E-04  2.351456112768221E-04  2.7946388E-04  3.633102989223011E-06          0
 350.0  7.223807381651287E-02  2.7821226E-04  1.515388954342392E-03  2.7924411E-04  1.509914186230917E-03  2.7956383E-04 -6.335145860352793E-04  2.7942596E-04  1.689873515742497E-04  2.7943588E-04 -3.204760205081689E-05  2.7957016E-04  5.107321106150269E-04  2.7955510E-04 -3.465114633255435E-04  2.7945304E-04 -6.682992157183318E-05  2.7956910E-04  1.139120653759171E-04  2.7944409E-04  3.597397759912764E-06          0
 355.0  7.054429017001150E-02  2.7825377E-04  1.511030112715778E-03  2.7927138E-04  1.323090356298816E-03  2.7956406E-04 -6.827721883600373E-04  2.7942635E-04  8.501289782312278E-05  2.7942881E-04 -7.195355429554420E-05  2.7957744E-04  5.110806386097483E-04  2.7954980E-04 -1.237206252818421E-04  2.7945822E-04 -2.435082259462852E-04  2.7959165E-04  1.774388364213908E-04  2.7942162E-04  3.562322438702298E-06          0
 360.0  6.884413726823202E-02  2.7829425E-04  1.508906673567434E-03  2.7929848E-04  1.139158981675381E-03  2.7958343E-04 -7.272202135355419E-04  2.7940732E-04  3.771300555516735E-05  2.7941347E-04 -1.295529409157662E-04  2.7959268E-04  6.507009673159601E-04  2.7955348E-04  6.319947433852704E-05  2.7945416E-04 -3.407073790713343E-04  2.7955489E-04  1.227889749799800E-04  2.7945862E-04  3.527939559384449E-06          0
 365.0  6.715455344120463E-02  2.7833202E-04  1.545405847740529E-03  2.7932603E-04  9.511953928822933E-04  2.7958899E-04 -7.479915051897626E-04  2.7940193E-04  8.027675271959343E-05  2.7941328E-04 -1.949552817229079E-04  2.7959276E-04  6.921415365738274E-04  2.7955220E-04  5.047814292438384E-05  2.7945571E-04 -3.355921844465835E-04  2.7953643E-04  1.822539324668915E-04  2.7947759E-04  3.494068250318942E-06          0
 370.0  6.549188645224135E-02  2.7837008E-04  1.543210324922716E-03  2.7935110E-04  7.817506535559662E-04  2.7959769E-04 -8.184975387700526E-04  2.7939342E-04  3.779132351138901E-05  2.7940974E-04 -1.691306975243630E-04  2.7959609E-04  7.554498914474574E-04  2.7957522E-04  6.478372668359921E-05  2.7943290E-04 -3.314824239839859E-04  2.7954058E-04  2.774573499596796E-04  2.7947365E-04  3.461039706274437E-06          0
 375.0  6.384532528460098E-02  2.7839949E-04  1.490869533308555E-03  2.7938296E-04  5.643839948903717E-04  2.7959914E-04 -9.388819580291478E-04  2.7939247E-04  7.713535373569930E-05  2.7940759E-04 -1.058878464616664E-04  2.7959834E-04  7.631315792245225E-04  2.7961444E-04  2.646542370551163E-05  2.7939401E-04 -2.953331790441487E-04  2.7950771E-04  3.031494319480328E-04  2.7950649E-04  3.428674448638620E-06          0
 380.0  6.225346912976173E-02  2.7842321E-04  1.459826547968812E-03  2.7941703E-04  3.319953890441949E-04  2.7959346E-04 -1.039298647797758E-03  2.7939881E-04  1.549528074605079E-04  2.7940044E-04  4.011752552335016E-06  2.7960548E-04  7.184114043302548E-04  2.7959742E-04  6.227855363368935E-05  2.7941166E-04 -5.765547529470478E-05  2.7947457E-04  3.291027166564825E-04  2.7953965E-04  3.396812976181406E-06          0
 385.0  6.070663122340696E-02  2.7844962E-04  1.416078396440333E-03  2.7944551E-04  1.389844264506494E-04  2.7960784E-04 -1.104049450380261E-03  2.7938516E-04  1.541078110643824E-04  2.7939320E-04  7.917392961481909E-05  2.7961235E-04  8.177952612784684E-04  2.7954208E-04  2.421826575890104E-05  2.7946713E-04  1.601901699298027E-04  2.7945629E-04  2.780313382335753E-04  2.7955801E-04  3.365496287808944E-06          0
 390.0  5.925657722289600E-02  2.7848104E-04  1.377051260821253E-03  2.7946482E-04  1.358565052082594E-05  2.7961329E-04 -1.100172513983046E-03  2.7938062E-04  1.490286990215777E-04  2.7938854E-04  7.031592617969596E-05  2.7961676E-04  8.518969406153960E-04  2.7951380E-04  1.642611116347122E-04  2.7949576E-04  3.673363693159144E-04  2.7943119E-04  1.282136841760096E-04  2.7958283E-04  3.334682872062282E-06          0
 395.0  5.782436493107987E-02  2.7850848E-04  1.310241843850525E-03  2.7948606E-04 -1.279123680995147E-04  2.7961322E-04 -1.102281350090730E-03  2.7938120E-04  9.285886620805916E-05  2.7940833E-04  1.781292861382722E-05  2.7959692E-04  8.488803939107995E-04  2.7948161E-04  3.774712211367454E-04  2.7952838E-04  4.562300100304401E-04  2.7942617E-04  1.520350141432866E-04  2.7958792E-04  3.304631942916587E-06          0
 400.0  5.648578051913673E-02  2.7852440E-04  1.214064369681040E-03  2.7951381E-04 -3.184691598872057E-04  2.7962909E-04 -1.132464675940290E-03  2.7936556E-04  6.920064298536583E-05  2.7938198E-04 -7.341325557448663E-05  2.7962351E-04  9.613004749226246E-04  2.7944517E-04  6.244038059139487E-04  2.7956458E-04  3.663470390367456E-04  2.7945182E-04  1.907408478586756E-04  2.7956202E-04  3.275069469709551E-06          0
 405.0  5.521973668294130E-02  2.7853707E-04  1.120352905008075E-03  2.7954156E-04 -5.098613666497585E-04  2.7962473E-04 -1.179596105944319E-03  2.7937012E-04  2.629466110883283E-05  2.7936079E-04 -4.523311126902311E-05  2.7964461E-04  9.288255098447273E-04  2.7942646E-04  8.534532992026816E-04  2.7958316E-04  2.096674078046655E-04  2.7946464E-04  2.185428653028975E-04  2.7954885E-04  3.245990213147869E-06          0
 410.0  5.398632464219369E-02  2.7854529E-04  1.028725848894278E-03  2.7957157E-04 -7.173993879826905E-04  2.7962351E-04 -1.256373642817039E-03  2.7937175E-04 -2.552626672147184E-06  2.7932362E-04 -1.354738102980657E-05  2.7968148E-04  9.183671084114985E-04  2.7942739E-04  8.909481411636915E-04  2.7958232E-04  1.924303962584754E-04  2.7949585E-04  3.179991685302740E-04  2.7951761E-04  3.217507025130271E-06          0
 415.0  5.285014539593572E-02  2.7855403E-04  9.422385651230013E-04  2.7959723E-04 -8.948659651706344E-04  2.7962645E-04 -1.344784694495077E-03  2.7936883E-04 -1.171945124049674E-04  2.7929598E-04  1.872393637596017E-05  2.7970877E-04  9.378694675535636E-04  2.7945292E-04  9.016598683274587E-04  2.7955651E-04  1.456933133753613E-04  2.7950141E-04  2.755354117569095E-04  2.7951195E-04  3.189407988829150E-06          0
 420.0  5.179104431872165E-02  2.7856974E-04  8.502906112131577E-04  2.7961303E-04 -1.001315104388631E-03  2.7961066E-04 -1.478961483492650E-03  2.7938466E-04 -2.362477028939450E-04  2.7928255E-04  1.299609206241182E-04  2.7972186E-04  8.237997474626544E-04  2.7948409E-04  8.684067284966761E-04  2.7952520E-04  9.221912229185055E-05  2.7954423E-04  2.652305563358542E-04  2.7946914E-04  3.161687373741311E-06          0
 425.0  5.084350848238081E-02  2.7859202E-04  7.698360329429081E-04  2.7961807E-04 -1.031888979344345E-03  2.7960245E-04 -1.580774709386483E-03  2.7939322E-04 -3.216151326308557E-04  2.7929593E-04  2.093679448027518E-04  2.7970814E-04  7.639722641521473E-04  2.7949762E-04  7.747672830670771E-04  2.7951165E-04  1.418946627059820E-04  2.7954648E-04  2.684255772310172E-04  2.7946645E-04  3.134455076458018E-06          0
 430.0  4.995353138787176E-02  2.7861155E-04  7.078172040460958E-04  2.7962357E-04 -1.065072241358372E-03  2.7959361E-04 -1.725202548212993E-03  2.7940224E-04 -4.600398266773121E-04  2.7932940E-04  2.063000394946038E-04  2.7967475E-04  6.994225935651431E-04  2.7949378E-04  6.559564749856719E-04  2.7951538E-04  1.846684959064788E-04  2.7954860E-04  1.758888579125286E-04  2.7946427E-04  3.107712064472212E-06          0
 435.0  4.914448337500563E-02  2.7862107E-04  6.882140261006952E-04  2.7963665E-04 -1.153351741767001E-03  2.7959117E-04 -1.946943651291247E-03  2.7940455E-04 -4.909585952941958E-04  2.7936461E-04  3.030458525369053E-04  2.7963956E-04  6.810540350293836E-04  2.7950518E-04  5.366324669884385E-04  2.7950368E-04  4.000270410180506E-04  2.7951812E-04  1.392054675316919E-04  2.7949452E-04  3.081520792898332E-06          0
 440.0  4.846370644313138E-02  2.7861997E-04  6.416066859331871E-04  2.7965614E-04 -1.287883951512053E-03  2.7959884E-04 -2.085038867791493E-03  2.7939678E-04 -5.154458113635446E-04  2.7941726E-04  3.674301283485798E-04  2.7958692E-04  7.350574083234470E-04  2.7951367E-04  4.658090266912602E-04  2.7949491E-04  4.349427441646843E-04  2.7952885E-04  3.111767684744498E-04  2.7948357E-04  3.055692199071421E-06          0
 445.0  4.780366083910948E-02  2.7862055E-04  6.185746393633199E-04  2.7967347E-04 -1.405898621756396E-03  2.7959700E-04 -2.204789017188645E-03  2.7939877E-04 -5.426994158484983E-04  2.7946844E-04  4.935065470608536E-04  2.7953543E-04  7.206485869698485E-04  2.7954065E-04  4.145631623889806E-04  2.7946825E-04  3.466810960836388E-04  2.7954185E-04  2.797489162558821E-04  2.7947047E-04  3.030300415975890E-06          0
 450.0  4.722579740001737E-02  2.7861678E-04  5.654192059548638E-04  2.7969231E-04 -1.534870813285024E-03  2.7959736E-04 -2.354102361919417E-03  2.7939827E-04 -5.482239777037682E-04  2.7951719E-04  7.062548398815133E-04  2.7948623E-04  7.222858696630330E-04  2.7955152E-04  4.863507983618694E-04  2.7945765E-04  2.798583534760548E-04  2.7949482E-04  1.617771554258263E-04  2.7951751E-04  3.005297287095201E-06          0
 455.0  4.677654870494701E-02  2.7860379E-04  5.409656090703807E-04  2.7971682E-04 -1.705137891162664E-03  2.7958920E-04 -2.507910607282271E-03  2.7940628E-04 -4.957696490653634E-04  2.7953413E-04  7.905887675370340E-04  2.7946941E-04  6.620682781988553E-04  2.7957706E-04  5.966380025473103E-04  2.7943214E-04  2.195130815546724E-04  2.7951915E-04 -2.528838415770682E-05  2.7949328E-04  2.980772288373706E-06          0
 460.0  4.636936705826403E-02  2.7860694E-04  5.247588864314880E-04  2.7972420E-04 -1.752507863202126E-03  2.7956946E-04 -2.660285331465305E-03  2.7942591E-04 -4.413530295964731E-04  2.7953168E-04  7.976006532946304E-04  2.7947200E-04  5.171077189944646E-04  2.7961601E-04  6.413636886033288E-04  2.7939285E-04  1.811577065237046E-04  2.7952489E-04 -2.081040386012051E-04  2.7948727E-04  2.956753516508146E-06          0
 465.0  4.602194825754447E-02  2.7861268E-04  5.078452469820284E-04  2.7972750E-04 -1.771280320582650E-03  2.7955532E-04 -2.798949711113784E-03  2.7943992E-04 -4.201990710365815E-04  2.7954692E-04  7.677676838299925E-04  2.7945662E-04  4.126591423648109E-04  2.7962305E-04  6.848665553265350E-04  2.7938571E-04  1.859237397136684E-04  2.7951691E-04 -4.032515127931880E-04  2.7949518E-04  2.933018105987718E-06          0
 470.0  4.576320617984388E-02  2.7861277E-04  4.991763977954881E-04  2.7973369E-04 -1.811609498354010E-03  2.7955523E-04 -2.897682851817421E-03  2.7943981E-04 -3.511351368026094E-04  2.7956146E-04  7.934461268539398E-04  2.7944215E-04  4.089107244186659E-04  2.7963997E-04  6.734151995643190E-04  2.7936894E-04  1.104881972852976E-04  2.7951314E-04 -7.409540555158135E-04  2.7949860E-04  2.909644254940322E-06          0
 475.0  4.556075274467558E-02  2.7861276E-04  5.188529517085008E-04  2.7973824E-04 -1.841521596147504E-03  2.7956320E-04 -3.014082165104703E-03  2.7943129E-04 -2.164426245443857E-04  2.7960150E-04  8.131430522160631E-04  2.7940218E-04  4.643208719090315E-04  2.7964352E-04  7.985480046587897E-04  2.7936596E-04 -5.321131083954456E-05  2.7952468E-04 -9.373121219780404E-04  2.7948675E-04  2.886612742155424E-06          0
 480.0  4.542498687872508E-02  2.7861916E-04  5.287558996411124E-04  2.7973426E-04 -1.811249700113648E-03  2.7957488E-04 -3.178754385584590E-03  2.7941903E-04 -1.487003523492973E-04  2.7959904E-04  8.472290232055227E-04  2.7940440E-04  5.459885754648804E-04  2.7961903E-04  9.973351126753266E-04  2.7939139E-04 -2.483274641359545E-04  2.7948815E-04 -1.030042431669879E-03  2.7952333E-04  2.863854056594560E-06          0
 485.0  4.537882785398026E-02  2.7862387E-04  5.569711264027664E-04  2.7972962E-04 -1.776534476789766E-03  2.7958168E-04 -3.271551705652022E-03  2.7941160E-04 -2.213116066069125E-04  2.7960205E-04  8.001151335869532E-04  2.7940134E-04  5.936293814966839E-04  2.7958554E-04  1.187705739675566E-03  2.7942550E-04 -3.984979790960124E-04  2.7949908E-04 -1.158775641826146E-03  2.7951265E-04  2.841628893258744E-06          0
 490.0  4.536215836529926E-02  2.7863165E-04  6.164055432330353E-04  2.7972138E-04 -1.716646319071176E-03  2.7959851E-04 -3.320961727980330E-03  2.7939413E-04 -1.891665961730979E-04  2.7958344E-04  7.186796657599984E-04  2.7941978E-04  7.141486095318778E-04  2.7952409E-04  1.126839117626246E-03  2.7948748E-04 -5.182036878687484E-04  2.7942493E-04 -1.185284960989613E-03  2.7958732E-04  2.819697955265445E-06          0
 495.0  4.539549107003608E-02  2.7863713E-04  7.311396607047967E-04  2.7971407E-04 -1.664001870551712E-03  2.7961683E-04 -3.389776262724250E-03  2.7937532E-04 -1.310000743818076E-04  2.7957735E-04  5.777332561681374E-04  2.7942587E-04  8.449950065928079E-04  2.7949111E-04  1.040725687773284E-03  2.7952047E-04 -5.260856668647790E-04  2.7939282E-04 -1.180568029838920E-03  2.7961999E-04  2.798143514888861E-06          0
 500.0  4.546097038751735E-02  2.7863391E-04  8.487598957746871E-04  2.7971417E-04 -1.664672256692652E-03  2.7962771E-04 -3.449587264702248E-03  2.7936400E-04 -2.163519826813777E-04  2.7955652E-04  4.120923879156396E-04  2.7944643E-04  9.228732702755997E-04  2.7950431E-04  9.048046608761046E-04  2.7950740E-04 -4.205305848652869E-04  2.7939016E-04 -1.249612187479613E-03  2.7962255E-04  2.776776055186046E-06          0
 505.0  4.553814522450602E-02  2.7863216E-04  9.758703643949851E-04  2.7971271E-04 -1.654003697011116E-03  2.7963535E-04 -3.441472547694928E-03  2.7935609E-04 -3.851683698322573E-04  2.7955165E-04  2.808531664176003E-04  2.7945130E-04  9.779838893458968E-04  2.7953090E-04  8.061644663511088E-04  2.7948091E-04 -2.502761295642552E-04  2.7939482E-04 -1.260014605134640E-03  2.7961812E-04  2.755918847166182E-06          0
 510.0  4.566698246431340E-02  2.7863506E-04  1.125843799476592E-03  2.7970510E-04 -1.600610292918145E-03  2.7962896E-04 -3.431135392092833E-03  2.7936234E-04 -5.703959670057476E-04  2.7952130E-04  2.240153032325797E-04  2.7948110E-04  9.323428157283998E-04  2.7953594E-04  6.398289076037398E-04  2.7947560E-04 -6.717566615690765E-05  2.7942333E-04 -1.227757363337938E-03  2.7958978E-04  2.735371811847916E-06          0
 515.0  4.580394594523821E-02  2.7863757E-04  1.267382159932122E-03  2.7969769E-04 -1.548490817374323E-03  2.7962840E-04 -3.415412688340373E-03  2.7936231E-04 -7.467897017815119E-04  2.7947174E-04  5.259007849497824E-05  2.7952986E-04  9.294256478593891E-04  2.7955590E-04  4.097175333795622E-04  2.7945535E-04  8.295594382523632E-05  2.7946704E-04 -1.125898108072803E-03  2.7954586E-04  2.715078145977986E-06          0
 520.0  4.590991551918443E-02  2.7863707E-04  1.427336375633459E-03  2.7969414E-04 -1.525089842106713E-03  2.7962942E-04 -3.367707124184320E-03  2.7936107E-04 -8.997093002368875E-04  2.7942939E-04 -1.264378901669386E-04  2.7957114E-04  9.372724806427475E-04  2.7952092E-04  2.396266806103037E-04  2.7949021E-04  3.527029769522472E-04  2.7950862E-04 -9.234061610971854E-04  2.7950418E-04  2.695039729908084E-06          0
 525.0  4.597351459657469E-02  2.7863191E-04  1.593093537466323E-03  2.7969570E-04 -1.539507423220760E-03  2.7965284E-04 -3.345975342809633E-03  2.7933729E-04 -1.133257037310326E-03  2.7942960E-04 -2.845609909373626E-04  2.7956952E-04  1.106104278024194E-03  2.7947864E-04  1.395381110771298E-04  2.7953200E-04  6.333995084639593E-04  2.7950482E-04 -8.097845241619534E-04  2.7950766E-04  2.675151143940978E-06          0
 530.0  4.601643911707266E-02  2.7863129E-04  1.789552125246147E-03  2.7969299E-04 -1.524502283497953E-03  2.7965447E-04 -3.261834585332174E-03  2.7933521E-04 -1.311407076166946E-03  2.7943928E-04 -4.300550080119298E-04  2.7955823E-04  1.119050214794692E-03  2.7946821E-04  9.760772414428847E-05  2.7954229E-04  8.723541463100927E-04  2.7950007E-04 -7.995809936664687E-04  2.7951202E-04  2.655621983039926E-06          0
 535.0  4.608183284905606E-02  2.7863060E-04  1.950955021434718E-03  2.7968967E-04 -1.506743167123244E-03  2.7965133E-04 -3.179396223784468E-03  2.7933815E-04 -1.482237038813814E-03  2.7944766E-04 -5.892455730206422E-04  2.7954832E-04  1.096872669661483E-03  2.7946701E-04  2.621590920947613E-05  2.7954330E-04  1.026656193482511E-03  2.7951746E-04 -6.752752504273499E-04  2.7949443E-04  2.636514979407011E-06          0
 540.0  4.611732013644619E-02  2.7863467E-04  2.114956031303177E-03  2.7968269E-04 -1.462712808608549E-03  2.7963930E-04 -3.129153587186941E-03  2.7934987E-04 -1.602888463931490E-03  2.7945676E-04 -7.641158755586654E-04  2.7953797E-04  1.010983600805761E-03  2.7949780E-04 -4.385063689857417E-05  2.7951241E-04  1.094216024843623E-03  2.7953500E-04 -4.358883322794001E-04  2.7947714E-04  2.617654485220026E-06          0
 545.0  4.612442076067605E-02  2.7864166E-04  2.261623480518574E-03  2.7967350E-04 -1.402263464220911E-03  2.7960641E-04 -3.003411142247087E-03  2.7938270E-04 -1.534496502300940E-03  2.7946111E-04 -8.019380111313297E-04  2.7953269E-04  7.758553095385301E-04  2.7949514E-04 -2.423672349568239E-05  2.7951517E-04  1.103679570095264E-03  2.7947518E-04 -3.384588892024189E-04  2.7953735E-04  2.599042494099985E-06          0
 550.0  4.607261451115838E-02  2.7864699E-04  2.401563914118515E-03  2.7966747E-04 -1.365540380772375E-03  2.7957357E-04 -2.856295547786652E-03  2.7941526E-04 -1.550705773419105E-03  2.7944708E-04 -8.018169093632788E-04  2.7954603E-04  5.418253942174536E-04  2.7948733E-04 -1.434487837138355E-04  2.7952272E-04  1.006427248051193E-03  2.7941139E-04 -3.611733589965974E-04  2.7960148E-04  2.580754403698560E-06          0
 555.0  4.598910938552846E-02  2.7866032E-04  2.531566244321506E-03  2.7965398E-04 -1.276858783681202E-03  2.7956343E-04 -2.720393940229392E-03  2.7942514E-04 -1.435782195689621E-03  2.7942512E-04 -7.571537809877961E-04  2.7956829E-04  4.709770532587785E-04  2.7949314E-04 -2.976607622046454E-04  2.7951666E-04  8.959677492203662E-04  2.7941910E-04 -5.651704147327752E-04  2.7959347E-04  2.562678142322013E-06          0
 560.0  4.587940837221319E-02  2.7867724E-04  2.659419274903970E-03  2.7963770E-04 -1.168949912309561E-03  2.7953535E-04 -2.613252341320802E-03  2.7945323E-04 -1.382274247290278E-03  2.7942960E-04 -6.008704276759777E-04  2.7956419E-04  2.714709102428388E-04  2.7950994E-04 -4.792876585830945E-04  2.7949945E-04  7.327123330234629E-04  2.7945569E-04 -7.777356899396930E-04  2.7955646E-04  2.545010714586533E-06          0
 565.0  4.572097809177419E-02  2.7868362E-04  2.807947877097529E-03  2.7963323E-04 -1.146521215134390E-03  2.7950911E-04 -2.607900475565536E-03  2.7947943E-04 -1.352559834305254E-03  2.7944313E-04 -6.082611750980885E-04  2.7955144E-04  8.564254717548883E-05  2.7950126E-04 -6.710534078090994E-04  2.7950794E-04  5.112952762776807E-04  2.7947119E-04 -1.005889568328180E-03  2.7954070E-04  2.527494789742344E-06          0
 570.0  4.548365362319092E-02  2.7869383E-04  2.948105594870513E-03  2.7962725E-04 -1.111486353223084E-03  2.7947593E-04 -2.591891752100920E-03  2.7951276E-04 -1.323649933117846E-03  2.7945227E-04 -6.070216910817641E-04  2.7954266E-04 -1.506003741971108E-04  2.7948236E-04 -8.800021211078626E-04  2.7952687E-04  4.266386555786479E-04  2.7950647E-04 -1.244264845983829E-03  2.7950539E-04  2.510187185700440E-06          0
 575.0  4.519964282510906E-02  2.7871343E-04  3.094030751482807E-03  2.7961317E-04 -1.020229857706858E-03  2.7944588E-04 -2.495427953685257E-03  2.7954291E-04 -1.298203105996406E-03  2.7944418E-04 -5.108869790697052E-04  2.7955088E-04 -3.637709331973546E-04  2.7947321E-04 -1.080752677794584E-03  2.7953582E-04  3.644003703384504E-04  2.7949544E-04 -1.309587462959048E-03  2.7951608E-04  2.493110195579602E-06          0
 580.0  4.487694547405334E-02  2.7872509E-04  3.264281654615133E-03  2.7960767E-04 -9.924979149044560E-04  2.7941551E-04 -2.484490606659390E-03  2.7957289E-04 -1.124837502003938E-03  2.7948286E-04 -5.276326864234848E-04  2.7951283E-04 -5.785215674355677E-04  2.7949184E-04 -1.310286788871533E-03  2.7951744E-04  5.155792815697510E-04  2.7947689E-04 -1.398046813815285E-03  2.7953408E-04  2.476234834510641E-06          0
 585.0  4.448852290065958E-02  2.7873492E-04  3.446201800091174E-03  2.7960628E-04 -9.929604153169802E-04  2.7938568E-04 -2.484952250042998E-03  2.7960283E-04 -9.236023257776578E-04  2.7952919E-04 -6.015508419749306E-04  2.7946681E-04 -7.895140791400518E-04  2.7955445E-04 -1.496095400250551E-03  2.7945522E-04  4.775293312036011E-04  2.7943714E-04 -1.290937989767248E-03  2.7957326E-04  2.459602440034615E-06          0
 590.0  4.406647665328724E-02  2.7873890E-04  3.597587341615519E-03  2.7961129E-04 -1.039839498639234E-03  2.7935694E-04 -2.465665507408603E-03  2.7963150E-04 -7.376287008452596E-04  2.7953950E-04 -6.888873523905076E-04  2.7945692E-04 -9.923497073701787E-04  2.7958097E-04 -1.525511017353270E-03  2.7942849E-04  4.141151594686863E-04  2.7944303E-04 -1.126640471604114E-03  2.7956740E-04  2.443189402400019E-06          0
 595.0  4.360310503716965E-02  2.7874639E-04  3.728955639977501E-03  2.7961422E-04 -1.070069697584379E-03  2.7933933E-04 -2.438569149614048E-03  2.7964899E-04 -6.150610487214540E-04  2.7953827E-04 -8.137904835777282E-04  2.7945806E-04 -1.116178078465101E-03  2.7956698E-04 -1.450123909024237E-03  2.7944274E-04  2.426677807724328E-04  2.7945653E-04 -1.063901594738154E-03  2.7955388E-04  2.426954222084182E-06          0
 600.0  4.306364746081043E-02  2.7875567E-04  3.897934149910597E-03  2.7961675E-04 -1.099704156752515E-03  2.7932836E-04 -2.402378707548334E-03  2.7965936E-04 -4.315378302404324E-04  2.7954027E-04 -9.576210659301785E-04  2.7945632E-04 -1.191015309753547E-03  2.7954840E-04 -1.277876347182368E-03  2.7946127E-04  1.083958552439740E-04  2.7946399E-04 -1.141382387458609E-03  2.7954583E-04  2.411035110007242E-06          0
 605.0  4.249445493544925E-02  2.7877028E-04  4.031911980131792E-03  2.7961489E-04 -1.096571399868504E-03  2.7932031E-04 -2.362926938474813E-03  2.7966676E-04 -2.977338746914447E-04  2.7954003E-04 -1.018967155921311E-03  2.7945733E-04 -1.244559258009096E-03  2.7954347E-04 -9.841430012651302E-04  2.7946647E-04 -1.625892796146629E-04  2.7950139E-04 -1.236535376531367E-03  2.7950816E-04  2.395226204516610E-06          0
 610.0  4.190332562671958E-02  2.7878526E-04  4.188728905033027E-03  2.7961335E-04 -1.094583352489872E-03  2.7933609E-04 -2.372077188329471E-03  2.7965071E-04 -2.321852225031431E-04  2.7953130E-04 -1.129549855202485E-03  2.7946647E-04 -1.129794454457598E-03  2.7954815E-04 -8.015262054285769E-04  2.7946167E-04 -1.678607690155193E-04  2.7951561E-04 -1.252231532392740E-03  2.7949318E-04  2.379678323680421E-06          0
 615.0  4.126557158661878E-02  2.7879652E-04  4.317975579125856E-03  2.7961670E-04 -1.125862824178029E-03  2.7934118E-04 -2.316078432619569E-03  2.7964572E-04 -2.021386917040359E-04  2.7951574E-04 -1.294862599541368E-03  2.7948245E-04 -1.093857529879949E-03  2.7953764E-04 -6.520347216532523E-04  2.7947233E-04 -3.042214994735152E-04  2.7950216E-04 -1.185726837068896E-03  2.7950663E-04  2.364354608633147E-06          0
 620.0  4.061060118609923E-02  2.7880480E-04  4.473318595599711E-03  2.7962361E-04 -1.181516057317138E-03  2.7935487E-04 -2.211463834671505E-03  2.7963200E-04 -2.369439360175320E-04  2.7949544E-04 -1.446425854380703E-03  2.7950327E-04 -9.956077320271697E-04  2.7955490E-04 -6.565503358563805E-04  2.7945521E-04 -2.210754862959027E-04  2.7950557E-04 -1.140954091879691E-03  2.7950329E-04  2.349175616450700E-06          0
 625.0  3.995587941292800E-02  2.7880410E-04  4.619684717256466E-03  2.7963886E-04 -1.297969504513678E-03  2.7935766E-04 -2.091965944871005E-03  2.7962961E-04 -2.563246798489073E-04  2.7946899E-04 -1.483374495546745E-03  2.7953076E-04 -9.766596929848537E-04  2.7957184E-04 -6.383510905153311E-04  2.7943841E-04 -2.268590502912768E-04  2.7950706E-04 -1.132496637463474E-03  2.7950226E-04  2.334277698788121E-06          0
 630.0  3.928461660137351E-02  2.7880133E-04  4.749326024840971E-03  2.7965639E-04 -1.430647502841305E-03  2.7932637E-04 -1.984036976393040E-03  2.7966099E-04 -1.029363710377789E-04  2.7945337E-04 -1.529464347482127E-03  2.7954769E-04 -1.199209367408392E-03  2.7961289E-04 -5.358372197712609E-04  2.7939744E-04 -1.952270256056843E-04  2.7951566E-04 -1.031681689211273E-03  2.7949444E-04  2.319463819052235E-06          0
 635.0  3.865393533046275E-02  2.7878922E-04  4.861752384854861E-03  2.7968223E-04 -1.621946082680532E-03  2.7931198E-04 -1.905753600714434E-03  2.7967521E-04 -1.431785982089034E-05  2.7942991E-04 -1.555632039424505E-03  2.7957211E-04 -1.300486292001840E-03  2.7962879E-04 -4.619534347166923E-04  2.7938146E-04 -9.774211882985931E-05  2.7955154E-04 -8.438857439564010E-04  2.7945921E-04  2.304940341485669E-06          0
