   1.0.0 # v: lpa-xrd version
5.00e+13 # d: dislocation density [m^-2]
 1  1  0 # z: direction of 'l' (line vector) [uvw]
 1  1  0 # b: Burgers vector direction [uvw]
 2  0  0 # g: diffraction vector direction (hkl)
0.250000 # C: contrast coefficient [1]
0.404940 # a: cell parameter [nm]
    6400 # s: side of the region of interest [nm] PBC1
0.345000 # nu: Poisson's number [1]
    2048 # nd: number of dislocations in the input file
  200000 # np: number of random points
#    L                   cos1       err_cos1                   sin1       err_sin1                   cos2       err_cos2                   sin2       err_sin2                   cos3       err_cos3                   sin3       err_sin3                   cos4       err_cos4                   sin4       err_sin4                   cos5       err_cos5                   sin5       err_sin5                   eps2       nrpo
   5.0  9.941054362505056E-01  1.6572399E-05  2.533328766646877E-04  3.9496459E-05  9.800112973994539E-01  3.1040358E-05  5.203418359723128E-04  7.2204665E-05  9.593040436656943E-01  4.6735617E-05  8.057862760873602E-04  1.0129040E-04  9.331830820653356E-01  6.3074643E-05  1.044022990082698E-03  1.2719731E-04  9.026049819605966E-01  7.9795887E-05  1.214925820345246E-03  1.5016388E-04  2.136257009526822E-05          0
  10.0  9.792806222036989E-01  3.3516209E-05  5.255020897375309E-04  7.2646598E-05  9.323645269476983E-01  6.4500130E-05  1.037670104987211E-03  1.2742061E-04  8.677386538143467E-01  9.7333531E-05  1.333228567668307E-03  1.7051190E-04  7.918739912403961E-01  1.2977444E-04  1.370965535331944E-03  2.0335259E-04  7.102268421188841E-01  1.5978731E-04  1.275350037503880E-03  2.2759560E-04  1.909952682585373E-05          0
  15.0  9.573298033130536E-01  5.1117841E-05  7.738392459666014E-04  1.0208927E-04  8.664146150166450E-01  9.8765490E-05  1.298634986869295E-03  1.7074111E-04  7.503735199878622E-01  1.4587299E-04  1.303557371131581E-03  2.1656993E-04  6.262806656310435E-01  1.8658858E-04  1.004647714641769E-03  2.4500652E-04  5.065630163917808E-01  2.1833213E-04  6.081532034203088E-04  2.6143652E-04  1.783771895699824E-05          0
  20.0  9.295335340852436E-01  6.9012336E-05  9.681471212721724E-04  1.2828674E-04  7.890434442005546E-01  1.3185781E-04  1.385248801861272E-03  2.0373295E-04  6.249929901590453E-01  1.8714859E-04  1.021481794314554E-03  2.4509343E-04  4.679208410754665E-01  2.2721682E-04  4.613904737749554E-04  2.6509090E-04  3.345491532510103E-01  2.5241717E-04 -1.956332364210390E-05  2.7370144E-04  1.693041053637787E-05          0
  25.0  8.969252269824763E-01  8.6958349E-05  1.144384101494265E-03  1.5150162E-04  7.057760645678050E-01  1.6226309E-04  1.292894985645725E-03  2.2800973E-04  5.040856923562033E-01  2.1910697E-04  5.630430776438391E-04  2.6153787E-04  3.336176202864876E-01  2.5257116E-04 -5.804902221315537E-05  2.7373788E-04  2.078397762134476E-01  2.6892289E-04 -3.203182406103453E-04  2.7760982E-04  1.622677589953826E-05          0
  30.0  8.604660269063907E-01  1.0471637E-04  1.250404851953546E-03  1.7189498E-04  6.212305583438529E-01  1.8879485E-04  1.010979992188802E-03  2.4532779E-04  3.953816194999091E-01  2.4200207E-04  8.167242602549534E-05  2.7040781E-04  2.286436509764449E-01  2.6673408E-04 -3.368846144750088E-04  2.7715837E-04  1.230498005588201E-01  2.7576631E-04 -2.444037000777012E-04  2.7883612E-04  1.564868344101483E-05          0
  35.0  8.210178559296275E-01  1.2203917E-04  1.285815381679879E-03  1.8966117E-04  5.388971372322647E-01  2.1105471E-04  6.991638117663718E-04  2.5729013E-04  3.026259170565830E-01  2.5731293E-04 -2.362629298230762E-04  2.7495566E-04  1.517093919433581E-01  2.7384324E-04 -2.695537708756990E-04  2.7850871E-04  7.048135826337848E-02  2.7828774E-04 -8.599688423655574E-05  2.7921789E-04  1.516127841916079E-05          0
  40.0  7.793875469796535E-01  1.3869082E-04  1.270700943893699E-03  2.0500732E-04  4.612791151946281E-01  2.2908329E-04  4.443827786063702E-04  2.6530821E-04  2.267393962236605E-01  2.6694602E-04 -3.350358248736882E-04  2.7720358E-04  9.814063087053949E-02  2.7712021E-04 -1.380053748890188E-04  2.7905382E-04  3.964935100172869E-02  2.7923741E-04 -1.245059225961532E-04  2.7924623E-04  1.473851256037021E-05          0
  45.0  7.362668204109657E-01  1.5452004E-04  1.236936218325973E-03  2.1814533E-04  3.900472481874780E-01  2.4321722E-04  1.768568495496196E-04  2.7053540E-04  1.667559109662723E-01  2.7268626E-04 -2.908033957144179E-04  2.7829466E-04  6.238221949088667E-02  2.7858826E-04 -1.585065244445175E-04  2.7922645E-04  2.211406332404551E-02  2.7947206E-04 -2.785284473610571E-04  2.7933193E-04  1.436569862734653E-05          0
  50.0  6.923418767685617E-01  1.6936683E-04  1.149555916091279E-03  2.2928936E-04  3.261745494355278E-01  2.5393736E-04 -4.716391569597783E-05  2.7388658E-04  1.207701634666882E-01  2.7592181E-04 -1.543179667969337E-04  2.7884177E-04  3.912785968724913E-02  2.7924280E-04 -2.192728474171567E-04  2.7925320E-04  1.253079492322436E-02  2.7950547E-04 -2.996556525896917E-04  2.7940257E-04  1.403138383557544E-05          0
  55.0  6.481743222245079E-01  1.8312697E-04  1.043343005635300E-03  2.3867488E-04  2.699285906151299E-01  2.6188136E-04 -1.228869364501256E-04  2.7597739E-04  8.629879396586282E-02  2.7769124E-04 -4.298829301787102E-05  2.7910645E-04  2.450383832746243E-02  2.7944691E-04 -3.159271983691989E-04  2.7932431E-04  7.226553416906340E-03  2.7955386E-04 -4.531634208119157E-04  2.7939195E-04  1.372599517530354E-05          0
  60.0  6.043104159766759E-01  1.9574549E-04  8.976631628035208E-04  2.4649959E-04  2.213283713694397E-01  2.6759001E-04 -1.902019988286954E-04  2.7727484E-04  6.110606302292993E-02  2.7865019E-04  2.843726786668844E-05  2.7920955E-04  1.539411284078663E-02  2.7944675E-04 -4.294294701079926E-04  2.7943554E-04  4.103484879734889E-03  2.7959357E-04 -3.088844752099195E-04  2.7936960E-04  1.344609208654016E-05          0
  65.0  5.611554824594999E-01  2.0719913E-04  7.389501487812895E-04  2.5298314E-04  1.798890279393594E-01  2.7159732E-04 -1.496812918401496E-04  2.7808048E-04  4.300115202459921E-02  2.7915617E-04  1.766504301313888E-05  2.7924802E-04  9.730877567882192E-03  2.7947695E-04 -5.397635480216173E-04  2.7945170E-04  2.529276410437783E-03  2.7961772E-04  7.426453776635480E-05  2.7935414E-04  1.318848601694985E-05          0
  70.0  5.190927396381294E-01  2.1749155E-04  5.624534132972045E-04  2.5831344E-04  1.450304630098421E-01  2.7433718E-04 -8.178957591277268E-05  2.7859050E-04  3.022686952345084E-02  2.7939294E-04 -1.776731363800215E-05  2.7928449E-04  6.144898624241882E-03  2.7952412E-04 -5.493214572351592E-04  2.7942534E-04  1.870112070429414E-03  2.7960119E-04  6.136291857498512E-04  2.7937593E-04  1.294868183452065E-05          0
  75.0  4.783670725057795E-01  2.2669649E-04  3.963094231153911E-04  2.6264503E-04  1.161836304573827E-01  2.7619920E-04 -7.680216493469562E-06  2.7887994E-04  2.122244883842005E-02  2.7945837E-04 -1.676943210413372E-04  2.7935742E-04  4.113722989699038E-03  2.7958233E-04 -3.842326487303110E-04  2.7937806E-04  1.673046574251779E-03  2.7953770E-04  1.279704186305601E-03  2.7944465E-04  1.272684989483596E-05          0
  80.0  4.392819111730150E-01  2.3483464E-04  2.483259499336365E-04  2.6613977E-04  9.257608152169343E-02  2.7741940E-04  9.265146092462417E-05  2.7906401E-04  1.499855520892347E-02  2.7947719E-04 -3.412954799853493E-04  2.7940747E-04  2.825589764165741E-03  2.7962619E-04 -7.319118527072737E-05  2.7934178E-04  1.386226284752922E-03  2.7943428E-04  1.878187684524525E-03  2.7955319E-04  1.251845794928091E-05          0
  85.0  4.020073156806274E-01  2.4195913E-04  1.116614609813337E-04  2.6895027E-04  7.337580434927111E-02  2.7821556E-04  1.161177941335251E-04  2.7917643E-04  1.064725720817540E-02  2.7948047E-04 -4.078559153684132E-04  2.7943913E-04  2.043989271606493E-03  2.7958426E-04  3.963790374370907E-04  2.7938994E-04  1.018641164647372E-03  2.7938703E-04  2.176508928523951E-03  2.7960436E-04  1.232354415688166E-05          0
  90.0  3.666806965303049E-01  2.4815304E-04 -4.156774908390109E-05  2.7118979E-04  5.794454840469470E-02  2.7875303E-04  2.144881314485259E-04  2.7921845E-04  7.676519353508550E-03  2.7951979E-04 -4.427556429815903E-04  2.7941953E-04  1.759373023400177E-03  2.7950540E-04  8.300662647231381E-04  2.7947376E-04  7.578586304373372E-04  2.7938942E-04  2.065533616815059E-03  2.7960559E-04  1.214040632499639E-05          0
  95.0  3.334038708826822E-01  2.5348421E-04 -1.343361144590166E-04  2.7297008E-04  4.559431268511486E-02  2.7909307E-04  2.943928520510102E-04  2.7924552E-04  5.630338971950757E-03  2.7955018E-04 -4.862163432603759E-04  2.7940192E-04  1.576943394351165E-03  2.7945378E-04  1.287797100126331E-03  2.7952926E-04  4.599894647228569E-04  2.7939702E-04  1.873059379780631E-03  2.7960064E-04  1.196650839520971E-05          0
 100.0  3.021777885451440E-01  2.5805490E-04 -2.295773052868325E-04  2.7437130E-04  3.582653258264110E-02  2.7928999E-04  2.991718489650731E-04  2.7927855E-04  4.296445964859654E-03  2.7957831E-04 -5.260359993859024E-04  2.7938258E-04  1.352380985763717E-03  2.7946183E-04  1.704710148429901E-03  2.7952534E-04  3.290873031477941E-04  2.7940967E-04  1.661568906329349E-03  2.7959134E-04  1.180087813269851E-05          0
 105.0  2.730552587504027E-01  2.6193871E-04 -2.861708250369800E-04  2.7546658E-04  2.816111687649838E-02  2.7939380E-04  1.981268908289841E-04  2.7931761E-04  3.336081942131881E-03  2.7958630E-04 -4.568114936423466E-04  2.7938105E-04  1.084555253027182E-03  2.7947782E-04  1.906145848073105E-03  2.7951304E-04  3.007214636812996E-04  2.7945679E-04  1.493058411170852E-03  2.7954650E-04  1.164413576677502E-05          0
 110.0  2.460639540033531E-01  2.6519197E-04 -3.240315245934865E-04  2.7633460E-04  2.207053172802878E-02  2.7944286E-04  1.448201758371073E-04  2.7935972E-04  2.589861161677922E-03  2.7958940E-04 -2.314476453307224E-04  2.7938276E-04  7.994383298818678E-04  2.7945476E-04  2.074813509373595E-03  2.7953836E-04  2.603557298565235E-04  2.7949226E-04  1.538661480118976E-03  2.7951173E-04  1.149392205873518E-05          0
 115.0  2.211458882950907E-01  2.6789804E-04 -3.317410339946208E-04  2.7702282E-04  1.722901221726433E-02  2.7945869E-04  6.274431870847454E-05  2.7940089E-04  2.068260295560823E-03  2.7957626E-04  5.077491488942337E-05  2.7939898E-04  5.188887473209463E-04  2.7939858E-04  2.004980943845109E-03  2.7959658E-04  2.487947399300451E-04  2.7947041E-04  1.390603298352402E-03  2.7953393E-04  1.134983940716291E-05          0
 120.0  1.981847909538386E-01  2.7015086E-04 -3.223637209029103E-04  2.7755770E-04  1.345868688350805E-02  2.7943710E-04 -9.050189686211343E-05  2.7945727E-04  1.687121018945262E-03  2.7954504E-04  3.672425558700294E-04  2.7943285E-04  1.282039344818893E-04  2.7937780E-04  1.771828219343891E-03  2.7961958E-04  2.511127656644633E-04  2.7950170E-04  1.151274473039848E-03  2.7950453E-04  1.121271044971299E-05          0
 125.0  1.771522645412786E-01  2.7200773E-04 -3.171814281082984E-04  2.7797318E-04  1.052634787173620E-02  2.7942124E-04 -2.190530570311830E-04  2.7949540E-04  1.479378892340652E-03  2.7950378E-04  7.193650391347380E-04  2.7947626E-04 -1.266401300413384E-04  2.7941941E-04  1.626096379368402E-03  2.7958067E-04  2.848023468428832E-04  2.7950725E-04  8.787619388573475E-04  2.7950097E-04  1.108090213963539E-05          0
 130.0  1.580087861388952E-01  2.7351886E-04 -2.927643527141018E-04  2.7830027E-04  8.214368280653514E-03  2.7942603E-04 -3.387142656498411E-04  2.7950583E-04  1.318871046744971E-03  2.7945255E-04  1.147818767474903E-03  2.7953007E-04 -1.825695413552326E-04  2.7947898E-04  1.511512486421190E-03  2.7952377E-04  3.121041819908356E-04  2.7951601E-04  4.985434075397889E-04  2.7949349E-04  1.095441086202961E-05          0
 135.0  1.405674297735591E-01  2.7475079E-04 -2.134565893767280E-04  2.7855515E-04  6.413185941141971E-03  2.7942806E-04 -4.887231605002539E-04  2.7951419E-04  1.248469860385300E-03  2.7943125E-04  1.539731052913017E-03  2.7955364E-04 -2.272190123707624E-04  2.7955570E-04  1.413213107259717E-03  2.7944882E-04  2.568448935820805E-04  2.7955795E-04  4.771439440801765E-04  2.7945187E-04  1.083338678589238E-05          0
 140.0  1.247599078200592E-01  2.7574989E-04 -1.293886835749275E-04  2.7875057E-04  5.031604855681391E-03  2.7945072E-04 -6.504901031523891E-04  2.7949868E-04  1.118176741789286E-03  2.7943208E-04  1.790024056618450E-03  2.7955559E-04 -1.032723513566610E-04  2.7956848E-04  1.316241789583025E-03  2.7943694E-04  5.405517237034106E-05  2.7958117E-04  6.590986070355014E-04  2.7942838E-04  1.071651405492845E-05          0
 145.0  1.105049681739843E-01  2.7655035E-04 -8.252325999211346E-05  2.7890341E-04  3.949742059539994E-03  2.7948602E-04 -7.320984676800583E-04  2.7946858E-04  9.249786938360170E-04  2.7943925E-04  1.962169764879380E-03  2.7955065E-04  1.228400995315668E-04  2.7956308E-04  1.096702092379180E-03  2.7944328E-04 -2.562132314738497E-04  2.7960850E-04  8.376649092027180E-04  2.7940117E-04  1.060397458376493E-05          0
 150.0  9.765785329210702E-02  2.7719402E-04 -8.618308107074635E-06  2.7901897E-04  3.131645691988056E-03  2.7951744E-04 -7.455615447492035E-04  2.7944142E-04  6.532518006964129E-04  2.7944323E-04  2.072403220630333E-03  2.7954859E-04  3.264664488908639E-04  2.7957197E-04  8.690638727831281E-04  2.7943514E-04 -4.925493175685498E-04  2.7957207E-04  9.247237533038275E-04  2.7943772E-04  1.049495695054786E-05          0
 155.0  8.611061002202597E-02  2.7771620E-04  5.159791396207048E-05  2.7909890E-04  2.567472013190828E-03  2.7954885E-04 -7.026342542009159E-04  2.7941408E-04  3.601016895237487E-04  2.7944116E-04  2.024979003020848E-03  2.7955268E-04  5.306560734360229E-04  2.7954393E-04  6.220914458094399E-04  2.7946453E-04 -4.499810504865880E-04  2.7952520E-04  8.782423954618871E-04  2.7948479E-04  1.038966249046815E-05          0
 160.0  7.581704629976101E-02  2.7813686E-04  1.132231901412878E-04  2.7915103E-04  2.200978065524572E-03  2.7957180E-04 -6.709382909507633E-04  2.7939485E-04  1.525024038668030E-04  2.7943392E-04  2.050471547420545E-03  2.7956181E-04  6.739062942605891E-04  2.7950584E-04  4.085592852792595E-04  2.7950339E-04 -5.439760231198882E-04  2.7948985E-04  9.435296595075729E-04  2.7952023E-04  1.028768759437455E-05          0
 165.0  6.660719459896360E-02  2.7846962E-04  2.252799734588777E-04  2.7918993E-04  1.927689432380706E-03  2.7957168E-04 -6.282865802098093E-04  2.7939758E-04  1.530335006810610E-04  2.7944911E-04  1.977281584675998E-03  2.7954880E-04  6.559360654709427E-04  2.7954181E-04  2.910076885912518E-04  2.7946768E-04 -5.171292041801662E-04  2.7948745E-04  1.040015574881452E-03  2.7952343E-04  1.018835077579426E-05          0
 170.0  5.841788500200270E-02  2.7874355E-04  3.423885186541484E-04  2.7920640E-04  1.815424028480483E-03  2.7956161E-04 -5.791582585895473E-04  2.7940980E-04  1.104462241446546E-04  2.7947352E-04  1.931922391553979E-03  2.7952629E-04  5.676487469519609E-04  2.7958942E-04  1.446178801321686E-04  2.7942013E-04 -4.601767195355442E-04  2.7949120E-04  1.107545338946338E-03  2.7952069E-04  1.009246136460386E-05          0
 175.0  5.117214327444981E-02  2.7896212E-04  4.215814996751613E-04  2.7921346E-04  1.769530925284781E-03  2.7955394E-04 -4.608986889339700E-04  2.7942006E-04  3.000021260091093E-05  2.7950977E-04  1.870141700046982E-03  2.7949186E-04  4.945145550325433E-04  2.7961615E-04  1.753947425252317E-04  2.7939396E-04 -3.668642817875948E-04  2.7947338E-04  1.060464084739377E-03  2.7953923E-04  9.999489008480775E-06          0
 180.0  4.475776708042402E-02  2.7912476E-04  4.142909583336900E-04  2.7922499E-04  1.689818237841027E-03  2.7953767E-04 -3.204057097505925E-04  2.7943881E-04  6.908770129931971E-05  2.7955196E-04  1.771491007817451E-03  2.7945125E-04  3.605748585344684E-04  2.7959813E-04  4.116271083256825E-04  2.7941226E-04 -3.932931204232641E-04  2.7951095E-04  8.769442993602020E-04  2.7950129E-04  9.909342860837241E-06          0
 185.0  3.912007535202586E-02  2.7925704E-04  4.182643139734107E-04  2.7922688E-04  1.679820979896092E-03  2.7951921E-04 -1.367703822905362E-04  2.7945953E-04  5.049506396646539E-05  2.7958873E-04  1.552386039828132E-03  2.7941617E-04  2.126189407001140E-04  2.7956312E-04  5.964529859822468E-04  2.7944696E-04 -1.889185637159952E-04  2.7953560E-04  7.573867577830163E-04  2.7947575E-04  9.821210512806278E-06          0
 190.0  3.409098897449934E-02  2.7935278E-04  3.810195924181069E-04  2.7923549E-04  1.621680020687348E-03  2.7947970E-04  6.473707085771392E-05  2.7950095E-04  4.593758899309019E-05  2.7959666E-04  1.237469586064811E-03  2.7940951E-04 -8.457634771214815E-05  2.7949916E-04  6.801354421634965E-04  2.7951002E-04  8.900278680640128E-05  2.7954587E-04  6.817743496907727E-04  2.7946497E-04  9.735149527208841E-06          0
 195.0  2.964307266133666E-02  2.7941119E-04  3.115242648430369E-04  2.7925739E-04  1.467962938792486E-03  2.7944445E-04  2.342824319226933E-04  2.7953842E-04  3.504423662838116E-05  2.7958382E-04  9.380388320088813E-04  2.7942324E-04 -3.494705047908510E-04  2.7943660E-04  6.656543179849682E-04  2.7957173E-04  2.197102574180094E-04  2.7956518E-04  5.438618219441964E-04  2.7944600E-04  9.651499425030604E-06          0
 200.0  2.576704535652145E-02  2.7944507E-04  2.171315964108225E-04  2.7928438E-04  1.277194618407169E-03  2.7941156E-04  3.564024316082955E-04  2.7957381E-04  8.154327526009446E-05  2.7955896E-04  5.133392872660291E-04  2.7944848E-04 -5.977909531286980E-04  2.7942977E-04  5.440466117034942E-04  2.7957809E-04  2.754884898256010E-04  2.7954546E-04  6.180575234780852E-04  2.7946614E-04  9.570474291118290E-06          0
 205.0  2.238589920268473E-02  2.7946388E-04  1.329263517472970E-04  2.7931179E-04  1.084912949416124E-03  2.7938896E-04  4.531969755067565E-04  2.7959880E-04  1.599836605487011E-04  2.7952538E-04  3.462508542720771E-05  2.7948232E-04 -7.705648613507730E-04  2.7943122E-04  4.812879746075992E-04  2.7957664E-04  5.801646065066871E-04  2.7945936E-04  6.694092373816028E-04  2.7955305E-04  9.491723290272333E-06          0
 210.0  1.943547626855047E-02  2.7947098E-04  3.974497382611268E-05  2.7933983E-04  8.887754425592938E-04  2.7939125E-04  5.145648652974736E-04  2.7959825E-04  1.924337587652452E-04  2.7948088E-04 -3.336235556121312E-04  2.7952692E-04 -7.603594053295964E-04  2.7942883E-04  5.514987237810476E-04  2.7958002E-04  8.328781864142470E-04  2.7940464E-04  6.251566811011268E-04  2.7960855E-04  9.414575521209755E-06          0
 215.0  1.687539461060471E-02  2.7946084E-04 -4.554803145117525E-05  2.7937658E-04  6.309592316256685E-04  2.7940021E-04  5.153260165655922E-04  2.7959085E-04  2.800975354682096E-04  2.7943529E-04 -5.466036446156672E-04  2.7957199E-04 -7.011980567707829E-04  2.7944465E-04  5.604055029540349E-04  2.7956547E-04  8.599372177198119E-04  2.7937542E-04  4.352473969235015E-04  2.7963818E-04  9.339053912976402E-06          0
 220.0  1.463030123340190E-02  2.7944649E-04 -1.471382038505458E-04  2.7941147E-04  3.871861362464601E-04  2.7941356E-04  5.547512945899773E-04  2.7957845E-04  3.692966586922176E-04  2.7943047E-04 -6.129890218008458E-04  2.7957677E-04 -6.057516777721063E-04  2.7949648E-04  5.173680512706761E-04  2.7951448E-04  6.865919664139502E-04  2.7949881E-04  8.854838929054281E-05  2.7951503E-04  9.265585836613761E-06          0
 225.0  1.266302570138329E-02  2.7944193E-04 -2.170261399857963E-04  2.7943178E-04  2.474204480467019E-04  2.7941449E-04  5.874938508941196E-04  2.7957804E-04  4.794792223818820E-04  2.7946019E-04 -4.676359373393199E-04  2.7954707E-04 -5.968069608517307E-04  2.7953035E-04  4.547590987455989E-04  2.7948072E-04  5.439688632867183E-04  2.7959858E-04 -3.800973856051079E-04  2.7941545E-04  9.193835753154928E-06          0
 230.0  1.090736449652584E-02  2.7943585E-04 -3.166213594490336E-04  2.7945047E-04  1.212048180845306E-04  2.7942515E-04  6.657434956851170E-04  2.7956807E-04  4.994244503847540E-04  2.7950412E-04 -2.882111877982728E-04  2.7950341E-04 -5.179648850823020E-04  2.7957601E-04  4.583197197476837E-04  2.7943472E-04  3.599877194281238E-04  2.7957904E-04 -8.820941981809446E-04  2.7943485E-04  9.123671734806741E-06          0
 235.0  9.414810947179320E-03  2.7944403E-04 -4.102881557276065E-04  2.7945191E-04  1.179561889850697E-04  2.7946306E-04  6.960766198117574E-04  2.7953075E-04  6.039903647813953E-04  2.7952552E-04 -6.899411805778979E-05  2.7948260E-04 -2.445918707896679E-04  2.7964551E-04  3.628973665015423E-04  2.7936455E-04  1.993255846291344E-05  2.7956169E-04 -1.190205649515492E-03  2.7945181E-04  9.054922861867810E-06          0
 240.0  8.095370440561262E-03  2.7944641E-04 -5.189063826555936E-04  2.7945741E-04  8.911372209655262E-05  2.7948517E-04  7.122121665522645E-04  2.7950934E-04  5.150494210445960E-04  2.7954499E-04  3.671422899544136E-05  2.7946358E-04 -8.495127084110388E-05  2.7963450E-04  3.727463391024879E-04  2.7937578E-04 -2.290186315624784E-04  2.7961014E-04 -1.229528641083051E-03  2.7940309E-04  8.988028236025142E-06          0
 245.0  6.931888436599197E-03  2.7944745E-04 -6.372719543430418E-04  2.7946294E-04  5.963996200699203E-05  2.7951437E-04  7.878682043794832E-04  2.7948093E-04  3.965095827797093E-04  2.7950853E-04  8.996521699199331E-05  2.7950065E-04  1.252057056762603E-04  2.7957108E-04  4.048154192171553E-04  2.7943979E-04 -3.622678006945110E-04  2.7963619E-04 -1.162596045582955E-03  2.7937690E-04  8.922247231961192E-06          0
 250.0  5.891323462998813E-03  2.7945801E-04 -7.689946244862824E-04  2.7945827E-04  1.037130850561341E-04  2.7951457E-04  8.226095959370366E-04  2.7948132E-04  1.859561813925230E-04  2.7946192E-04  5.034244291510712E-05  2.7954753E-04  1.278993273165277E-04  2.7952572E-04  4.594803483006278E-04  2.7948602E-04 -2.260210318514735E-04  2.7959167E-04 -1.038443247830237E-03  2.7942126E-04  8.858013343831472E-06          0
 255.0  4.998513419441078E-03  2.7947100E-04 -8.783814516775047E-04  2.7944989E-04  1.741320698846545E-04  2.7951503E-04  8.642267512881151E-04  2.7948165E-04 -1.021158112849111E-04  2.7944543E-04  3.223011998594370E-05  2.7956410E-04  1.306136123604872E-04  2.7949365E-04  3.435007955481538E-04  2.7951900E-04 -2.179810859921782E-04  2.7954537E-04 -8.809380620151645E-04  2.7946673E-04  8.795319468576508E-06          0
 260.0  4.190804109367897E-03  2.7948781E-04 -9.544408822724312E-04  2.7943746E-04  2.752709580597091E-04  2.7952355E-04  8.893148733423682E-04  2.7947335E-04 -3.154313932416364E-04  2.7941303E-04 -1.031317415554440E-04  2.7959664E-04  1.911659609193606E-04  2.7945258E-04  3.285662167404451E-04  2.7956035E-04 -2.714856296419402E-04  2.7948735E-04 -6.360970863262179E-04  2.7952472E-04  8.733712620749332E-06          0
 265.0  3.472766429368576E-03  2.7950964E-04 -1.037334339090352E-03  2.7941926E-04  4.157965850252411E-04  2.7953834E-04  8.624411105373234E-04  2.7945846E-04 -5.778379280977516E-04  2.7938489E-04 -2.590819820132121E-04  2.7962548E-04  2.972747148139152E-04  2.7946770E-04  2.387431021457894E-04  2.7954525E-04 -1.737123927069117E-04  2.7946964E-04 -4.284874261568501E-04  2.7954230E-04  8.673156161375987E-06          0
 270.0  2.822487375155664E-03  2.7953786E-04 -1.090574503145272E-03  2.7939479E-04  6.026114884011479E-04  2.7955441E-04  8.127013842793018E-04  2.7944256E-04 -7.991286753891029E-04  2.7936639E-04 -3.018057797815660E-04  2.7964426E-04  4.122844182806836E-04  2.7948155E-04  1.312417360487852E-04  2.7953109E-04  4.495349022591523E-05  2.7941087E-04 -2.472088678991716E-04  2.7960158E-04  8.613521848524534E-06          0
 275.0  2.289329617834704E-03  2.7955701E-04 -1.177340199899166E-03  2.7937860E-04  7.280628082826388E-04  2.7956817E-04  8.561885075435071E-04  2.7942872E-04 -1.036881864768146E-03  2.7939636E-04 -3.042854007287362E-04  2.7961441E-04  5.125766468116472E-04  2.7952580E-04 -5.341779190444341E-05  2.7948661E-04  9.978019638321871E-05  2.7940676E-04  4.039375037458308E-05  2.7960619E-04  8.555139869139566E-06          0
 280.0  1.768918090613384E-03  2.7957485E-04 -1.255043756074675E-03  2.7936338E-04  8.461764553355138E-04  2.7957819E-04  8.664013748023465E-04  2.7941860E-04 -1.066578988855861E-03  2.7942586E-04 -3.018402079462366E-04  2.7958518E-04  5.859986305845465E-04  2.7948768E-04 -1.617216387861137E-04  2.7952422E-04  1.769992170191818E-04  2.7941088E-04  3.374997741242281E-04  2.7960263E-04  8.497864055744086E-06          0
 285.0  1.320021526112280E-03  2.7958563E-04 -1.258310648334896E-03  2.7935532E-04  9.133945198096805E-04  2.7958550E-04  7.620130600599263E-04  2.7941085E-04 -1.035072525161140E-03  2.7944656E-04 -1.110720859446920E-04  2.7956481E-04  6.416275028699454E-04  2.7947071E-04 -1.194827902529415E-04  2.7954098E-04  2.357160301482863E-04  2.7940846E-04  5.087362188515241E-04  2.7960519E-04  8.441705666050942E-06          0
 290.0  9.582723944421078E-04  2.7958662E-04 -1.271419424277433E-03  2.7935675E-04  9.127015534919419E-04  2.7958920E-04  6.988615606806311E-04  2.7940686E-04 -1.038826212504125E-03  2.7945901E-04  1.458466616612479E-04  2.7955254E-04  6.717446066593853E-04  2.7948072E-04 -2.512277091983489E-04  2.7953061E-04  2.167757453916430E-04  2.7945218E-04  4.187880412498176E-04  2.7956158E-04  8.386793120001023E-06          0
 295.0  6.463090438273450E-04  2.7958495E-04 -1.272482360721075E-03  2.7936082E-04  8.914205833061709E-04  2.7957083E-04  5.956373222463996E-04  2.7942491E-04 -9.460895013871629E-04  2.7943536E-04  3.182866311690255E-04  2.7957602E-04  5.436697665061818E-04  2.7951655E-04 -3.696144980764875E-04  2.7949408E-04  1.723889969883082E-05  2.7953383E-04  5.869313433407356E-04  2.7948055E-04  8.332814504061131E-06          0
 300.0  3.516932953780442E-04  2.7958206E-04 -1.210793509397533E-03  2.7936619E-04  8.604140074798298E-04  2.7955473E-04  4.958454470028900E-04  2.7944099E-04 -8.196404659178346E-04  2.7943180E-04  4.589214208789078E-04  2.7957953E-04  4.300796445452068E-04  2.7953914E-04 -3.203570397980374E-04  2.7947104E-04 -2.870138174826282E-04  2.7957423E-04  8.537105278869686E-04  2.7944055E-04  8.279757869169773E-06          0
 305.0  4.556553696534628E-05  2.7956918E-04 -1.160638049122893E-03  2.7938157E-04  7.567564422028640E-04  2.7955429E-04  3.179800377483632E-04  2.7944153E-04 -7.059018364749616E-04  2.7942751E-04  6.733569395735483E-04  2.7958352E-04  4.259306897467740E-04  2.7950750E-04 -2.701416798519397E-04  2.7950263E-04 -6.978827889523157E-04  2.7953792E-04  1.095646769704407E-03  2.7947680E-04  8.227377206613175E-06          0
 310.0 -2.291403888011953E-04  2.7954967E-04 -1.121713282268980E-03  2.7940378E-04  6.038280873908359E-04  2.7957060E-04  1.950287974310377E-04  2.7942535E-04 -5.876678271582788E-04  2.7942032E-04  8.582540556346995E-04  2.7959008E-04  5.397021450275636E-04  2.7950645E-04 -2.721923172451838E-04  2.7950357E-04 -9.214570811960869E-04  2.7947727E-04  1.179750850200113E-03  2.7953717E-04  8.176237142648808E-06          0
 315.0 -4.535226996480537E-04  2.7953668E-04 -1.126556872860739E-03  2.7941939E-04  4.973615340311478E-04  2.7958332E-04  1.152055779544104E-04  2.7941257E-04 -4.551102418288158E-04  2.7944283E-04  9.138901809536377E-04  2.7956752E-04  6.287748089831728E-04  2.7955591E-04 -2.817952369863550E-04  2.7945432E-04 -8.091756271080494E-04  2.7950847E-04  1.234671967226105E-03  2.7950601E-04  8.126041150891847E-06          0
 320.0 -6.711392775797303E-04  2.7952435E-04 -1.104488116152878E-03  2.7943360E-04  3.989526689788907E-04  2.7958113E-04  9.559021285113683E-05  2.7941480E-04 -3.910135107454839E-04  2.7948181E-04  9.595008463659677E-04  2.7952852E-04  6.103231689825855E-04  2.7955420E-04 -2.722556776450779E-04  2.7945635E-04 -4.614801980630670E-04  2.7950438E-04  1.058341450670551E-03  2.7951011E-04  8.076558661850798E-06          0
 325.0 -8.668243254260031E-04  2.7952214E-04 -1.063064458758120E-03  2.7943771E-04  3.741654360862171E-04  2.7956516E-04  1.126486776357872E-04  2.7943141E-04 -2.693724581856843E-04  2.7948867E-04  8.742977492915057E-04  2.7952149E-04  4.901535881607329E-04  2.7953949E-04 -2.922424304992116E-04  2.7947151E-04 -1.046229273637793E-04  2.7941458E-04  6.808933516163795E-04  2.7960013E-04  8.027802502694074E-06          0
 330.0 -1.055013515631197E-03  2.7952242E-04 -1.015690513196600E-03  2.7943884E-04  3.691372272367319E-04  2.7956238E-04  1.183603539559935E-04  2.7943455E-04 -6.966028871931566E-05  2.7948197E-04  8.075329912955932E-04  2.7952801E-04  4.652997191210881E-04  2.7952792E-04 -1.837131921417077E-04  2.7948377E-04  4.638058800852150E-05  2.7941795E-04  3.149056694567866E-04  2.7959670E-04  7.980007906988579E-06          0
 335.0 -1.223709958931138E-03  2.7951876E-04 -9.860493390904390E-04  2.7944378E-04  3.365647582202142E-04  2.7957566E-04  1.279218436850328E-04  2.7942174E-04  1.770915497928638E-04  2.7949505E-04  7.993554240402109E-04  2.7951437E-04  5.556287710909548E-04  2.7953834E-04 -8.249388205415342E-05  2.7947364E-04  8.562768065388140E-05  2.7943456E-04  8.546051011816353E-05  2.7957997E-04  7.932499221036259E-06          0
 340.0 -1.336614847013012E-03  2.7951261E-04 -9.317274501887556E-04  2.7945100E-04  2.854217798764222E-04  2.7959524E-04  1.025248098102178E-04  2.7940291E-04  4.331334111153579E-04  2.7952054E-04  7.365693261120294E-04  2.7948809E-04  6.909422057916687E-04  2.7952851E-04  3.909748919125185E-05  2.7948414E-04  1.992617009230998E-04  2.7941942E-04 -5.011450517173959E-05  2.7959487E-04  7.885766596951098E-06          0
 345.0 -1.427564215197203E-03  2.7950349E-04 -9.122941077140997E-04  2.7946091E-04  2.138949051664843E-04  2.7960328E-04  1.461718578264981E-04  2.7939522E-04  6.441216048651474E-04  2.7952391E-04  6.592110852748631E-04  2.7948384E-04  7.449911342790905E-04  2.7945082E-04  2.437558046009651E-04  2.7956238E-04  1.055472480342993E-04  2.7939089E-04 -5.904743569333459E-05  2.7962308E-04  7.840097409215599E-06          0
 350.0 -1.518593681266062E-03  2.7951269E-04 -8.770940827980029E-04  2.7945222E-04  2.747557581600845E-04  2.7959125E-04  2.635015434911927E-04  2.7940794E-04  7.872087676103728E-04  2.7950700E-04  6.692338214411310E-04  2.7950011E-04  6.553759599687848E-04  2.7943648E-04  3.045039404795896E-04  2.7957682E-04  1.622604109290256E-04  2.7940961E-04 -7.207334661259735E-05  2.7960485E-04  7.795309463433644E-06          0
 355.0 -1.596847657078466E-03  2.7952004E-04 -8.254656356934911E-04  2.7944524E-04  3.237185469364803E-04  2.7958019E-04  4.366095626514940E-04  2.7941928E-04  8.421616305262374E-04  2.7949495E-04  5.598081898698999E-04  2.7951168E-04  5.744976649120551E-04  2.7942916E-04  4.422647832625335E-04  2.7958438E-04 -5.356521536966497E-05  2.7946213E-04 -2.160258689681493E-05  2.7955271E-04  7.751182028949754E-06          0
 360.0 -1.625497807630574E-03  2.7952770E-04 -8.186117086583234E-04  2.7943775E-04  3.747543155497699E-04  2.7955895E-04  6.191300327404217E-04  2.7944123E-04  9.212617263359950E-04  2.7950144E-04  4.877390465028322E-04  2.7950549E-04  4.208065235708231E-04  2.7947350E-04  6.279696596754752E-04  2.7953989E-04 -2.104344756016902E-04  2.7949025E-04  1.272157170518943E-05  2.7952482E-04  7.707487415882270E-06          0
 365.0 -1.673413352828262E-03  2.7952896E-04 -8.399311045859361E-04  2.7943638E-04  3.811265640446286E-04  2.7952149E-04  7.787787068484245E-04  2.7947906E-04  8.229804407676440E-04  2.7950105E-04  3.873030219517058E-04  2.7950626E-04  1.520175531841829E-04  2.7949960E-04  8.762057662520011E-04  2.7951307E-04 -1.602212134518174E-04  2.7948438E-04 -2.583719168437389E-05  2.7953064E-04  7.664460076431045E-06          0
 370.0 -1.700884587579688E-03  2.7953968E-04 -8.819001081441525E-04  2.7942583E-04  4.539423879068135E-04  2.7946699E-04  8.732561571091790E-04  2.7953388E-04  6.608014321374493E-04  2.7950182E-04  3.504827766879687E-04  2.7950634E-04 -2.383969875763064E-04  2.7947841E-04  1.274036628530251E-03  2.7953343E-04 -1.814350838655711E-05  2.7946139E-04 -8.860909233701511E-05  2.7955398E-04  7.621997319626625E-06          0
 375.0 -1.726282997372388E-03  2.7953877E-04 -9.178316364924429E-04  2.7942680E-04  4.437611569428507E-04  2.7942429E-04  9.062971386731676E-04  2.7957684E-04  3.033418119321073E-04  2.7948354E-04  2.820730624281032E-04  2.7952563E-04 -5.443756433225012E-04  2.7943999E-04  1.619143240729719E-03  2.7957148E-04  1.348497904942907E-04  2.7950581E-04 -6.828843149422495E-05  2.7950941E-04  7.579800264582737E-06          0
 380.0 -1.742322553889384E-03  2.7953796E-04 -9.404089609203823E-04  2.7942772E-04  4.342303917041396E-04  2.7939374E-04  9.661242473494348E-04  2.7960730E-04  6.574043114827128E-05  2.7947781E-04  2.218159313559094E-04  2.7953243E-04 -7.611217858132677E-04  2.7946798E-04  1.641546379835861E-03  2.7954319E-04  2.707475857809288E-04  2.7952235E-04 -1.350675286579455E-04  2.7949233E-04  7.538489868470409E-06          0
 385.0 -1.728451891904280E-03  2.7953309E-04 -9.741349067091932E-04  2.7943253E-04  3.955751694277795E-04  2.7936359E-04  9.507213369777097E-04  2.7963704E-04 -1.624323058177629E-04  2.7949043E-04  1.498696658980980E-04  2.7952043E-04 -9.726670404600396E-04  2.7945107E-04  1.600160986838716E-03  2.7955977E-04  3.575525024134519E-04  2.7953227E-04 -7.148531908033261E-05  2.7948184E-04  7.497592652892070E-06          0
 390.0 -1.706960772968416E-03  2.7952825E-04 -9.685107602060837E-04  2.7943754E-04  3.560317320616293E-04  2.7936398E-04  8.556693487801814E-04  2.7963634E-04 -3.365285938526527E-04  2.7946473E-04  1.530283103283599E-04  2.7954643E-04 -9.658006285116484E-04  2.7945230E-04  1.574370536772182E-03  2.7955875E-04  3.046819954107270E-04  2.7956894E-04 -9.261017978287912E-05  2.7944492E-04  7.457078264449693E-06          0
 395.0 -1.655480411062316E-03  2.7952342E-04 -9.420907473570916E-04  2.7944262E-04  3.160123691743300E-04  2.7937149E-04  7.252576697646472E-04  2.7962847E-04 -3.948781143571381E-04  2.7943140E-04  2.774860221111041E-04  2.7957984E-04 -9.081060972580433E-04  2.7941881E-04  1.465601567705551E-03  2.7959297E-04  3.007482033099876E-04  2.7958013E-04 -1.597178370213924E-04  2.7943380E-04  7.417599153812608E-06          0
 400.0 -1.599393012639911E-03  2.7952046E-04 -9.080646930717396E-04  2.7944587E-04  2.896418069203114E-04  2.7939348E-04  5.298763197208321E-04  2.7960626E-04 -5.345588865542708E-04  2.7941942E-04  3.377979972253450E-04  2.7959166E-04 -7.481477649702760E-04  2.7941989E-04  1.201600715748611E-03  2.7959262E-04  2.384719753345942E-04  2.7953436E-04 -2.790185491086487E-05  2.7948027E-04  7.378167098147403E-06          0
 405.0 -1.541723113893540E-03  2.7953248E-04 -8.610630728616824E-04  2.7943384E-04  3.704385992451449E-04  2.7942768E-04  3.485123235367389E-04  2.7957158E-04 -6.308653439217871E-04  2.7940723E-04  3.840660829448595E-04  2.7960337E-04 -4.994569627732314E-04  2.7945976E-04  1.080519564135270E-03  2.7955359E-04  2.815514526399331E-04  2.7950839E-04  5.882862254276334E-05  2.7950668E-04  7.339409999012425E-06          0
 410.0 -1.469718473961105E-03  2.7954717E-04 -7.996747623895783E-04  2.7941933E-04  4.699962907609867E-04  2.7946148E-04  1.984088633261200E-04  2.7953711E-04 -6.806528545475972E-04  2.7939363E-04  3.803619116662807E-04  2.7961676E-04 -2.514109944354349E-04  2.7949706E-04  9.687931349254245E-04  2.7951671E-04  2.982461070297297E-04  2.7947341E-04  2.238143755758726E-04  2.7954185E-04  7.301248776802591E-06          0
 415.0 -1.411569825035666E-03  2.7956357E-04 -7.596468730225545E-04  2.7940318E-04  5.815975569916999E-04  2.7946915E-04  6.635686478503183E-05  2.7952865E-04 -7.147568565512453E-04  2.7939678E-04  3.141033970936151E-04  2.7961360E-04 -1.909504316373523E-04  2.7953025E-04  7.681006272177149E-04  2.7948353E-04  4.450032737483163E-04  2.7946814E-04  2.090166003126868E-04  2.7954702E-04  7.263462266368920E-06          0
 420.0 -1.357098627397063E-03  2.7958575E-04 -6.797484905442761E-04  2.7938148E-04  7.346652354686690E-04  2.7947334E-04 -1.078619495145264E-04  2.7952363E-04 -8.088515327911289E-04  2.7941810E-04  1.971035140654208E-04  2.7959224E-04 -1.560367696610615E-04  2.7952932E-04  5.338560503289341E-04  2.7948441E-04  3.952539987848614E-04  2.7946093E-04  6.187895630529692E-05  2.7955374E-04  7.225999832268958E-06          0
 425.0 -1.304357344730556E-03  2.7959540E-04 -6.054818371728029E-04  2.7937236E-04  7.976934910277522E-04  2.7947788E-04 -2.175814049111410E-04  2.7951859E-04 -8.070538340579918E-04  2.7942867E-04  1.906704434842383E-04  2.7958147E-04 -1.204238934738746E-04  2.7952128E-04  5.180449608656647E-04  2.7949204E-04  4.934837602413994E-04  2.7952029E-04  3.603313219636769E-05  2.7949371E-04  7.189411707775484E-06          0
 430.0 -1.261733098825815E-03  2.7960278E-04 -5.053232177388371E-04  2.7936548E-04  8.442612867186015E-04  2.7948137E-04 -2.990746570211795E-04  2.7951500E-04 -7.201512590295327E-04  2.7943692E-04  1.376156269626986E-04  2.7957363E-04 -9.556270375804733E-05  2.7951361E-04  3.805538479112928E-04  2.7949922E-04  4.565689005524207E-04  2.7954253E-04  1.028625565358122E-04  2.7947091E-04  7.153013834941582E-06          0
 435.0 -1.239653377178992E-03  2.7961541E-04 -4.103596302110390E-04  2.7935312E-04  9.288451554640036E-04  2.7948462E-04 -2.795713571722299E-04  2.7951188E-04 -5.528887506028762E-04  2.7945643E-04  5.390344479242133E-05  2.7955462E-04 -7.297195807070035E-05  2.7950431E-04  2.288746491647586E-04  2.7950856E-04  4.223773156456794E-04  2.7949597E-04  5.014438706520382E-05  2.7951738E-04  7.116973950570398E-06          0
 440.0 -1.226452974132402E-03  2.7962602E-04 -2.890391779507925E-04  2.7934292E-04  9.985340936851498E-04  2.7949733E-04 -2.014127633757867E-04  2.7949987E-04 -5.023664438918908E-04  2.7947117E-04 -2.697294435286655E-05  2.7953968E-04  1.449338928808300E-05  2.7947637E-04 -1.364732714795676E-05  2.7953659E-04  4.449192724612915E-04  2.7947601E-04 -5.565667126923471E-05  2.7953767E-04  7.081473696949367E-06          0
 445.0 -1.225620971730999E-03  2.7962615E-04 -1.565252439409340E-04  2.7934297E-04  9.931950087078778E-04  2.7951635E-04 -2.140313726117144E-04  2.7948148E-04 -3.284347613430418E-04  2.7946339E-04 -3.538476627439463E-05  2.7954716E-04  1.464544789902113E-04  2.7947418E-04 -2.013972316321463E-04  2.7953897E-04  5.283263566312284E-04  2.7951517E-04 -3.172104197449025E-04  2.7949877E-04  7.046431775255158E-06          0
 450.0 -1.235739354332404E-03  2.7962761E-04 -5.920406303838748E-05  2.7934157E-04  9.977760626307939E-04  2.7951181E-04 -2.875057432970112E-04  2.7948671E-04 -1.341382603148371E-04  2.7948468E-04 -7.119133831542728E-06  2.7952594E-04  1.091489041954312E-04  2.7947237E-04 -3.707151343401576E-04  2.7954122E-04  5.854460840987769E-04  2.7954144E-04 -5.770513051557467E-04  2.7947326E-04  7.011756939726091E-06          0
 455.0 -1.237954624912151E-03  2.7961956E-04  4.132120788142191E-05  2.7934968E-04  9.345188194152487E-04  2.7951587E-04 -3.748349795449043E-04  2.7948294E-04 -2.113150005955855E-05  2.7950128E-04 -1.821116429390985E-06  2.7950936E-04  1.353238020413530E-04  2.7947525E-04 -4.917641382657615E-04  2.7953886E-04  4.831696956561538E-04  2.7956975E-04 -8.380369621227811E-04  2.7944527E-04  6.977841163564314E-06          0
 460.0 -1.249396227772341E-03  2.7961101E-04  1.664544506193517E-04  2.7935833E-04  8.678944936846774E-04  2.7951302E-04 -4.606847354930538E-04  2.7948591E-04 -3.612658924218891E-06  2.7953412E-04  1.540336148941375E-04  2.7947631E-04  1.141055905381940E-04  2.7946037E-04 -3.194091543547085E-04  2.7955399E-04  5.691611519651265E-04  2.7954706E-04 -8.074878447554851E-04  2.7946813E-04  6.944053043006890E-06          0
 465.0 -1.263806932219243E-03  2.7959793E-04  2.777564651446354E-04  2.7937122E-04  7.694911610063246E-04  2.7951178E-04 -6.011407349826759E-04  2.7948715E-04 -2.450547054883966E-05  2.7955422E-04  3.196493952623148E-04  2.7945597E-04  1.052926218438566E-04  2.7947475E-04 -9.946773911221540E-05  2.7953948E-04  5.701825086608742E-04  2.7953912E-04 -7.386066332702302E-04  2.7947649E-04  6.910849072596570E-06          0
 470.0 -1.256825490492245E-03  2.7958302E-04  3.924016589801682E-04  2.7938604E-04  6.581569578513160E-04  2.7949917E-04 -7.138656789513633E-04  2.7949948E-04 -4.361143890043641E-05  2.7955057E-04  4.828247021329600E-04  2.7945941E-04  1.594528402890397E-05  2.7948350E-04  8.542174959866878E-05  2.7953086E-04  5.588842316486264E-04  2.7955290E-04 -6.607163442858781E-04  2.7946278E-04  6.878020209982066E-06          0
 475.0 -1.305098753167173E-03  2.7956959E-04  5.861846387282216E-04  2.7939918E-04  5.603151534983928E-04  2.7949585E-04 -8.503801550191524E-04  2.7950231E-04 -6.764358892512280E-05  2.7955635E-04  7.921351772178489E-04  2.7945342E-04 -6.273954518088824E-06  2.7949754E-04  1.990606520341903E-04  2.7951710E-04  4.286339256239619E-04  2.7951676E-04 -5.847433759383899E-04  2.7949887E-04  6.845086410896512E-06          0
 480.0 -1.357405785828161E-03  2.7955272E-04  7.687854860824870E-04  2.7941601E-04  4.374392120018357E-04  2.7951574E-04 -9.752609332446961E-04  2.7948174E-04 -1.683389129781841E-05  2.7953656E-04  1.050801959254055E-03  2.7947345E-04  1.385194844020369E-04  2.7950626E-04  2.479300639156799E-04  2.7950821E-04  1.679966796709126E-04  2.7949580E-04 -6.608172695194171E-04  2.7951903E-04  6.812772796807711E-06          0
 485.0 -1.456901555858891E-03  2.7953420E-04  9.589777023544846E-04  2.7943451E-04  3.036721554397638E-04  2.7952265E-04 -1.112788587521440E-03  2.7947416E-04 -2.018901934659396E-04  2.7949221E-04  1.289592997903223E-03  2.7951762E-04  1.896313582887232E-04  2.7953796E-04  6.502027266697228E-05  2.7947651E-04  2.379608001557919E-05  2.7948602E-04 -6.648819910746871E-04  2.7952834E-04  6.780612487647344E-06          0
 490.0 -1.533916490716156E-03  2.7951718E-04  1.133602523637863E-03  2.7945160E-04  1.803393510798839E-04  2.7951969E-04 -1.218863098399783E-03  2.7947639E-04 -3.741148526837893E-04  2.7941371E-04  1.507333876057105E-03  2.7959597E-04  1.697951373025439E-04  2.7951516E-04 -7.832935793708096E-05  2.7949901E-04 -1.624798647397668E-05  2.7950100E-04 -3.106886213451122E-04  2.7951331E-04  6.749253371317861E-06          0
 495.0 -1.569976541294021E-03  2.7950510E-04  1.279870806406490E-03  2.7946342E-04  9.305844320350797E-05  2.7953405E-04 -1.291303580814941E-03  2.7946192E-04 -4.693711680619229E-04  2.7939158E-04  1.564463354631281E-03  2.7961796E-04  2.707075931987902E-04  2.7948693E-04 -2.746558948049459E-04  2.7952683E-04 -7.449299306644465E-05  2.7953216E-04 -9.805549492303811E-05  2.7948247E-04  6.718053746358498E-06          0
 500.0 -1.666875825709770E-03  2.7948885E-04  1.410631631167039E-03  2.7947954E-04 -2.268814890172167E-05  2.7955094E-04 -1.286387313818866E-03  2.7944507E-04 -6.379622451542259E-04  2.7940494E-04  1.518768697372910E-03  2.7960481E-04  3.896327350001667E-04  2.7952045E-04 -4.466334016906229E-04  2.7949272E-04 -1.253451530647072E-04  2.7952505E-04 -4.945994159530436E-05  2.7949025E-04  6.687508137701216E-06          0
 505.0 -1.769549920642388E-03  2.7947566E-04  1.514333318850258E-03  2.7949255E-04 -1.159392717191550E-04  2.7954872E-04 -1.285568913369826E-03  2.7944772E-04 -7.484936532374112E-04  2.7941983E-04  1.333440042353304E-03  2.7959013E-04  3.712293741081814E-04  2.7955868E-04 -5.340050025990841E-04  2.7945412E-04 -1.623413016785777E-04  2.7957667E-04 -2.224060959255186E-04  2.7943867E-04  6.656881248545746E-06          0
 510.0 -1.835203442499989E-03  2.7946326E-04  1.631097686709948E-03  2.7950468E-04 -2.019049311972112E-04  2.7954920E-04 -1.342240772818811E-03  2.7944795E-04 -7.764893641232085E-04  2.7944516E-04  1.061027418002819E-03  2.7956506E-04  3.706576371965538E-04  2.7956554E-04 -5.668590811574142E-04  2.7944703E-04 -1.504499381093289E-04  2.7960501E-04 -2.693402722759739E-04  2.7940985E-04  6.626608114453433E-06          0
 515.0 -1.899656376117039E-03  2.7945832E-04  1.764337770523739E-03  2.7950910E-04 -2.334262188847275E-04  2.7952474E-04 -1.276165342487898E-03  2.7947300E-04 -8.078571873725628E-04  2.7947732E-04  7.252756046943571E-04  2.7953318E-04  1.929006680075521E-04  2.7958375E-04 -4.849925970740256E-04  2.7942856E-04 -1.329876472955094E-04  2.7960109E-04 -3.326677524331169E-04  2.7941326E-04  6.596908540377204E-06          0
 520.0 -1.948889936451118E-03  2.7945689E-04  1.878628755887434E-03  2.7950989E-04 -2.388913484557630E-04  2.7951725E-04 -1.225514633430261E-03  2.7948090E-04 -8.537841717486594E-04  2.7951880E-04  4.138411039419633E-04  2.7949158E-04  1.369226854301197E-04  2.7957048E-04 -3.507088207906204E-04  2.7944181E-04 -7.060641118468158E-05  2.7959740E-04 -2.644166981398706E-04  2.7941598E-04  6.567407496195183E-06          0
 525.0 -1.980466440051991E-03  2.7945036E-04  1.999929251101466E-03  2.7951617E-04 -2.820642601407360E-04  2.7951728E-04 -1.107213508696479E-03  2.7948111E-04 -9.078421340726118E-04  2.7956138E-04  1.976991231582292E-04  2.7944868E-04  1.362191068552966E-04  2.7951547E-04 -2.395470774226444E-04  2.7949696E-04  5.337554496242905E-05  2.7956801E-04 -1.771164976478848E-04  2.7944474E-04  6.538209425920162E-06          0
 530.0 -1.997692855176938E-03  2.7945073E-04  2.059766597750102E-03  2.7951550E-04 -2.750013517577429E-04  2.7952501E-04 -9.581677728642248E-04  2.7947352E-04 -7.957418745116962E-04  2.7958578E-04  1.041284157056960E-04  2.7942412E-04  1.915181755373279E-04  2.7944896E-04 -1.346945912244065E-04  2.7956392E-04  3.554343653055776E-04  2.7952486E-04  4.603764669866220E-05  2.7948837E-04  6.509309839240835E-06          0
 535.0 -2.013420718752755E-03  2.7944576E-04  2.166154594380965E-03  2.7952036E-04 -3.070910136680464E-04  2.7954200E-04 -7.134693886392420E-04  2.7945703E-04 -6.829242243849304E-04  2.7960295E-04  1.127568175311215E-05  2.7940718E-04  3.114673353982358E-04  2.7939152E-04 -6.605631892642236E-05  2.7962141E-04  3.618494431409570E-04  2.7950233E-04  1.327525631397903E-04  2.7951170E-04  6.480350416690846E-06          0
 540.0 -2.033137668281555E-03  2.7945144E-04  2.275747592148354E-03  2.7951470E-04 -2.632401178196416E-04  2.7957875E-04 -4.711859845249483E-04  2.7942079E-04 -6.003366061004482E-04  2.7959291E-04  3.682590554857887E-06  2.7941750E-04  5.730268527462659E-04  2.7940015E-04  5.335869603040117E-05  2.7961247E-04  3.659495009820018E-04  2.7950495E-04  1.654370846376147E-04  2.7950946E-04  6.451934569293153E-06          0
 545.0 -2.006455848639049E-03  2.7944926E-04  2.390274070558253E-03  2.7951693E-04 -2.762981002545862E-04  2.7959822E-04 -2.683809572177204E-04  2.7940156E-04 -4.724148924869780E-04  2.7957767E-04 -4.480120225988369E-06  2.7943286E-04  7.124413873235975E-04  2.7942531E-04  1.274934416745189E-04  2.7958702E-04  3.670346586086389E-04  2.7954499E-04  5.194100741346991E-05  2.7946941E-04  6.423765119371826E-06          0
 550.0 -1.991514681444186E-03  2.7944750E-04  2.497079977988819E-03  2.7951880E-04 -2.858899346906957E-04  2.7959373E-04 -1.697418963125767E-04  2.7940687E-04 -4.253954164909599E-04  2.7960401E-04  8.358601244704032E-05  2.7940663E-04  6.774255445653826E-04  2.7945407E-04  2.438089383445832E-04  2.7955829E-04  2.753926260645941E-04  2.7956634E-04 -1.899060978452704E-04  2.7944768E-04  6.395946630135303E-06          0
 555.0 -2.009320702717496E-03  2.7944293E-04  2.577405195610594E-03  2.7952366E-04 -3.164570705657161E-04  2.7958134E-04 -8.281951573242937E-05  2.7941967E-04 -3.698161915442426E-04  2.7960643E-04  2.219666850973946E-04  2.7940418E-04  5.873698844580588E-04  2.7947183E-04  2.258238455086885E-04  2.7954066E-04  1.167070977275873E-04  2.7955270E-04 -4.050785706195162E-04  2.7946129E-04  6.368303492997031E-06          0
 560.0 -1.965129483157407E-03  2.7944506E-04  2.664240254889043E-03  2.7952194E-04 -2.995290200935368E-04  2.7956113E-04 -1.718854979183936E-05  2.7944068E-04 -3.045333006822975E-04  2.7956909E-04  3.936514951910419E-04  2.7944107E-04  4.382408636065493E-04  2.7947598E-04  1.916905005054157E-04  2.7953665E-04 -6.976898348175601E-05  2.7952299E-04 -3.885356584460059E-04  2.7949131E-04  6.340753121272840E-06          0
 565.0 -1.920274364149662E-03  2.7944638E-04  2.750357265299641E-03  2.7952119E-04 -2.893021382131775E-04  2.7954007E-04  4.228074287678652E-05  2.7946258E-04 -2.146701363198540E-04  2.7952693E-04  4.994936081910105E-04  2.7948320E-04  2.816300995240120E-04  2.7951283E-04 -3.896847706416108E-07  2.7950022E-04 -1.718229527360341E-04  2.7947788E-04 -4.351539066638747E-04  2.7953672E-04  6.313507407462315E-06          0
 570.0 -1.871363609001342E-03  2.7944436E-04  2.844437993986880E-03  2.7952333E-04 -3.018342360761987E-04  2.7952936E-04  6.799243153174130E-05  2.7947403E-04 -8.291934966077243E-05  2.7948431E-04  5.967050631111494E-04  2.7952586E-04  1.998876209218147E-04  2.7950059E-04 -1.744761538660962E-04  2.7951261E-04 -1.485468323532819E-04  2.7947304E-04 -2.740705418854347E-04  2.7954153E-04  6.286544715814823E-06          0
 575.0 -1.777609706921776E-03  2.7945118E-04  2.903060906079572E-03  2.7951691E-04 -2.517365594891578E-04  2.7952621E-04  6.336108396031275E-05  2.7947818E-04 -5.941013343680947E-05  2.7945425E-04  7.025442950770583E-04  2.7955598E-04  1.714312135588922E-04  2.7946789E-04 -1.621859020923459E-04  2.7954530E-04 -2.431279526699442E-04  2.7947838E-04 -9.843905450736448E-05  2.7953581E-04  6.259814255862929E-06          0
 580.0 -1.723657399998281E-03  2.7946222E-04  2.974855092948738E-03  2.7950646E-04 -1.724108175212610E-04  2.7952282E-04  4.191375105481246E-05  2.7948258E-04 -1.255031598458717E-04  2.7945770E-04  7.153102652100198E-04  2.7955258E-04  1.419925417540933E-04  2.7945021E-04 -1.838769298956547E-04  2.7956300E-04 -1.827933612625734E-04  2.7944571E-04 -3.979898832949308E-05  2.7956806E-04  6.233408226637401E-06          0
 585.0 -1.653149704192541E-03  2.7946073E-04  2.989019965367502E-03  2.7950861E-04 -1.831619428723935E-04  2.7952600E-04  6.469985046373715E-06  2.7948044E-04 -2.206873819836397E-04  2.7946481E-04  7.562316129272004E-04  2.7954550E-04  1.606913879748312E-04  2.7944246E-04 -1.925451889770448E-04  2.7957091E-04 -3.787898971686150E-05  2.7944431E-04  7.755949106499902E-05  2.7956925E-04  6.207524348507797E-06          0
 590.0 -1.573816415613357E-03  2.7946579E-04  2.984856496900257E-03  2.7950391E-04 -1.454424477506765E-04  2.7951069E-04 -1.617841666362617E-08  2.7949644E-04 -3.906021518045937E-04  2.7948547E-04  6.266360670411431E-04  2.7952543E-04  4.945562544744920E-05  2.7944648E-04 -1.519686576989897E-04  2.7956693E-04  6.199044302506003E-05  2.7946224E-04  1.583768522427536E-04  2.7955128E-04  6.181676687927822E-06          0
 595.0 -1.495529103321713E-03  2.7946207E-04  2.988118491855384E-03  2.7950776E-04 -1.703571446126674E-04  2.7947049E-04 -6.529467352677059E-05  2.7953733E-04 -5.758966281771169E-04  2.7951969E-04  4.773464934609019E-04  2.7949227E-04 -2.396508327374562E-04  2.7945429E-04 -8.040914764933832E-05  2.7955874E-04  2.523875372418693E-04  2.7944649E-04  2.436542208051628E-04  2.7956727E-04  6.155900148143714E-06          0
 600.0 -1.413485839297281E-03  2.7947771E-04  2.952087638064471E-03  2.7949243E-04 -5.823178027169581E-05  2.7944223E-04 -1.867887035946205E-04  2.7956639E-04 -7.249131059881103E-04  2.7955301E-04  2.104582117821937E-04  2.7945996E-04 -4.434487568045175E-04  2.7946698E-04 -1.825256173900764E-04  2.7954599E-04  2.033748193858426E-04  2.7950075E-04  2.066892244285919E-04  2.7951345E-04  6.130466454327214E-06          0
 605.0 -1.334453319636306E-03  2.7949007E-04  2.873810481221498E-03  2.7948028E-04  3.123452596699022E-05  2.7943346E-04 -3.278721054365557E-04  2.7957568E-04 -8.071845742073152E-04  2.7954453E-04  2.805437279619154E-05  2.7946921E-04 -5.069929441222857E-04  2.7949714E-04 -2.086158655197778E-04  2.7951596E-04 -1.050198982370384E-04  2.7950830E-04 -6.795107306258882E-05  2.7950629E-04  6.105196733944866E-06          0
 610.0 -1.253799930194296E-03  2.7950357E-04  2.780924566828576E-03  2.7946691E-04  1.286530457000137E-04  2.7941982E-04 -4.423217775988549E-04  2.7958946E-04 -9.255189976848919E-04  2.7954649E-04 -1.666409414461814E-04  2.7946763E-04 -6.048006164670989E-04  2.7951296E-04 -1.253770683481507E-04  2.7950042E-04 -1.173839749528674E-04  2.7953480E-04 -3.148346893095841E-04  2.7947982E-04  6.080113933692125E-06          0
 615.0 -1.152792352235551E-03  2.7950646E-04  2.701797415839966E-03  2.7946393E-04  1.501088131030966E-04  2.7940452E-04 -5.566452801464860E-04  2.7960473E-04 -9.637471364732738E-04  2.7957045E-04 -3.376308529940567E-04  2.7944349E-04 -7.141806693255492E-04  2.7950613E-04  6.425025578756548E-05  2.7950748E-04  1.013959547860453E-04  2.7950325E-04 -6.860104644452002E-04  2.7951134E-04  6.055359507484601E-06          0
 620.0 -1.064586370835436E-03  2.7950445E-04  2.618285466337152E-03  2.7946583E-04  1.362728437359543E-04  2.7940333E-04 -5.934538316557787E-04  2.7960558E-04 -9.321684171101478E-04  2.7957638E-04 -2.061247949921819E-04  2.7943702E-04 -7.216734988356855E-04  2.7945950E-04  5.543694420171676E-05  2.7955419E-04  3.564321902487329E-04  2.7946387E-04 -8.124729008723604E-04  2.7955070E-04  6.030902094502858E-06          0
 625.0 -9.511959663107947E-04  2.7951031E-04  2.526251684147239E-03  2.7945977E-04  1.784144772258871E-04  2.7940180E-04 -6.421072884860184E-04  2.7960636E-04 -7.673260540385998E-04  2.7958517E-04  6.022272457978898E-06  2.7942732E-04 -7.309186260635843E-04  2.7944609E-04  3.955865760634871E-05  2.7956753E-04  5.526196332788865E-04  2.7949175E-04 -7.606221233637713E-04  2.7952267E-04  6.006646737457061E-06          0
 630.0 -7.941476765934200E-04  2.7950625E-04  2.416927386425126E-03  2.7946362E-04  1.505842746692724E-04  2.7938808E-04 -6.723175133072199E-04  2.7961895E-04 -5.262865534004599E-04  2.7960059E-04  2.670902859761197E-04  2.7941085E-04 -8.273168062055882E-04  2.7948454E-04  7.577228066189668E-05  2.7952889E-04  6.711963733578298E-04  2.7946748E-04 -6.406004786441713E-04  2.7954687E-04  5.982666805956028E-06          0
 635.0 -6.569669423499823E-04  2.7949053E-04  2.279663289506491E-03  2.7947881E-04  4.044271097690059E-05  2.7938482E-04 -6.679988808566736E-04  2.7962105E-04 -2.518524860746160E-04  2.7960896E-04  4.673952133047027E-04  2.7940163E-04 -8.498909471395976E-04  2.7954868E-04 -1.067664476178417E-04  2.7946466E-04  8.243825574311967E-04  2.7948858E-04 -4.979331546153977E-04  2.7952621E-04  5.958806538290821E-06          0
