   1.0.0 # v: lpa-xrd version
5.00e+13 # d: dislocation density [m^-2]
 1  1  0 # z: direction of 'l' (line vector) [uvw]
 1  1  0 # b: Burgers vector direction [uvw]
 2  0  0 # g: diffraction vector direction (hkl)
0.250000 # C: contrast coefficient [1]
0.404940 # a: cell parameter [nm]
    6400 # s: side of the region of interest [nm] PBC1
0.345000 # nu: Poisson's number [1]
    2048 # nd: number of dislocations in the input file
  200000 # np: number of random points
#    L                   cos1       err_cos1                   sin1       err_sin1                   cos2       err_cos2                   sin2       err_sin2                   cos3       err_cos3                   sin3       err_sin3                   cos4       err_cos4                   sin4       err_sin4                   cos5       err_cos5                   sin5       err_sin5                   eps2       nrpo
   5.0  9.948147893342663E-01  1.6600458E-05 -1.843017805768160E-04  3.6606698E-05  9.828431353628980E-01  3.0786506E-05 -3.281863760003749E-04  6.6076263E-05  9.656107215576714E-01  4.5498195E-05 -4.409770195460915E-04  9.2133542E-05  9.440975048636731E-01  6.0514545E-05 -6.013820510104902E-04  1.1538609E-04  9.191152724159668E-01  7.5623562E-05 -7.586349465677645E-04  1.3611539E-04  1.903350769197948E-05          0
  10.0  9.820718972671248E-01  3.3449235E-05 -3.319565192826887E-04  6.6571274E-05  9.432572166329358E-01  6.2051306E-05 -6.268043732534056E-04  1.1564348E-04  8.904526957247926E-01  9.1623863E-05 -8.892686884820329E-04  1.5476670E-04  8.287579180057484E-01  1.2016382E-04 -1.159305848772233E-03  1.8567242E-04  7.620628993621776E-01  1.4663862E-04 -1.280851797654374E-03  2.0971764E-04  1.682811396354546E-05          0
  15.0  9.635396547372129E-01  5.0277784E-05 -4.920041722879686E-04  9.3033146E-05  8.891781102146135E-01  9.3090132E-05 -9.311738413291707E-04  1.5503612E-04  7.945918880557507E-01  1.3459408E-04 -1.225788815862507E-03  1.9864676E-04  6.922098220897545E-01  1.7103472E-04 -1.476254907172996E-03  2.2824638E-04  5.903900252504842E-01  2.0106637E-04 -1.596094043268928E-03  2.4762499E-04  1.551107029001523E-05          0
  20.0  9.403170854758316E-01  6.7013626E-05 -6.569030053486707E-04  1.1661190E-04  8.258793205764594E-01  1.2250981E-04 -1.149023317750551E-03  1.8614196E-04  6.906448216792005E-01  1.7186013E-04 -1.381594686575876E-03  2.2836714E-04  5.562981552552398E-01  2.1005551E-04 -1.630792536891407E-03  2.5244466E-04  4.349302938201949E-01  2.3701036E-04 -1.840368387717682E-03  2.6546153E-04  1.456908644693581E-05          0
  25.0  9.132484811881568E-01  8.3487402E-05 -7.928679438241964E-04  1.3768062E-04  7.572710705588983E-01  1.4968193E-04 -1.251967231908818E-03  2.1027773E-04  5.873326831443131E-01  2.0224110E-04 -1.497502997091647E-03  2.4780464E-04  4.337676599253325E-01  2.3730216E-04 -1.749840143465376E-03  2.6549798E-04  3.085966553740594E-01  2.5807323E-04 -2.130884978570068E-03  2.7334678E-04  1.383873374153095E-05          0
  30.0  8.830431573673271E-01  9.9619188E-05 -8.879238046135471E-04  1.5645084E-04  6.865711862428050E-01  1.7390286E-04 -1.345603044339137E-03  2.2874065E-04  4.903584324991873E-01  2.2573911E-04 -1.630901091598496E-03  2.6014314E-04  3.299683375088443E-01  2.5505197E-04 -2.001553974869410E-03  2.7227974E-04  2.126895335716834E-01  2.6939684E-04 -2.286615838050807E-03  2.7669719E-04  1.324220388075107E-05          0
  35.0  8.503116752495865E-01  1.1531920E-04 -9.621792299598467E-04  1.7310097E-04  6.163032008304576E-01  1.9492500E-04 -1.361817232485578E-03  2.4262625E-04  4.030251123812165E-01  2.4318208E-04 -1.805938890631883E-03  2.6773707E-04  2.461572928085358E-01  2.6592234E-04 -2.131929786041016E-03  2.7571812E-04  1.436872019522479E-01  2.7505740E-04 -2.122035444108801E-03  2.7807743E-04  1.274936040852984E-05          0
  40.0  8.156865227464294E-01  1.3036054E-04 -9.974069661443903E-04  1.8782596E-04  5.482428203941835E-01  2.1277955E-04 -1.403272382755819E-03  2.5291832E-04  3.268563413147155E-01  2.5562485E-04 -1.995572351013382E-03  2.7232915E-04  1.808606184046047E-01  2.7229103E-04 -2.190651896766864E-03  2.7740499E-04  9.584127656401326E-02  2.7765879E-04 -1.763753290805326E-03  2.7872002E-04  1.231845503157803E-05          0
  45.0  7.796762236800762E-01  1.4467375E-04 -9.998592466608203E-04  2.0078592E-04  4.837457667695670E-01  2.2761837E-04 -1.520775107134541E-03  2.6044060E-04  2.622080526498812E-01  2.6416537E-04 -2.151581507584682E-03  2.7509299E-04  1.314339216722998E-01  2.7584016E-04 -1.955331393595455E-03  2.7825251E-04  6.364735451288593E-02  2.7874423E-04 -1.264102839173933E-03  2.7908358E-04  1.193769968069336E-05          0
  50.0  7.427264615665828E-01  1.5822582E-04 -1.016767501316944E-03  2.1212281E-04  4.237992681175136E-01  2.3967680E-04 -1.647698298898383E-03  2.6588177E-04  2.083318167733176E-01  2.6989420E-04 -2.170400703626503E-03  2.7673243E-04  9.479129711130269E-02  2.7773032E-04 -1.556136729730533E-03  2.7870583E-04  4.229606548718540E-02  2.7921433E-04 -9.010063079641149E-04  2.7925421E-04  1.159756949225116E-05          0
  55.0  7.052586770706671E-01  1.7093263E-04 -1.013937314673940E-03  2.2200725E-04  3.688486784319114E-01  2.4933804E-04 -1.772718149265883E-03  2.6976547E-04  1.642845686867176E-01  2.7365239E-04 -2.201654545978069E-03  2.7767908E-04  6.818261342328953E-02  2.7867174E-04 -1.234554111841945E-03  2.7898693E-04  2.823837622899711E-02  2.7937043E-04 -6.993023360469180E-04  2.7938245E-04  1.129019087414095E-05          0
  60.0  6.676549604707247E-01  1.8275925E-04 -1.004307160756623E-03  2.3058169E-04  3.191564398165937E-01  2.5689900E-04 -1.956640413875731E-03  2.7255776E-04  1.287609934732186E-01  2.7603847E-04 -2.099129166635349E-03  2.7825065E-04  4.882197772726771E-02  2.7909670E-04 -9.980946912469283E-04  2.7920180E-04  1.917275626585077E-02  2.7943329E-04 -4.519939656195630E-04  2.7944705E-04  1.100973978025108E-05          0
  65.0  6.302335674572479E-01  1.9367155E-04 -9.848275673884545E-04  2.3800495E-04  2.746182051949456E-01  2.6278706E-04 -2.105072896035554E-03  2.7451922E-04  1.004567394504396E-01  2.7750614E-04 -1.902910284445092E-03  2.7861723E-04  3.511156700763950E-02  2.7928786E-04 -6.221949127305749E-04  2.7933981E-04  1.360118109906969E-02  2.7941034E-04 -2.467477773490502E-04  2.7952751E-04  1.075137374073000E-05          0
  70.0  5.932223210774219E-01  2.0373204E-04 -9.651073076066827E-04  2.4437866E-04  2.352515129097830E-01  2.6728747E-04 -2.254788346012654E-03  2.7588556E-04  7.810038606318695E-02  2.7836280E-04 -1.584734830633976E-03  2.7888700E-04  2.550800111800988E-02  2.7936711E-04 -4.207692914511688E-04  2.7942974E-04  9.912906101797925E-03  2.7945644E-04 -2.467589149759650E-04  2.7950945E-04  1.051165775945145E-05          0
  75.0  5.569401895821994E-01  2.1289774E-04 -9.499245180213833E-04  2.4984058E-04  2.006923201655645E-01  2.7070122E-04 -2.296564286765124E-03  2.7682563E-04  6.061404397831609E-02  2.7883955E-04 -1.301447320585475E-03  2.7909486E-04  1.887907396817785E-02  2.7935855E-04 -1.830806934821160E-04  2.7952555E-04  7.258948088816360E-03  2.7949041E-04 -3.388832312727456E-04  2.7949150E-04  1.028982245412775E-05          0
  80.0  5.215407019439442E-01  2.2121758E-04 -9.496832317373358E-04  2.5450277E-04  1.705910955402910E-01  2.7323331E-04 -2.292429674107920E-03  2.7749541E-04  4.714006426851095E-02  2.7910882E-04 -1.039265512240402E-03  2.7923753E-04  1.414650839759400E-02  2.7939863E-04 -9.880928617074215E-05  2.7953382E-04  5.347631730308442E-03  2.7946339E-04 -3.396222737797644E-04  2.7952760E-04  1.008279289559535E-05          0
  85.0  4.872107864710252E-01  2.2870518E-04 -9.889040485611710E-04  2.5848029E-04  1.444749282410481E-01  2.7511493E-04 -2.279420440249683E-03  2.7795691E-04  3.663489192477312E-02  2.7926545E-04 -7.101938113049234E-04  2.7933184E-04  1.088102899083058E-02  2.7943589E-04 -6.030832237251873E-05  2.7952314E-04  3.871319218072536E-03  2.7947454E-04 -2.454588866022864E-04  2.7952165E-04  9.888300234492869E-06          0
  90.0  4.540797673734854E-01  2.3541906E-04 -1.034930260501237E-03  2.6185338E-04  1.220115630553125E-01  2.7647471E-04 -2.160134024017470E-03  2.7829429E-04  2.863486418212723E-02  2.7935513E-04 -2.951464442771588E-04  2.7939193E-04  8.491048280789391E-03  2.7946152E-04 -1.259312478431044E-04  2.7951324E-04  2.777257933158420E-03  2.7945915E-04 -2.192698479326579E-04  2.7954002E-04  9.704827736622241E-06          0
  95.0  4.222931722962358E-01  2.4139473E-04 -1.083467992510416E-03  2.6470589E-04  1.027899220393782E-01  2.7744415E-04 -1.991349193766904E-03  2.7854589E-04  2.254241367776565E-02  2.7940623E-04 -7.189914707512643E-06  2.7943208E-04  6.705403061233173E-03  2.7946791E-04 -3.339690848942088E-04  2.7951688E-04  1.951416062670540E-03  2.7947618E-04 -2.894894740268559E-04  2.7952424E-04  9.530822063375624E-06          0
 100.0  3.918603123836490E-01  2.4670021E-04 -1.144448102295909E-03  2.6711412E-04  8.640257741258531E-02  2.7813539E-04 -1.769418643371477E-03  2.7872955E-04  1.794169396059697E-02  2.7946441E-04  1.857149537514294E-04  2.7942978E-04  5.401375994379728E-03  2.7946263E-04 -5.333375887184709E-04  2.7952800E-04  1.354626914096266E-03  2.7952682E-04 -2.953442849732145E-04  2.7947422E-04  9.366015520407245E-06          0
 105.0  3.628591571374715E-01  2.5139634E-04 -1.181018203430726E-03  2.6912821E-04  7.258662657296715E-02  2.7860576E-04 -1.504177239310591E-03  2.7887894E-04  1.436619250013428E-02  2.7949303E-04  2.520409913707875E-04  2.7943632E-04  4.341179836422285E-03  2.7948719E-04 -5.635736328764084E-04  2.7950706E-04  9.386605755900226E-04  2.7953211E-04 -3.896430076477127E-04  2.7947050E-04  9.209701991371985E-06          0
 110.0  3.353376715653462E-01  2.5552745E-04 -1.226550427348694E-03  2.7080959E-04  6.097602063497525E-02  2.7892264E-04 -1.217541154499382E-03  2.7900030E-04  1.175458258867471E-02  2.7949095E-04  2.824143660003528E-04  2.7946047E-04  3.480659091562757E-03  2.7949219E-04 -6.767283825291409E-04  2.7950445E-04  5.793254415521380E-04  2.7953244E-04 -5.148463604001253E-04  2.7947193E-04  9.062244530578638E-06          0
 115.0  3.093126825456840E-01  2.5913248E-04 -1.247207265267199E-03  2.7222001E-04  5.118317719957124E-02  2.7911336E-04 -9.155024074242633E-04  2.7912004E-04  9.818005134341896E-03  2.7951300E-04  3.014484863665025E-04  2.7945308E-04  2.629386508462605E-03  2.7950861E-04 -7.187442715117114E-04  2.7948980E-04  3.851174234367888E-04  2.7955418E-04 -4.345270295786548E-04  2.7945177E-04  8.920524239959759E-06          0
 120.0  2.848218514917922E-01  2.6225986E-04 -1.295280946514939E-03  2.7339817E-04  4.296716547988676E-02  2.7922149E-04 -5.694439158356356E-04  2.7923131E-04  8.271005458280611E-03  2.7953678E-04  6.829288683495765E-05  2.7943912E-04  1.838190715550097E-03  2.7951113E-04 -5.465671497702476E-04  2.7948794E-04  3.669808990069743E-04  2.7954082E-04 -2.794069703215269E-04  2.7946657E-04  8.785088533848162E-06          0
 125.0  2.617795273425383E-01  2.6497464E-04 -1.347359744461250E-03  2.7437794E-04  3.610995699649087E-02  2.7928912E-04 -2.716152494508767E-04  2.7931780E-04  7.006399159684388E-03  2.7953760E-04 -8.724340659232402E-05  2.7944501E-04  1.224306366053262E-03  2.7954397E-04 -3.251669229987437E-04  2.7945588E-04  1.956325148090542E-04  2.7952103E-04 -1.895882333953863E-04  2.7948870E-04  8.656113428487978E-06          0
 130.0  2.402171141462639E-01  2.6731654E-04 -1.393886354576923E-03  2.7518765E-04  3.042581770153098E-02  2.7931538E-04  4.661339869310976E-05  2.7939973E-04  5.980488392593029E-03  2.7955872E-04 -2.264236586456769E-04  2.7942880E-04  6.449227811073318E-04  2.7955294E-04 -1.186664392175403E-04  2.7944835E-04  1.410801795697693E-04  2.7951030E-04  1.002565927872112E-04  2.7950115E-04  8.532390568360889E-06          0
 135.0  2.200731562081044E-01  2.6933325E-04 -1.402467437283404E-03  2.7585322E-04  2.574139515227142E-02  2.7933128E-04  2.503408667042061E-04  2.7945953E-04  5.071440953349169E-03  2.7957149E-04 -3.667140462888617E-04  2.7941969E-04  2.236964568035090E-04  2.7956167E-04  1.127215664835166E-04  2.7944108E-04  1.030397237689074E-04  2.7949734E-04  3.085612215068816E-04  2.7951485E-04  8.413394900692308E-06          0
 140.0  2.013589737911959E-01  2.7105069E-04 -1.381706808941157E-03  2.7640530E-04  2.184852055206216E-02  2.7934407E-04  3.570284819531935E-04  2.7950009E-04  4.172959373033649E-03  2.7955575E-04 -4.956887926039842E-04  2.7943816E-04 -6.073746393200248E-05  2.7957943E-04  2.445779977597012E-04  2.7942450E-04  2.129734733013719E-04  2.7954829E-04  4.009686437984837E-04  2.7946392E-04  8.298891189242454E-06          0
 145.0  1.840171667654888E-01  2.7251373E-04 -1.392063439288628E-03  2.7685616E-04  1.866374009707526E-02  2.7936655E-04  4.062802164037986E-04  2.7951484E-04  3.333167406646148E-03  2.7954184E-04 -4.985722202433824E-04  2.7945426E-04 -1.614671679240855E-04  2.7957247E-04  2.981534283508020E-04  2.7943284E-04  1.634246807713117E-04  2.7957755E-04  7.316568164859169E-04  2.7943415E-04  8.188324470226046E-06          0
 150.0  1.679617648759787E-01  2.7375475E-04 -1.419049784876040E-03  2.7722759E-04  1.603689258235756E-02  2.7939718E-04  4.582945073461415E-04  2.7951124E-04  2.627562309374270E-03  2.7948965E-04 -4.464468056288202E-04  2.7950865E-04 -1.283667084536308E-04  2.7957430E-04  3.458852445062716E-04  2.7943262E-04  1.110936847290507E-04  2.7961614E-04  7.267029573693401E-04  2.7939508E-04  8.081932623006398E-06          0
 155.0  1.531282517668145E-01  2.7480597E-04 -1.410095418471721E-03  2.7753092E-04  1.388877124373081E-02  2.7942377E-04  5.144029606046398E-04  2.7950468E-04  2.066966720947157E-03  2.7947030E-04 -3.193611760923434E-04  2.7952989E-04 -7.358203461115841E-05  2.7954339E-04  2.939861285887841E-04  2.7946486E-04  8.297257537186116E-05  2.7965600E-04  5.419968741640737E-04  2.7935490E-04  7.979222644857741E-06          0
 160.0  1.394779376282145E-01  2.7569136E-04 -1.375611802225425E-03  2.7777882E-04  1.213317346091390E-02  2.7945533E-04  5.228340979684387E-04  2.7948815E-04  1.499975751616808E-03  2.7945113E-04 -1.854103663624778E-04  2.7955015E-04  5.266503505161621E-05  2.7953323E-04  3.192289206068736E-04  2.7947603E-04  1.185671725900662E-04  2.7964441E-04  1.803997923604420E-04  2.7936671E-04  7.879616363716165E-06          0
 165.0  1.269264979954314E-01  2.7642402E-04 -1.340308596754071E-03  2.7799277E-04  1.061638459810368E-02  2.7948804E-04  4.793342038388219E-04  2.7946742E-04  9.842866565369908E-04  2.7946555E-04 -1.503309354837443E-04  2.7953634E-04  2.087356541695467E-04  2.7951995E-04  5.409586056920662E-04  2.7948964E-04  1.062249744003861E-04  2.7966277E-04  1.442941472346805E-04  2.7934850E-04  7.783020319854230E-06          0
 170.0  1.154032322463655E-01  2.7704119E-04 -1.309148697209414E-03  2.7816484E-04  9.394204887990585E-03  2.7952154E-04  4.647419280537988E-04  2.7944335E-04  5.716564955210117E-04  2.7950147E-04  7.582833141794035E-06  2.7950065E-04  3.892551102738895E-04  2.7952017E-04  8.211773801655568E-04  2.7948961E-04  2.409782471715561E-05  2.7965410E-04  2.147489532852500E-04  2.7935723E-04  7.689370133088067E-06          0
 175.0  1.048452968682158E-01  2.7755540E-04 -1.258689412387653E-03  2.7830695E-04  8.383977700311096E-03  2.7954948E-04  4.021188926847931E-04  2.7942254E-04  2.870060559248599E-04  2.7955690E-04  1.350431384334816E-04  2.7944519E-04  5.442657899676079E-04  2.7950237E-04  9.680862551330126E-04  2.7950774E-04 -7.279733776751636E-05  2.7960922E-04  1.699251821779305E-04  2.7940202E-04  7.598102983284815E-06          0
 180.0  9.520288045873729E-02  2.7797768E-04 -1.207185149829979E-03  2.7842824E-04  7.519395720372657E-03  2.7955470E-04  3.841667817191983E-04  2.7942292E-04 -5.908563791971948E-05  2.7959557E-04  1.843652451417929E-04  2.7940666E-04  5.460241215783625E-04  2.7949630E-04  1.010225212975743E-03  2.7951358E-04 -1.123119167349200E-04  2.7955317E-04  1.230891045281166E-04  2.7945817E-04  7.509901178486441E-06          0
 185.0  8.640706375984977E-02  2.7832546E-04 -1.146209073522703E-03  2.7852976E-04  6.792614207382374E-03  2.7953180E-04  3.206370119341501E-04  2.7945014E-04 -2.753725047536347E-04  2.7958445E-04  3.792602131374636E-04  2.7941811E-04  3.547248414350967E-04  2.7953543E-04  8.632811098550311E-04  2.7947423E-04 -1.121645985349453E-05  2.7956294E-04  2.314021193645066E-04  2.7944827E-04  7.423932891861848E-06          0
 190.0  7.840188174763352E-02  2.7861313E-04 -1.105035241814460E-03  2.7861294E-04  6.195810248603789E-03  2.7950941E-04  3.291998882614508E-04  2.7947584E-04 -4.316931332232564E-04  2.7953701E-04  5.527570398396016E-04  2.7946647E-04  1.737658575664411E-04  2.7951730E-04  8.452559938388034E-04  2.7949189E-04  9.202182731863522E-05  2.7951681E-04  4.794821956953551E-04  2.7949472E-04  7.340362299887424E-06          0
 195.0  7.113426204269907E-02  2.7884068E-04 -1.048638611641796E-03  2.7869043E-04  5.638079515959731E-03  2.7949328E-04  3.236399420873145E-04  2.7949497E-04 -5.190506756966540E-04  2.7952791E-04  7.168239603451231E-04  2.7947646E-04  3.954505275033352E-05  2.7950100E-04  6.995680677411092E-04  2.7950781E-04  1.378676962731165E-04  2.7949814E-04  6.006351099729279E-04  2.7951423E-04  7.258975498743393E-06          0
 200.0  6.452758502602088E-02  2.7903132E-04 -9.595874589638440E-04  2.7875108E-04  5.198832652848282E-03  2.7947330E-04  3.070278766503390E-04  2.7951732E-04 -6.348529187431576E-04  2.7954374E-04  8.792849766428600E-04  2.7946165E-04 -1.169882793952169E-04  2.7950219E-04  5.328310258315194E-04  2.7950675E-04  8.311504308174094E-05  2.7951361E-04  6.041317564675375E-04  2.7949924E-04  7.179757076248804E-06          0
 205.0  5.856334526398257E-02  2.7917701E-04 -8.493588786292910E-04  2.7881122E-04  4.763361812755023E-03  2.7944521E-04  2.653729981413980E-04  2.7954744E-04 -6.691222236330755E-04  2.7952575E-04  1.098788523327278E-03  2.7948004E-04 -3.294182294409751E-04  2.7952069E-04  4.049536122160729E-04  2.7948895E-04 -1.744322913744449E-05  2.7952344E-04  5.039407866960322E-04  2.7948903E-04  7.102769639153779E-06          0
 210.0  5.317302101028817E-02  2.7930000E-04 -7.359171917619826E-04  2.7885714E-04  4.428769505201522E-03  2.7943871E-04  2.015024306303922E-04  2.7955548E-04 -6.130105856967890E-04  2.7951733E-04  1.242692542128329E-03  2.7948879E-04 -3.842913007869130E-04  2.7954981E-04  2.179399043188678E-04  2.7946079E-04  9.701129338215682E-06  2.7952165E-04  3.620967124530201E-04  2.7949031E-04  7.027571652923154E-06          0
 215.0  4.826414396330629E-02  2.7939606E-04 -6.001967337720848E-04  2.7890051E-04  4.111524537698964E-03  2.7944601E-04  5.117925749733386E-05  2.7954954E-04 -5.578726218403388E-04  2.7948480E-04  1.210756239988149E-03  2.7952152E-04 -3.394528838884670E-04  2.7958405E-04  8.511292462742979E-05  2.7942687E-04 -2.619973203389460E-05  2.7953825E-04  4.198293914481518E-04  2.7947312E-04  6.954089554530919E-06          0
 220.0  4.383012367110403E-02  2.7945865E-04 -4.443880103474710E-04  2.7895224E-04  3.735017297231400E-03  2.7945123E-04 -4.485999440193505E-05  2.7954551E-04 -4.866374876264432E-04  2.7944988E-04  1.164565375195499E-03  2.7955630E-04 -3.102046467176521E-04  2.7957446E-04  2.752544317548027E-05  2.7943697E-04  5.072948525585389E-05  2.7950109E-04  5.532360589949858E-04  2.7951005E-04  6.882363112176511E-06          0
 225.0  3.982325354633619E-02  2.7950305E-04 -3.029931494873892E-04  2.7900146E-04  3.376011008002709E-03  2.7943425E-04 -1.296970901645040E-04  2.7956365E-04 -4.589361747557991E-04  2.7941287E-04  1.047889909988801E-03  2.7959359E-04 -4.392520272937848E-04  2.7955953E-04  1.275213834427689E-05  2.7945254E-04  1.244792801620184E-04  2.7946412E-04  7.149695653172535E-04  2.7954754E-04  6.812162643108938E-06          0
 230.0  3.618316277098154E-02  2.7953407E-04 -2.039028772287933E-04  2.7904774E-04  3.037542553165349E-03  2.7942473E-04 -2.230625272884526E-04  2.7957415E-04 -5.636505714209252E-04  2.7939591E-04  1.046910067639460E-03  2.7961097E-04 -5.140159038501470E-04  2.7957939E-04  1.509108766906299E-04  2.7943314E-04  1.521983501237393E-04  2.7941121E-04  8.195751440908000E-04  2.7960081E-04  6.744119282586042E-06          0
 235.0  3.292139128028472E-02  2.7955922E-04 -1.103606728269294E-04  2.7908506E-04  2.761312793747927E-03  2.7942799E-04 -2.613110193563135E-04  2.7957158E-04 -5.737133340583708E-04  2.7939283E-04  1.055863262364503E-03  2.7961432E-04 -4.930813807714673E-04  2.7956032E-04  2.063296567499952E-04  2.7945232E-04  7.274304664352927E-05  2.7942046E-04  9.932101293426100E-04  2.7959191E-04  6.677297869343752E-06          0
 240.0  2.998704198156828E-02  2.7957263E-04 -3.172657854925956E-05  2.7912284E-04  2.482305594243902E-03  2.7944401E-04 -3.313730142729614E-04  2.7955584E-04 -6.735651793492924E-04  2.7942726E-04  9.608030543035173E-04  2.7958034E-04 -3.788118539209872E-04  2.7955786E-04  1.659502417970665E-04  2.7945413E-04  6.588600490787727E-05  2.7944694E-04  1.074923342305312E-03  2.7956604E-04  6.611891308184590E-06          0
 245.0  2.734401861073101E-02  2.7958490E-04  2.830525410868059E-05  2.7915242E-04  2.262384086682790E-03  2.7945473E-04 -3.670188328301315E-04  2.7954504E-04 -6.541158779668614E-04  2.7947595E-04  8.627000885358864E-04  2.7953229E-04 -3.017346224632181E-04  2.7952045E-04  1.667652140421212E-04  2.7949108E-04  2.018424512713972E-04  2.7947174E-04  1.176835778558392E-03  2.7954153E-04  6.547877328753643E-06          0
 250.0  2.496512135982960E-02  2.7959179E-04  9.215630336499053E-05  2.7918000E-04  2.058482366419782E-03  2.7948992E-04 -3.932886728646718E-04  2.7950991E-04 -5.728153750451085E-04  2.7949641E-04  7.333277989229265E-04  2.7951239E-04 -5.012188815901963E-05  2.7950677E-04  1.975976611397290E-04  2.7950405E-04  2.390767727304788E-04  2.7953353E-04  1.136556311465785E-03  2.7947997E-04  6.485105874717117E-06          0
 255.0  2.283870479927909E-02  2.7959547E-04  1.696195619776159E-04  2.7920406E-04  1.877900626369307E-03  2.7950042E-04 -3.996671604459833E-04  2.7949906E-04 -4.763061173449064E-04  2.7953297E-04  6.351624699218937E-04  2.7947615E-04  2.636932708394676E-05  2.7952426E-04  2.999034486607528E-04  2.7948660E-04  2.429047210122417E-04  2.7959409E-04  9.950683241825653E-04  2.7941972E-04  6.423875719172558E-06          0
 260.0  2.090550120781808E-02  2.7958921E-04  2.399940614369197E-04  2.7923291E-04  1.661928130544950E-03  2.7949192E-04 -3.547770350206027E-04  2.7950729E-04 -3.339289996932392E-04  2.7955804E-04  6.517569662927035E-04  2.7945110E-04 -3.256863790758631E-05  2.7953894E-04  4.502747875055207E-04  2.7947194E-04  3.163365304062350E-04  2.7962890E-04  8.046365361319267E-04  2.7938540E-04  6.364079208369220E-06          0
 265.0  1.919767263438178E-02  2.7958552E-04  2.706058182962324E-04  2.7925516E-04  1.496935279740876E-03  2.7948640E-04 -2.676752479910959E-04  2.7951254E-04 -2.360463575420895E-04  2.7957902E-04  6.688016834914966E-04  2.7942971E-04 -7.128610816101076E-05  2.7952146E-04  5.078118061219514E-04  2.7948982E-04  4.637378876320397E-04  2.7961020E-04  4.679167750007401E-04  2.7940446E-04  6.305575382194370E-06          0
 270.0  1.769195157927124E-02  2.7958037E-04  2.974478688385107E-04  2.7927521E-04  1.347945536727161E-03  2.7946958E-04 -1.430986127277591E-04  2.7952891E-04 -2.381521465963755E-04  2.7957808E-04  7.467209649610339E-04  2.7943010E-04 -1.907213287110830E-04  2.7954809E-04  4.115557667188214E-04  2.7946348E-04  3.862409490868992E-04  2.7961367E-04  3.896261833972473E-04  2.7940110E-04  6.248490488491012E-06          0
 275.0  1.633257549418898E-02  2.7957970E-04  3.081124128110624E-04  2.7928826E-04  1.248343953227684E-03  2.7947640E-04  6.293789471784809E-06  2.7952163E-04 -4.048640205789886E-04  2.7957402E-04  7.574092312102250E-04  2.7943367E-04 -1.418120940082460E-04  2.7955529E-04  4.911723371153963E-04  2.7945654E-04  1.314382521553256E-04  2.7954503E-04  4.145233692575456E-04  2.7946990E-04  6.192246999814907E-06          0
 280.0  1.509432367534166E-02  2.7956888E-04  3.154834547422676E-04  2.7930970E-04  1.090154095125382E-03  2.7948817E-04  1.001326322941403E-04  2.7950993E-04 -5.985454983625269E-04  2.7955900E-04  8.377938661114343E-04  2.7944856E-04 -6.047821001848719E-05  2.7959844E-04  5.798673417110261E-04  2.7941369E-04  3.983409317347687E-05  2.7949134E-04  3.379953151776369E-04  2.7952351E-04  6.137012040760833E-06          0
 285.0  1.398740782329364E-02  2.7955333E-04  3.179701999844769E-04  2.7933439E-04  9.111037436797481E-04  2.7949313E-04  2.044505294216108E-04  2.7950507E-04 -7.233284417808585E-04  2.7955391E-04  9.447924612168117E-04  2.7945361E-04 -2.787704284984019E-05  2.7959649E-04  5.768389554305395E-04  2.7941539E-04  1.211070740627442E-04  2.7949727E-04  1.947511281102326E-04  2.7951766E-04  6.082979550717437E-06          0
 290.0  1.300781256705127E-02  2.7952849E-04  3.113411962461831E-04  2.7936657E-04  6.785567339041532E-04  2.7951511E-04  2.662164894085480E-04  2.7948309E-04 -7.777094964288053E-04  2.7954609E-04  1.027799303560447E-03  2.7946190E-04  1.265139055622216E-04  2.7962712E-04  6.352541237509948E-04  2.7938439E-04  2.470407389973796E-04  2.7946284E-04 -1.422099465830775E-04  2.7955152E-04  6.029984391019288E-06          0
 295.0  1.215630347799972E-02  2.7951227E-04  2.513038670771868E-04  2.7938851E-04  5.184236360334437E-04  2.7953156E-04  3.424403696546968E-04  2.7946696E-04 -7.773849290093509E-04  2.7953439E-04  1.108883558461813E-03  2.7947393E-04  2.393275609530557E-04  2.7963867E-04  6.233727875500465E-04  2.7937242E-04  2.855347819871200E-04  2.7943232E-04 -3.453507189426985E-04  2.7958152E-04  5.977768936497552E-06          0
 300.0  1.137780597922616E-02  2.7950696E-04  1.951610491914703E-04  2.7939882E-04  4.428520846900331E-04  2.7952416E-04  3.893572071729810E-04  2.7947446E-04 -6.483726732875942E-04  2.7954689E-04  1.158609496090305E-03  2.7946187E-04  1.817458471200145E-04  2.7960943E-04  5.156316661914230E-04  2.7940175E-04  1.811046904300078E-04  2.7937288E-04 -4.303025604616113E-04  2.7964043E-04  5.926788689187999E-06          0
 305.0  1.068262337792697E-02  2.7948681E-04  1.323509514672439E-04  2.7942352E-04  2.656109053021998E-04  2.7951071E-04  4.263673567787389E-04  2.7948808E-04 -4.613277398675528E-04  2.7957392E-04  1.055338633860302E-03  2.7943520E-04  8.107154329893074E-05  2.7951919E-04  3.254801645633551E-04  2.7949230E-04  3.773335946002612E-05  2.7932913E-04 -4.871496089168260E-04  2.7968352E-04  5.876664452222628E-06          0
 310.0  1.009597334606361E-02  2.7946454E-04  6.606201064236785E-05  2.7944956E-04  7.979840990677192E-05  2.7950727E-04  4.333980024344595E-04  2.7949185E-04 -2.668263592996858E-04  2.7957983E-04  7.972553591332903E-04  2.7943010E-04  5.170014251482761E-05  2.7940832E-04  3.273548312481884E-04  2.7960308E-04 -8.475280749827451E-05  2.7940316E-04 -5.475366813224753E-04  2.7960925E-04  5.827517157162579E-06          0
 315.0  9.590668785942448E-03  2.7944372E-04 -2.585031078667431E-05  2.7947384E-04 -9.195687460807460E-05  2.7948366E-04  4.379976238180488E-04  2.7951582E-04 -4.683771402611888E-05  2.7956896E-04  5.483571403949618E-04  2.7944174E-04 -1.212136380372602E-04  2.7936444E-04  1.988499573427508E-04  2.7964698E-04 -2.776568118812509E-04  2.7945247E-04 -5.506815319126030E-04  2.7955963E-04  5.779038894923484E-06          0
 320.0  9.142481707211603E-03  2.7942848E-04 -9.551480641001704E-05  2.7949221E-04 -2.205461611091660E-04  2.7947141E-04  4.299308606589678E-04  2.7952812E-04  1.285382029941792E-04  2.7957212E-04  4.440925684599335E-04  2.7943879E-04 -2.103531116173935E-04  2.7933944E-04 -1.291317547389166E-06  2.7967192E-04 -5.782809612810692E-04  2.7949515E-04 -6.656455387749742E-04  2.7951702E-04  5.731427357440095E-06          0
 325.0  8.747195151679776E-03  2.7942002E-04 -1.870970069626505E-04  2.7950359E-04 -2.982546136723968E-04  2.7945512E-04  3.812197957982647E-04  2.7954456E-04  2.119333206781824E-04  2.7955547E-04  3.067753110334064E-04  2.7945530E-04 -3.280081971401608E-04  2.7932773E-04 -1.729548391076042E-04  2.7968294E-04 -7.881759891619522E-04  2.7951452E-04 -7.458655802972252E-04  2.7949785E-04  5.684813212417992E-06          0
 330.0  8.409022679890726E-03  2.7941871E-04 -2.557317639953033E-04  2.7950742E-04 -3.227699818065957E-04  2.7944603E-04  2.816250194098949E-04  2.7955377E-04  2.987758146742617E-04  2.7952280E-04  9.690066363965224E-05  2.7948759E-04 -3.938480525263827E-04  2.7933803E-04 -2.274283747614156E-04  2.7967258E-04 -1.033380676996840E-03  2.7953527E-04 -6.698918824730089E-04  2.7947702E-04  5.638915998141020E-06          0
 335.0  8.092202074233782E-03  2.7941546E-04 -3.508184959239289E-04  2.7951276E-04 -3.591344831454448E-04  2.7943281E-04  1.793310424164162E-04  2.7956697E-04  3.730137150538597E-04  2.7948999E-04 -5.484534330765887E-05  2.7951989E-04 -4.881363077258809E-04  2.7933832E-04 -3.678763290450304E-04  2.7967219E-04 -1.169065179709481E-03  2.7954032E-04 -4.632474882404826E-04  2.7947237E-04  5.593998609668488E-06          0
 340.0  7.797962620953483E-03  2.7941372E-04 -4.616979311091384E-04  2.7951637E-04 -3.816716048651047E-04  2.7939576E-04  2.065200140499512E-05  2.7960393E-04  4.601425854701556E-04  2.7948836E-04 -2.394670428453328E-04  2.7952112E-04 -7.535384575114686E-04  2.7933942E-04 -5.010409131156395E-04  2.7967135E-04 -9.557027248909878E-04  2.7952387E-04 -2.527038035887171E-04  2.7948940E-04  5.549601506780340E-06          0
 345.0  7.511501957551828E-03  2.7940909E-04 -5.261795387742343E-04  2.7952345E-04 -4.249422326706392E-04  2.7938421E-04 -1.868810626341930E-04  2.7961522E-04  5.429054069420770E-04  2.7946816E-04 -3.205789644326756E-04  2.7954089E-04 -8.340572411954765E-04  2.7936945E-04 -6.784684720445274E-04  2.7964114E-04 -7.231621738685602E-04  2.7951290E-04 -2.317885577649805E-04  2.7950079E-04  5.506041842026827E-06          0
 350.0  7.292833604264762E-03  2.7941894E-04 -6.228861693460362E-04  2.7951565E-04 -3.627717073872857E-04  2.7935301E-04 -2.885291852696188E-04  2.7964627E-04  5.794019934835537E-04  2.7948331E-04 -3.759913543763955E-04  2.7952537E-04 -1.054848793605917E-03  2.7944862E-04 -9.092967354947404E-04  2.7956181E-04 -5.461608720710274E-04  2.7949034E-04 -2.409786780469957E-04  2.7952372E-04  5.463045450181326E-06          0
 355.0  7.077182530677394E-03  2.7942660E-04 -7.706216525289980E-04  2.7950978E-04 -3.149070430798658E-04  2.7933883E-04 -3.761769164083460E-04  2.7966029E-04  6.753663923156638E-04  2.7948608E-04 -3.315533214130838E-04  2.7952207E-04 -1.153903279240954E-03  2.7951821E-04 -1.058266513748256E-03  2.7949245E-04 -4.871564355115765E-04  2.7951008E-04 -3.547444562008456E-04  2.7950430E-04  5.421044163328658E-06          0
 360.0  6.868747362154287E-03  2.7942630E-04 -8.628725110248984E-04  2.7951195E-04 -3.242928552240515E-04  2.7932343E-04 -4.405177812569208E-04  2.7967552E-04  7.721017800951933E-04  2.7949151E-04 -2.015842803800305E-04  2.7951606E-04 -1.260737142181689E-03  2.7954031E-04 -1.049798271154180E-03  2.7947065E-04 -1.695459118326794E-04  2.7950854E-04 -4.058879000547166E-04  2.7950590E-04  5.379503630847996E-06          0
 365.0  6.667725523664111E-03  2.7942489E-04 -9.492070986015764E-04  2.7951518E-04 -3.414880009711558E-04  2.7932575E-04 -5.131042739338339E-04  2.7967287E-04  8.423986587861848E-04  2.7952692E-04 -5.705622534295074E-05  2.7948021E-04 -1.240512565350023E-03  2.7954372E-04 -1.042873350332333E-03  2.7946759E-04  1.415564161612795E-04  2.7949534E-04 -3.828587015013318E-04  2.7951877E-04  5.338574836515641E-06          0
 370.0  6.505741949942310E-03  2.7942360E-04 -1.070542088962104E-03  2.7951829E-04 -3.560270923291225E-04  2.7935421E-04 -4.784826263845562E-04  2.7964439E-04  8.046245570707648E-04  2.7953811E-04  8.498469535144918E-05  2.7946882E-04 -1.033140533503266E-03  2.7954477E-04 -1.010644813339015E-03  2.7946700E-04  3.665244399268510E-04  2.7950241E-04 -3.441926848579123E-04  2.7951161E-04  5.298340121032930E-06          0
 375.0  6.336670571315184E-03  2.7942567E-04 -1.149098105741332E-03  2.7951777E-04 -3.461684117997367E-04  2.7939636E-04 -5.444318436921378E-04  2.7960209E-04  8.529679649195509E-04  2.7948917E-04  1.328343757823307E-04  2.7951785E-04 -7.278580641872642E-04  2.7952090E-04 -9.908462680477273E-04  2.7949100E-04  2.226685822209251E-04  2.7949075E-04 -5.753488391204792E-04  2.7952313E-04  5.258733472090095E-06          0
 380.0  6.187753536751344E-03  2.7942696E-04 -1.246503803556346E-03  2.7951790E-04 -3.402134281129280E-04  2.7940241E-04 -5.669268161760911E-04  2.7959593E-04  7.656792732802373E-04  2.7948317E-04  1.738059014562020E-04  2.7952389E-04 -6.815570614283184E-04  2.7951466E-04 -1.006240964391903E-03  2.7949704E-04  1.695132341248349E-04  2.7952450E-04 -5.633586459059077E-04  2.7948910E-04  5.219875811767970E-06          0
 385.0  6.072282975120678E-03  2.7943298E-04 -1.311095479955895E-03  2.7951334E-04 -3.005331594111037E-04  2.7938005E-04 -5.454859923400687E-04  2.7961792E-04  6.358110938014385E-04  2.7948586E-04  1.906520468072856E-04  2.7952116E-04 -8.382593178366090E-04  2.7953241E-04 -1.051569184822317E-03  2.7947929E-04  3.065887421686727E-04  2.7951511E-04 -7.012254801663405E-04  2.7949797E-04  5.181504750212551E-06          0
 390.0  5.953194248452645E-03  2.7943253E-04 -1.399942547361889E-03  2.7951501E-04 -3.072914784054141E-04  2.7935616E-04 -4.937581178000980E-04  2.7964144E-04  5.648654590970560E-04  2.7946382E-04  2.349612166604364E-04  2.7954364E-04 -1.007282734108062E-03  2.7958570E-04 -1.021929357075014E-03  2.7942585E-04  4.151449963078941E-04  2.7952189E-04 -5.778412302741678E-04  2.7949090E-04  5.143805712651444E-06          0
 395.0  5.860085923068967E-03  2.7941451E-04 -1.478010631023921E-03  2.7953386E-04 -4.382330475757804E-04  2.7935118E-04 -4.052646918113367E-04  2.7964593E-04  4.907143694410257E-04  2.7942650E-04  2.452009863000246E-04  2.7958116E-04 -1.041561754219114E-03  2.7963423E-04 -1.052802426926273E-03  2.7937750E-04  4.704982297205853E-04  2.7956925E-04 -4.050057976081256E-04  2.7944411E-04  5.106636236339089E-06          0
 400.0  5.734817454222584E-03  2.7940689E-04 -1.514263789500424E-03  2.7954221E-04 -4.959975936590943E-04  2.7933903E-04 -3.386649512152943E-04  2.7965751E-04  3.627017937141441E-04  2.7939925E-04  3.334845844966026E-04  2.7960876E-04 -1.126463424124943E-03  2.7963635E-04 -1.072164391420817E-03  2.7937540E-04  4.616329371597248E-04  2.7959953E-04 -3.976852409252685E-04  2.7941402E-04  5.069948428954484E-06          0
 405.0  5.617146993864355E-03  2.7940042E-04 -1.535274973469853E-03  2.7954929E-04 -5.449242221473268E-04  2.7933064E-04 -2.662172149928340E-04  2.7966523E-04  1.983811548162225E-04  2.7939736E-04  4.620857186821615E-04  2.7961089E-04 -1.184678486762588E-03  2.7963896E-04 -1.026043334206171E-03  2.7937279E-04  4.909086001074831E-04  2.7957370E-04 -4.587492256523217E-04  2.7944022E-04  5.033824380978714E-06          0
 410.0  5.526251089620114E-03  2.7939848E-04 -1.533061927898590E-03  2.7955159E-04 -5.600921475846691E-04  2.7934665E-04 -1.576191344387365E-04  2.7964836E-04  1.220031147499569E-04  2.7938594E-04  4.844740497770965E-04  2.7962264E-04 -1.066952059702115E-03  2.7960689E-04 -9.184148345062258E-04  2.7940485E-04  4.112723373019762E-04  2.7955680E-04 -4.823887285933418E-04  2.7945737E-04  4.998312185086017E-06          0
 415.0  5.419676832710742E-03  2.7939600E-04 -1.529812494392609E-03  2.7955437E-04 -5.786741582232358E-04  2.7938465E-04 -1.773170475811211E-05  2.7960949E-04  6.326859384544851E-05  2.7940883E-04  5.658830224102242E-04  2.7959991E-04 -7.916705702117488E-04  2.7956584E-04 -6.955002604367676E-04  2.7944608E-04  7.411295430007199E-05  2.7947370E-04 -4.780295392748131E-04  2.7954050E-04  4.963231405285889E-06          0
 420.0  5.303949733025758E-03  2.7939886E-04 -1.523007917638499E-03  2.7955152E-04 -5.580045770338349E-04  2.7940387E-04  1.595286205123853E-04  2.7958920E-04  3.192350121242270E-05  2.7943896E-04  6.194064082273912E-04  2.7956986E-04 -6.492444269466390E-04  2.7953736E-04 -5.254380512397530E-04  2.7947469E-04 -2.413783129458193E-04  2.7948802E-04 -5.894421200483881E-04  2.7952607E-04  4.928531534066479E-06          0
 425.0  5.220913449136242E-03  2.7940706E-04 -1.537779325548427E-03  2.7954351E-04 -4.989322032217822E-04  2.7941571E-04  3.896754709661931E-04  2.7957658E-04 -2.513319428605387E-05  2.7946032E-04  5.940596322908400E-04  2.7954880E-04 -5.629300649109221E-04  2.7948036E-04 -3.135437790693429E-04  2.7953181E-04 -2.451869660048632E-04  2.7954356E-04 -6.620547157946398E-04  2.7947047E-04  4.894441854548043E-06          0
 430.0  5.133655851983659E-03  2.7941906E-04 -1.523851579684608E-03  2.7953199E-04 -4.125950463443758E-04  2.7942644E-04  6.191456894406994E-04  2.7956505E-04 -9.016119402731755E-05  2.7946909E-04  6.467595145956412E-04  2.7954027E-04 -4.861248333734698E-04  2.7947452E-04 -2.627549154478318E-05  2.7953774E-04 -2.230422006678069E-04  2.7957339E-04 -7.718342406782572E-04  2.7944012E-04  4.861007349392914E-06          0
 435.0  5.084270487809853E-03  2.7942713E-04 -1.443766884076137E-03  2.7952443E-04 -3.546159374027726E-04  2.7944084E-04  8.293065178727261E-04  2.7954982E-04 -7.005023209754875E-05  2.7946595E-04  7.044251452580842E-04  2.7954385E-04 -3.835662900892852E-04  2.7951226E-04  1.668951609993562E-04  2.7949994E-04 -3.800865254424559E-04  2.7952341E-04 -8.564853173820878E-04  2.7948933E-04  4.827955386615153E-06          0
 440.0  4.988827144471886E-03  2.7943845E-04 -1.400226895224652E-03  2.7951367E-04 -2.739710518203665E-04  2.7943756E-04  1.040978167142900E-03  2.7955181E-04 -4.251188716305415E-05  2.7948338E-04  7.144431314189992E-04  2.7952630E-04 -4.056656475044325E-04  2.7955723E-04  2.865287548021471E-04  2.7945502E-04 -5.298234273448266E-04  2.7948560E-04 -5.250013111682180E-04  2.7952721E-04  4.795251211105294E-06          0
 445.0  4.939876461936762E-03  2.7944771E-04 -1.316908140087443E-03  2.7950484E-04 -2.079533010283119E-04  2.7942311E-04  1.233680297573473E-03  2.7956506E-04  4.104848799189982E-05  2.7950254E-04  6.135057179845778E-04  2.7950684E-04 -5.086565163329018E-04  2.7956700E-04  4.342419579675886E-04  2.7944576E-04 -5.379227573166591E-04  2.7951172E-04 -2.562248013331663E-04  2.7950128E-04  4.763146828608397E-06          0
 450.0  4.886732363906749E-03  2.7945647E-04 -1.247538994246313E-03  2.7949666E-04 -1.457263687247016E-04  2.7940535E-04  1.384054429933001E-03  2.7958114E-04  6.968928739693849E-05  2.7951209E-04  4.737067294298454E-04  2.7949738E-04 -6.335410880300673E-04  2.7955307E-04  5.866327343302595E-04  2.7946033E-04 -4.860294351298804E-04  2.7954324E-04  4.558155767450538E-05  2.7947010E-04  4.731454564315035E-06          0
 455.0  4.847678063700841E-03  2.7947235E-04 -1.151150400375096E-03  2.7948131E-04 -3.267828400605511E-05  2.7938259E-04  1.491066182560049E-03  2.7960262E-04  1.081906300015078E-04  2.7948472E-04  3.798553158054375E-04  2.7952475E-04 -7.946050952609968E-04  2.7952566E-04  6.413210477517429E-04  2.7948825E-04 -3.999503733257268E-04  2.7956787E-04  3.633768139814716E-04  2.7944611E-04  4.700198496349313E-06          0
 460.0  4.840912129498657E-03  2.7949307E-04 -1.063104202052565E-03  2.7946076E-04  1.170716768280435E-04  2.7938464E-04  1.640121360770924E-03  2.7959968E-04  1.733108625936569E-04  2.7943985E-04  2.001190287081425E-04  2.7956956E-04 -7.784035139344484E-04  2.7953706E-04  6.640001416814505E-04  2.7947725E-04 -3.163066521421938E-04  2.7957261E-04  4.329501430774587E-04  2.7944169E-04  4.669272696053958E-06          0
 465.0  4.845385032134035E-03  2.7950697E-04 -9.417820932639664E-04  2.7944687E-04  2.179793730855273E-04  2.7939195E-04  1.763754613133239E-03  2.7959157E-04  2.455802904345161E-04  2.7941297E-04  5.933585881264931E-05  2.7959640E-04 -7.239061193387312E-04  2.7953405E-04  6.085051895546538E-04  2.7947994E-04 -2.551188321837595E-04  2.7957443E-04  4.550030847864208E-04  2.7944027E-04  4.639072715823620E-06          0
 470.0  4.855495177604947E-03  2.7952429E-04 -7.974408384300985E-04  2.7942960E-04  3.435172410324014E-04  2.7942082E-04  1.863697199317362E-03  2.7956261E-04  1.750310181849847E-04  2.7940718E-04 -2.611805749771275E-05  2.7960195E-04 -5.191628929218531E-04  2.7949878E-04  4.752485125310098E-04  2.7951494E-04 -2.669638537459820E-04  2.7958012E-04  4.305508809006004E-04  2.7943449E-04  4.609118524138893E-06          0
 475.0  4.860670824583969E-03  2.7953293E-04 -6.565549587064131E-04  2.7942118E-04  4.061854568789082E-04  2.7944211E-04  1.942603046474710E-03  2.7954149E-04  1.158251298349131E-04  2.7938580E-04 -1.335188801254713E-04  2.7962316E-04 -3.686653350036332E-04  2.7946280E-04  4.853786330595452E-04  2.7955028E-04 -1.801923076003646E-04  2.7955128E-04  1.367374609536585E-04  2.7946304E-04  4.579470024764128E-06          0
 480.0  4.857258592849095E-03  2.7954117E-04 -4.984213911812970E-04  2.7941284E-04  4.665532878322884E-04  2.7944814E-04  2.007983901686657E-03  2.7953615E-04  1.993134226577916E-05  2.7940271E-04 -1.454784656363774E-04  2.7960618E-04 -3.279992104941917E-04  2.7946168E-04  4.615302597176452E-04  2.7955077E-04 -4.989014570977239E-05  2.7955862E-04 -3.737209370237144E-05  2.7945546E-04  4.550011443165014E-06          0
 485.0  4.865705068290312E-03  2.7953801E-04 -3.489147206087222E-04  2.7941569E-04  4.464205692409032E-04  2.7947018E-04  2.040041034729829E-03  2.7951490E-04 -1.516641777373836E-05  2.7942448E-04 -2.299968270580588E-04  2.7958400E-04 -1.718079071968809E-04  2.7947640E-04  5.380267769026694E-04  2.7953579E-04  4.955006796365503E-05  2.7954918E-04 -2.741799709323245E-04  2.7946553E-04  4.520974856337489E-06          0
 490.0  4.901534127466104E-03  2.7954156E-04 -1.519157433593314E-04  2.7941157E-04  4.745603240912597E-04  2.7948505E-04  2.027705822775913E-03  2.7950133E-04 -7.722022777904455E-05  2.7944895E-04 -2.614249843951834E-04  2.7955881E-04 -6.753528312057494E-05  2.7945753E-04  3.888560893895726E-04  2.7955442E-04  5.552645351974506E-05  2.7951596E-04 -3.769237078688290E-04  2.7949902E-04  4.492559723090858E-06          0
 495.0  4.892647565397744E-03  2.7954557E-04  3.735784693025804E-05  2.7940712E-04  5.059783124605553E-04  2.7947640E-04  1.957465534832444E-03  2.7951164E-04 -8.125344283896971E-05  2.7943741E-04 -3.456266427130494E-04  2.7956996E-04 -1.318928570592277E-04  2.7944129E-04  2.533075809159854E-04  2.7957036E-04 -5.452227176117474E-05  2.7948382E-04 -4.426281956219587E-04  2.7953124E-04  4.464412018436270E-06          0
 500.0  4.910149083808634E-03  2.7954492E-04  2.311456594823997E-04  2.7940680E-04  5.055273050679352E-04  2.7948432E-04  1.934006189147225E-03  2.7950498E-04 -6.833584750698514E-05  2.7943474E-04 -3.454631724935624E-04  2.7957268E-04 -7.618580003924350E-05  2.7942785E-04 -8.601575338545829E-06  2.7958367E-04  5.234215908961544E-05  2.7947574E-04 -4.694759393919093E-04  2.7953941E-04  4.436594446172537E-06          0
 505.0  4.932304830564506E-03  2.7954762E-04  4.019434786294051E-04  2.7940331E-04  5.293501406116388E-04  2.7947306E-04  1.911273537872325E-03  2.7951765E-04 -1.419928267016401E-04  2.7942926E-04 -4.802133861803948E-04  2.7957802E-04 -1.593616562293493E-04  2.7943920E-04 -1.931409884791789E-04  2.7957202E-04  3.230165766419969E-04  2.7950858E-04 -3.273220696419961E-04  2.7950667E-04  4.409171913852622E-06          0
 510.0  4.947464689419867E-03  2.7954350E-04  5.799937304376277E-04  2.7940675E-04  5.038631473998259E-04  2.7947453E-04  1.885239163452608E-03  2.7951778E-04 -2.984695771133747E-04  2.7942947E-04 -6.012577680840757E-04  2.7957793E-04 -1.502571599034598E-04  2.7951151E-04 -2.310023308734311E-04  2.7950005E-04  6.330529416807527E-04  2.7947518E-04 -2.966169776229772E-04  2.7954004E-04  4.381920078659057E-06          0
 515.0  4.942083492589801E-03  2.7953572E-04  7.333783337301243E-04  2.7941370E-04  4.517867378083908E-04  2.7945455E-04  1.806047101337292E-03  2.7953923E-04 -4.677057367698776E-04  2.7946120E-04 -7.260469048492310E-04  2.7954610E-04 -2.946728106209584E-04  2.7957552E-04 -4.609134134560978E-04  2.7943677E-04  8.732684960423171E-04  2.7946968E-04 -2.667493964362804E-04  2.7954519E-04  4.354918463923535E-06          0
 520.0  4.917254616952031E-03  2.7952950E-04  9.057843640389023E-04  2.7941899E-04  4.103567671840299E-04  2.7942976E-04  1.660860413379844E-03  2.7956513E-04 -6.078132689577384E-04  2.7949378E-04 -8.120152391518003E-04  2.7951348E-04 -4.724698005833732E-04  2.7955843E-04 -6.754932148049714E-04  2.7945375E-04  9.132657226448858E-04  2.7949764E-04 -4.407370415938531E-04  2.7951721E-04  4.328370468096435E-06          0
 525.0  4.919662597660530E-03  2.7953316E-04  1.067715563259548E-03  2.7941415E-04  4.416002404617523E-04  2.7939862E-04  1.459467221072571E-03  2.7959736E-04 -6.800038131341244E-04  2.7951760E-04 -8.566716293882774E-04  2.7948964E-04 -6.977741527205053E-04  2.7955409E-04 -8.412220221669897E-04  2.7945739E-04  9.698207657136035E-04  2.7950813E-04 -5.483419321636593E-04  2.7950665E-04  4.302163217522524E-06          0
 530.0  4.912272363687124E-03  2.7952749E-04  1.234751396442606E-03  2.7941869E-04  4.059153622458322E-04  2.7936975E-04  1.190007013127865E-03  2.7962712E-04 -6.930221751226331E-04  2.7953514E-04 -8.985202448462072E-04  2.7947198E-04 -9.070032516984759E-04  2.7957481E-04 -1.022002382791495E-03  2.7943639E-04  9.269537340562043E-04  2.7953666E-04 -9.356325966930595E-04  2.7947792E-04  4.276199039628713E-06          0
 535.0  4.856681004480988E-03  2.7952270E-04  1.355672318867974E-03  2.7942241E-04  3.776404419108077E-04  2.7933136E-04  9.035704943395187E-04  2.7966684E-04 -6.022069856607151E-04  2.7953020E-04 -9.372377362552902E-04  2.7947652E-04 -1.187463203469174E-03  2.7955082E-04 -9.870934757908933E-04  2.7946058E-04  5.822361679816866E-04  2.7954764E-04 -1.267695772275280E-03  2.7946669E-04  4.250625432163007E-06          0
 540.0  4.827581836331109E-03  2.7951146E-04  1.446587640570852E-03  2.7943242E-04  3.031091252581649E-04  2.7930283E-04  6.488109088751462E-04  2.7969657E-04 -5.730683339246015E-04  2.7951335E-04 -8.613661993762889E-04  2.7949316E-04 -1.396644688883294E-03  2.7950526E-04 -8.114244725243733E-04  2.7950623E-04  2.569205016709093E-04  2.7950920E-04 -1.417800791513537E-03  2.7950507E-04  4.225380965154393E-06          0
 545.0  4.780817522788477E-03  2.7950460E-04  1.555744575998881E-03  2.7943826E-04  2.575038070927067E-04  2.7928279E-04  3.662906026655011E-04  2.7971804E-04 -5.976379958501769E-04  2.7949423E-04 -7.607964672804899E-04  2.7951151E-04 -1.547846932668906E-03  2.7951229E-04 -4.657422160167743E-04  2.7949935E-04 -3.167861278561474E-05  2.7943072E-04 -1.253564509431442E-03  2.7958370E-04  4.200599489927553E-06          0
 550.0  4.763029844988788E-03  2.7949448E-04  1.651038918836301E-03  2.7944719E-04  1.890822639524595E-04  2.7926860E-04  1.829247856651491E-04  2.7973355E-04 -5.746818870858368E-04  2.7950816E-04 -6.650173447440368E-04  2.7949726E-04 -1.656969507747089E-03  2.7951655E-04 -3.542265828729987E-04  2.7949531E-04 -1.976459224518052E-04  2.7938443E-04 -1.084729227235049E-03  2.7963000E-04  4.176008187879512E-06          0
 555.0  4.730457229722365E-03  2.7948543E-04  1.704045976746761E-03  2.7945532E-04  1.270451402904295E-04  2.7927879E-04 -5.486359359737163E-05  2.7972416E-04 -5.418432818962023E-04  2.7952720E-04 -6.354996919902293E-04  2.7947824E-04 -1.588250689166277E-03  2.7951305E-04 -1.676208286026871E-04  2.7949889E-04 -4.273154187914580E-04  2.7944363E-04 -9.692863138608447E-04  2.7957078E-04  4.151683268064255E-06          0
 560.0  4.687980145661381E-03  2.7947965E-04  1.726630167477135E-03  2.7946030E-04  8.649548146164013E-05  2.7930072E-04 -2.624211124871230E-04  2.7970261E-04 -5.215537018303686E-04  2.7951630E-04 -6.715477692606213E-04  2.7948922E-04 -1.434741246381060E-03  2.7949458E-04  7.578666327832514E-05  2.7951710E-04 -7.195652260775173E-04  2.7944906E-04 -8.475507937329281E-04  2.7956535E-04  4.127559975562151E-06          0
 565.0  4.635291411077127E-03  2.7948654E-04  1.710052653112876E-03  2.7945274E-04  1.351618298692220E-04  2.7935486E-04 -5.038391898692137E-04  2.7964893E-04 -5.476261258420659E-04  2.7950272E-04 -6.895191814836130E-04  2.7950313E-04 -1.050926838685771E-03  2.7945623E-04  1.469921900378490E-04  2.7955521E-04 -9.577451594175117E-04  2.7943289E-04 -8.867031387036458E-04  2.7958189E-04  4.103827472320753E-06          0
 570.0  4.594906922142215E-03  2.7949276E-04  1.724314752441027E-03  2.7944569E-04  1.796016579896884E-04  2.7940207E-04 -7.341086514933108E-04  2.7960182E-04 -4.964557490447511E-04  2.7948577E-04 -8.236222045197748E-04  2.7952020E-04 -7.143761701472986E-04  2.7944215E-04  2.051577428914625E-04  2.7956916E-04 -1.249031571215448E-03  2.7943511E-04 -5.678652276269826E-04  2.7957989E-04  4.080406355319491E-06          0
 575.0  4.510914708004347E-03  2.7948963E-04  1.724875969820472E-03  2.7944764E-04  1.577612273852511E-04  2.7942262E-04 -9.417325855771273E-04  2.7958120E-04 -4.112673564855417E-04  2.7948124E-04 -8.288323604668079E-04  2.7952496E-04 -5.683942138198598E-04  2.7944691E-04  2.444280181802867E-04  2.7956439E-04 -1.485958754230184E-03  2.7940678E-04 -2.770920679767120E-04  2.7960787E-04  4.057287555324709E-06          0
 580.0  4.470213772070819E-03  2.7947986E-04  1.694584252700206E-03  2.7945636E-04  8.799047067599682E-05  2.7943027E-04 -1.159137917049258E-03  2.7957359E-04 -3.034288179625670E-04  2.7949878E-04 -8.302524987152680E-04  2.7950781E-04 -5.150153160462376E-04  2.7947230E-04  2.944453161053755E-04  2.7953916E-04 -1.517941012163169E-03  2.7936740E-04 -5.180351180740846E-05  2.7964692E-04  4.034323868832217E-06          0
 585.0  4.408862782679606E-03  2.7946331E-04  1.666677524464790E-03  2.7947221E-04 -3.352720331255027E-05  2.7944080E-04 -1.354362782187146E-03  2.7956313E-04 -1.450672159723932E-04  2.7951040E-04 -9.045681736652381E-04  2.7949656E-04 -4.411955041242732E-04  2.7948379E-04  2.733239248680839E-04  2.7952778E-04 -1.429638165323774E-03  2.7941786E-04 -1.811730934729509E-04  2.7959640E-04  4.011562202525106E-06          0
 590.0  4.288787471594510E-03  2.7945512E-04  1.608673007386518E-03  2.7947986E-04 -9.549072886480524E-05  2.7942027E-04 -1.528155722548350E-03  2.7958354E-04 -6.323111054425557E-06  2.7951851E-04 -1.016144234068686E-03  2.7948889E-04 -5.894715715921025E-04  2.7948620E-04  2.087371417822700E-04  2.7952555E-04 -1.352440689408281E-03  2.7948316E-04 -4.390917479677752E-04  2.7953117E-04  3.989209072216294E-06          0
 595.0  4.149191974018480E-03  2.7944805E-04  1.567076886983890E-03  2.7948636E-04 -1.506421968336993E-04  2.7940097E-04 -1.629009508293961E-03  2.7960282E-04  7.582130134409991E-05  2.7951607E-04 -1.146713812295010E-03  2.7949156E-04 -7.277399084773038E-04  2.7948789E-04  1.302038837881121E-04  2.7952443E-04 -1.389689985914228E-03  2.7951062E-04 -6.312595227029634E-04  2.7950344E-04  3.967112063012525E-06          0
 600.0  4.007661884085536E-03  2.7944944E-04  1.548659312960353E-03  2.7948454E-04 -1.453214304577971E-04  2.7939550E-04 -1.720331835148294E-03  2.7960817E-04  8.649574985845578E-05  2.7953569E-04 -1.304239026309965E-03  2.7947198E-04 -7.659241499944236E-04  2.7950345E-04  9.914383897635064E-05  2.7950953E-04 -1.462252610364897E-03  2.7947622E-04 -6.515175628190821E-04  2.7953763E-04  3.945038199407158E-06          0
 605.0  3.879528269809872E-03  2.7945501E-04  1.496289838622615E-03  2.7947878E-04 -1.123076708116353E-04  2.7940913E-04 -1.778024293003123E-03  2.7959417E-04 -7.962177174692059E-05  2.7954650E-04 -1.348492544330529E-03  2.7946154E-04 -6.667088903586210E-04  2.7948704E-04  8.862785533793465E-05  2.7952590E-04 -1.213631935011822E-03  2.7949515E-04 -5.633929559903268E-04  2.7951822E-04  3.923355080935954E-06          0
 610.0  3.763353146846355E-03  2.7945810E-04  1.450703349278886E-03  2.7947498E-04 -9.542283599688394E-05  2.7940899E-04 -1.824305639012981E-03  2.7959422E-04 -1.479683057110667E-04  2.7955245E-04 -1.292458485798340E-03  2.7945594E-04 -6.670133473889021E-04  2.7950984E-04  1.548994833888380E-04  2.7950285E-04 -8.747299468148133E-04  2.7949806E-04 -4.320398373193286E-04  2.7951546E-04  3.901857928223018E-06          0
 615.0  3.590375827989198E-03  2.7946271E-04  1.455964640379274E-03  2.7947013E-04 -7.009258899091018E-05  2.7940976E-04 -1.814984902248300E-03  2.7959330E-04 -3.249214076696652E-04  2.7955122E-04 -1.251562580775323E-03  2.7945723E-04 -6.612080206699555E-04  2.7958370E-04  2.174034703842766E-05  2.7942846E-04 -4.095798732806925E-04  2.7950815E-04 -1.467920725591216E-04  2.7950572E-04  3.880757310448131E-06          0
 620.0  3.405703440392298E-03  2.7946595E-04  1.464015474281598E-03  2.7946684E-04 -5.398428266458845E-05  2.7940154E-04 -1.770097302857147E-03  2.7960117E-04 -5.241185311593625E-04  2.7953712E-04 -1.082473230434359E-03  2.7947139E-04 -7.196548276321455E-04  2.7960889E-04 -3.507985828341459E-05  2.7940309E-04 -8.000178571964502E-05  2.7955724E-04 -1.447153585209821E-05  2.7945664E-04  3.859925155887108E-06          0
 625.0  3.229392129621066E-03  2.7947333E-04  1.486850117976312E-03  2.7945915E-04 -8.118395485297403E-06  2.7940840E-04 -1.677871098907173E-03  2.7959406E-04 -6.891146107542785E-04  2.7950498E-04 -1.047508545633935E-03  2.7950387E-04 -6.712340711328055E-04  2.7962343E-04 -2.833944119030606E-05  2.7938849E-04  1.219281149903072E-04  2.7958695E-04  2.485556210526589E-04  2.7942734E-04  3.839266390032709E-06          0
 630.0  3.066473443295599E-03  2.7948086E-04  1.538517083825798E-03  2.7945147E-04  3.940416575844128E-05  2.7940434E-04 -1.607747770159065E-03  2.7959799E-04 -7.816207315160285E-04  2.7949715E-04 -9.638693167220895E-04  2.7951160E-04 -7.008213543262863E-04  2.7960583E-04 -1.809535894727173E-05  2.7940655E-04  3.612690772660099E-04  2.7959691E-04  3.862324934263842E-04  2.7941769E-04  3.818726550212507E-06          0
 635.0  2.917773483392252E-03  2.7948236E-04  1.576347353951193E-03  2.7944997E-04  4.293604214868883E-05  2.7940570E-04 -1.554404215005041E-03  2.7959683E-04 -8.915401497684306E-04  2.7950831E-04 -8.654091197448697E-04  2.7950027E-04 -6.929828531261412E-04  2.7957418E-04 -1.476438629765811E-04  2.7943879E-04  4.297740046785120E-04  2.7956742E-04  3.056974377540492E-04  2.7944689E-04  3.798364471496789E-06          0
