   1.0.0 # v: lpa-xrd version
8.00e+14 # d: dislocation density [m^-2]
 1  1  0 # z: direction of 'l' (line vector) [uvw]
 1  1  0 # b: Burgers vector direction [uvw]
 2  0  0 # g: diffraction vector direction (hkl)
0.250000 # C: contrast coefficient [1]
0.404940 # a: cell parameter [nm]
    6400 # s: side of the region of interest [nm] PBC1
0.345000 # nu: Poisson's number [1]
   32768 # nd: number of dislocations in the input file
  200000 # np: number of random points
#    L                   cos1       err_cos1                   sin1       err_sin1                   cos2       err_cos2                   sin2       err_sin2                   cos3       err_cos3                   sin3       err_sin3                   cos4       err_cos4                   sin4       err_sin4                   cos5       err_cos5                   sin5       err_sin5                   eps2       nrpo
   3.5  9.623739157677860E-01  4.7712404E-05 -1.390875546761902E-04  9.6226914E-05  8.814688460606515E-01  9.1793686E-05 -1.494165304440689E-04  1.6253401E-04  7.764933392733345E-01  1.3615695E-04 -2.051295361849738E-04  2.0856037E-04  6.618325353460540E-01  1.7585477E-04 -1.375877881598073E-04  2.3849218E-04  5.483775259989880E-01  2.0816269E-04 -1.457169109888087E-04  2.5675820E-04  2.881784076864483E-04          0
   7.0  8.762677695682975E-01  9.7450452E-05 -2.441084989299018E-04  1.6363128E-04  6.572512587788786E-01  1.7802910E-04 -2.245449220435832E-04  2.3885867E-04  4.399683752412659E-01  2.3340993E-04 -4.314836618131705E-05  2.6742733E-04  2.696660680559274E-01  2.6187422E-04  1.304127025049499E-04  2.7622993E-04  1.547654833982722E-01  2.7355978E-04  4.913328074160398E-04  2.7868818E-04  2.523413398769162E-04          0
  10.5  7.639056594127920E-01  1.4460166E-04 -3.170492766437528E-04  2.1013413E-04  4.347568038592629E-01  2.3477691E-04  5.493343600136753E-05  2.6756265E-04  2.032522932237692E-01  2.6940183E-04  2.926216990777548E-04  2.7787019E-04  8.360679201087950E-02  2.7773561E-04  4.959604877473633E-04  2.7931407E-04  3.198832413107287E-02  2.7928337E-04  4.629390805171132E-04  2.7944201E-04  2.313240298529538E-04          0
  14.0  6.416241653420275E-01  1.8514724E-04 -3.102541414408504E-04  2.4008289E-04  2.621624474861428E-01  2.6291790E-04  9.303142405082239E-05  2.7636724E-04  8.215305296884565E-02  2.7776298E-04  4.681226691044058E-04  2.7935490E-04  2.231369538853144E-02  2.7942905E-04  2.179693769429802E-04  2.7944355E-04  5.533627206736376E-03  2.7949179E-04 -2.414709443878501E-04  2.7951354E-04  2.166188454825166E-04          0
  17.5  5.214473698575413E-01  2.1708946E-04 -2.795861391817179E-04  2.5812861E-04  1.470858750242179E-01  2.7415235E-04  3.337606364958415E-04  2.7875642E-04  3.068385567068431E-02  2.7929932E-04  3.386616932528356E-04  2.7944966E-04  5.343068079162074E-03  2.7947792E-04 -5.373181075662032E-04  2.7952807E-04  7.584642539380451E-04  2.7950079E-04 -1.109998961822688E-03  2.7951426E-04  2.052006485486901E-04          0
  21.0  4.115397119127593E-01  2.4037586E-04 -1.701149933429435E-04  2.6832763E-04  7.836331867858072E-02  2.7796634E-04  3.608678503406973E-04  2.7932289E-04  1.087704661946553E-02  2.7948640E-04 -2.187003222475781E-04  2.7949430E-04  1.300610584074256E-03  2.7952940E-04 -1.049438522760402E-03  2.7948509E-04  5.043645018019949E-04  2.7947292E-04 -9.553519123180183E-04  2.7954262E-04  1.958519636424164E-04          0
  24.5  3.164172853246310E-01  2.5622019E-04 -1.335964372682456E-04  2.7377260E-04  4.058609214743282E-02  2.7913353E-04  1.984719489653820E-04  2.7941763E-04  4.016497826691409E-03  2.7950344E-04 -6.499377101265283E-04  2.7950638E-04  6.309711511241035E-04  2.7943204E-04 -9.149893734270571E-04  2.7958372E-04  2.552249046832047E-04  2.7945044E-04 -3.551150573589512E-04  2.7956569E-04  1.879471736539366E-04          0
  28.0  2.377873614186616E-01  2.6628255E-04 -5.262159504604416E-05  2.7659201E-04  2.072738255378511E-02  2.7943120E-04  2.266938089124241E-05  2.7946165E-04  1.615255542945388E-03  2.7953825E-04 -6.726971884467464E-04  2.7947574E-04  3.205155816389940E-04  2.7949884E-04 -3.497114310632374E-04  2.7951750E-04  2.600323019916862E-04  2.7960419E-04 -1.599861319313514E-05  2.7941215E-04  1.810748184644519E-04          0
  31.5  1.749949345054861E-01  2.7234056E-04  8.126585307103912E-05  2.7801213E-04  1.064909489814325E-02  2.7951303E-04 -1.120374552914452E-04  2.7946893E-04  8.023862706078891E-04  2.7947816E-04 -5.655471292133004E-04  2.7953713E-04  2.719819020418809E-04  2.7952122E-04  2.200452474578924E-04  2.7949505E-04  1.414409229163484E-04  2.7950366E-04  2.910775710297146E-05  2.7951227E-04  1.750236710204577E-04          0
  35.0  1.265827453209901E-01  2.7579328E-04  1.530415400303855E-04  2.7871146E-04  5.669140986719025E-03  2.7946274E-04 -3.571762402750830E-04  2.7954244E-04  4.595073901142028E-04  2.7953958E-04 -3.226057941488388E-04  2.7947681E-04 -2.529815407942411E-04  2.7956147E-04  4.046114892914656E-04  2.7945455E-04  2.096504936965965E-04  2.7954584E-04  2.552146582116629E-04  2.7947092E-04  1.696259394921360E-04          0
  38.5  9.026130324215430E-02  2.7765790E-04  1.084097850245971E-04  2.7906870E-04  3.122315604708675E-03  2.7954173E-04 -3.352066849485148E-04  2.7947038E-04  1.774213022798990E-04  2.7958190E-04 -2.861262392684049E-04  2.7943436E-04  2.643158152639514E-04  2.7954248E-04  2.909875149646263E-04  2.7947375E-04  5.225494736776000E-04  2.7957800E-04  1.863156051119226E-04  2.7943905E-04  1.647293115109424E-04          0
  42.0  6.353194243614042E-02  2.7860344E-04  1.064906659044361E-04  2.7927795E-04  1.629325332822861E-03  2.7958191E-04 -2.597834824882094E-04  2.7943258E-04 -2.071404735286884E-05  2.7954065E-04 -4.441308679833016E-04  2.7947521E-04  5.366650263788967E-04  2.7947794E-04  5.268400319165391E-04  2.7953866E-04  5.624800209144528E-04  2.7951561E-04  3.636136797482614E-04  2.7950089E-04  1.602658944802260E-04          0
  45.5  4.423170836797528E-02  2.7907649E-04  9.338292816873101E-05  2.7938787E-04  8.438846075039719E-04  2.7951159E-04 -2.703098877629373E-04  2.7950326E-04 -9.842065767725526E-05  2.7957060E-04 -1.395112422906601E-04  2.7944554E-04  3.105387643915050E-05  2.7952104E-04  4.461127155528841E-04  2.7949532E-04  4.880059185000163E-05  2.7952154E-04 -1.096538613948375E-04  2.7949508E-04  1.561575538476901E-04          0
  49.0  3.064602929567150E-02  2.7934718E-04  1.063406484392110E-04  2.7940250E-04  7.412337118494788E-04  2.7949699E-04 -3.147214934059722E-04  2.7951819E-04  1.348282555170019E-04  2.7950690E-04 -1.545593401727024E-05  2.7950929E-04 -7.675005369451964E-05  2.7953817E-04 -1.733976547585986E-05  2.7947837E-04 -1.581760969478969E-04  2.7952742E-04 -6.591329233261756E-05  2.7948957E-04  1.523639284144215E-04          0
  52.5  2.116374357793695E-02  2.7945914E-04  3.319806943522736E-05  2.7942858E-04  5.575040053505555E-04  2.7946842E-04 -3.740860076882760E-04  2.7954722E-04  3.205626518386204E-04  2.7943390E-04  4.125633150621867E-05  2.7958270E-04 -2.837455356864492E-04  2.7949170E-04  8.811836101786046E-06  2.7952531E-04  4.350255632122352E-04  2.7947672E-04  4.828855216125838E-04  2.7953982E-04  1.488375543264303E-04          0
  56.0  1.466710326273707E-02  2.7946329E-04 -6.857857158016795E-05  2.7948963E-04  1.213786129774264E-04  2.7949450E-04 -4.694769287759307E-04  2.7952141E-04  6.006302411350782E-05  2.7944092E-04  7.934550563060064E-05  2.7957568E-04 -9.709422996449297E-05  2.7951873E-04  4.922290127465071E-05  2.7949788E-04  4.914149773605718E-04  2.7952500E-04  3.410868679312713E-04  2.7949155E-04  1.455394197887480E-04          0
  59.5  1.017946763654436E-02  2.7947660E-04 -1.315038443769985E-04  2.7950756E-04 -7.578914969200178E-06  2.7949892E-04 -4.236675207682320E-04  2.7951701E-04 -4.956003505853302E-05  2.7951720E-04  1.869617365988484E-04  2.7949898E-04 -6.503793183560805E-05  2.7944698E-04  1.535837782051353E-04  2.7956956E-04  2.205370146479943E-04  2.7953708E-04  1.827974903744531E-04  2.7947916E-04  1.424441142991228E-04          0
  63.0  7.092690280239606E-03  2.7948627E-04 -1.543966402230731E-04  2.7951274E-04 -4.624831190375379E-05  2.7951483E-04 -6.177313601558409E-04  2.7950064E-04 -3.721995586208681E-05  2.7947924E-04  4.864619515492926E-04  2.7953699E-04  4.928945597334510E-05  2.7948883E-04  1.799257255796166E-04  2.7952789E-04 -2.170629169662597E-04  2.7947829E-04  2.781635052104715E-04  2.7953843E-04  1.395340424038094E-04          0
  66.5  5.030929386440518E-03  2.7952950E-04 -1.877447936195266E-04  2.7947651E-04  2.117839503700291E-04  2.7953148E-04 -5.582444730521772E-04  2.7948415E-04 -2.533050053184580E-04  2.7945585E-04  3.036339482442743E-04  2.7956076E-04  1.671722795785569E-04  2.7952370E-04  2.700476626609068E-04  2.7949277E-04 -4.809029110340944E-04  2.7945459E-04  3.355629234576664E-04  2.7956104E-04  1.367777675972929E-04          0
  70.0  3.636782173682205E-03  2.7956047E-04 -1.795731799677319E-04  2.7944905E-04  4.077165070832682E-04  2.7951350E-04 -2.319661483337414E-04  2.7950244E-04 -3.315301168710197E-04  2.7954788E-04  7.749683126771423E-05  2.7946892E-04  3.725476456088122E-05  2.7950217E-04  1.899022078799631E-04  2.7951435E-04 -2.133265931958057E-04  2.7953070E-04  1.231041533088871E-04  2.7948563E-04  1.341523663959959E-04          0
  73.5  2.717717717568311E-03  2.7956345E-04 -1.234916183275674E-04  2.7944763E-04  4.173473898039173E-04  2.7954582E-04  1.696945174129032E-06  2.7947011E-04 -2.878320948649928E-04  2.7951801E-04  1.271208215375901E-04  2.7949893E-04  2.678864473093129E-04  2.7950733E-04 -6.387474149945792E-06  2.7950904E-04 -7.222867409527118E-06  2.7950019E-04  3.143784125707110E-05  2.7951642E-04  1.316618648000893E-04          0
  77.0  2.071468967186818E-03  2.7956791E-04 -1.230711214816307E-04  2.7944387E-04  4.438362757722104E-04  2.7952382E-04  9.717542002786547E-05  2.7949224E-04  8.677903305511954E-05  2.7949718E-04 -2.506273328701541E-04  2.7951961E-04  1.101927005799904E-04  2.7952170E-04  1.660231611847136E-04  2.7949489E-04 -4.655934579147115E-04  2.7949942E-04  5.151891951980029E-05  2.7951720E-04  1.292971406625729E-04          0
  80.5  1.615918505060277E-03  2.7956716E-04 -9.826594563997206E-05  2.7944490E-04  4.374304321194732E-04  2.7954850E-04  7.473320025663059E-05  2.7946773E-04  2.984715493230508E-04  2.7949310E-04 -3.782719580165697E-04  2.7952306E-04  2.862584876005836E-04  2.7954119E-04  3.336707633889897E-04  2.7947496E-04 -5.006018528911843E-05  2.7943864E-04  8.788532058806311E-05  2.7957773E-04  1.270465916679761E-04          0
  84.0  1.240412358319254E-03  2.7953787E-04 -1.954566113938441E-04  2.7947426E-04  2.285954432498196E-04  2.7954221E-04  5.551353668511102E-05  2.7947410E-04  1.132852851205553E-04  2.7945534E-04 -3.284594299909120E-04  2.7956126E-04  2.416375923811626E-04  2.7949910E-04  6.095026813337983E-04  2.7951691E-04  4.545207009036327E-04  2.7949506E-04  1.007611234245762E-04  2.7952094E-04  1.248915326479696E-04          0
  87.5  9.386317710128170E-04  2.7952202E-04 -1.584569064418238E-04  2.7949011E-04  1.157614170208639E-04  2.7951534E-04  8.758093974398825E-05  2.7950080E-04  2.092443486477007E-05  2.7945653E-04 -2.469429922055854E-04  2.7955955E-04  5.242959510492368E-05  2.7953618E-04  1.686533683055394E-04  2.7947988E-04 -8.449291944239936E-05  2.7942727E-04 -1.475915118433738E-04  2.7958856E-04  1.228286501964190E-04          0
  91.0  6.729421408588324E-04  2.7951074E-04 -1.007963671522076E-04  2.7950156E-04  3.413252150241184E-05  2.7944905E-04  2.732270133019399E-04  2.7956666E-04  5.126912566990752E-05  2.7951435E-04 -3.651683017569568E-04  2.7950183E-04 -4.194225498969003E-04  2.7951790E-04 -2.284948197569217E-04  2.7949835E-04  1.816278895560017E-04  2.7950374E-04 -3.584889098028824E-04  2.7951256E-04  1.208476255691435E-04          0
  94.5  4.645569377947881E-04  2.7949952E-04 -2.591505989023944E-05  2.7951302E-04 -4.738607970664036E-05  2.7947136E-04  2.796306509441074E-04  2.7954439E-04  3.621464083720467E-04  2.7952522E-04 -1.701423501070756E-04  2.7949072E-04 -2.596335296577608E-04  2.7954089E-04 -8.185722646321463E-04  2.7947533E-04  2.137788733602387E-05  2.7950311E-04 -2.374548432471912E-04  2.7951361E-04  1.189447489215887E-04          0
  98.0  3.319634254806449E-04  2.7948633E-04  2.144672272294053E-05  2.7952676E-04 -1.439565887826309E-04  2.7949690E-04  3.632232629663840E-04  2.7951906E-04  2.622863901782568E-04  2.7942537E-04  1.151710099478779E-04  2.7959100E-04 -7.876859568326730E-05  2.7952242E-04 -5.164510367482900E-04  2.7949440E-04  3.269823587377035E-04  2.7949668E-04 -3.040765359659403E-05  2.7951970E-04  1.171121915668371E-04          0
 101.5  3.511720290478505E-04  2.7948631E-04  6.506567395758261E-05  2.7952740E-04 -1.470590909520821E-04  2.7956175E-04  2.440240607958359E-04  2.7945411E-04  6.215668593707172E-05  2.7949456E-04  3.877830845385300E-04  2.7952228E-04  3.855805137535696E-04  2.7952780E-04 -3.250299351589208E-04  2.7948889E-04  5.263888197547230E-04  2.7951499E-04 -5.852133138441527E-04  2.7950131E-04  1.153530902589700E-04          0
 105.0  2.536361474444603E-04  2.7948290E-04  5.788647878265133E-05  2.7953133E-04 -1.747849456497837E-04  2.7953906E-04  1.644418235548263E-04  2.7947698E-04  4.500798108509870E-05  2.7946233E-04  4.228763919070511E-04  2.7955445E-04  2.229877582139657E-04  2.7958680E-04 -1.011075473994219E-04  2.7942985E-04  8.034358401890936E-05  2.7953403E-04 -4.297363231411299E-04  2.7948287E-04  1.136597830039016E-04          0
 108.5  2.877958139759911E-04  2.7948942E-04 -4.364111749227921E-05  2.7952534E-04 -1.310905820880494E-04  2.7953381E-04  1.264324539390198E-04  2.7948235E-04  7.210253943070304E-06  2.7941922E-04  2.802379580190541E-04  2.7959754E-04  1.845830447821131E-04  2.7952689E-04 -2.026472855053049E-04  2.7948953E-04  4.188610317888054E-05  2.7950995E-04 -5.171402292941488E-04  2.7950689E-04  1.120252121067471E-04          0
 112.0  2.775722167346871E-04  2.7947629E-04 -1.081374123643807E-04  2.7953901E-04 -2.270418917100516E-04  2.7955214E-04  2.176174959472089E-04  2.7946386E-04 -2.507177411832267E-04  2.7951650E-04  2.662230938094658E-04  2.7950015E-04  3.168706895599840E-04  2.7952633E-04 -1.280965071638839E-04  2.7948977E-04  2.236334924786393E-05  2.7952169E-04 -3.828698882071392E-04  2.7949506E-04  1.104471125582202E-04          0
 115.5  2.780251114828648E-04  2.7944947E-04 -1.917426367442646E-04  2.7956615E-04 -4.200607319688046E-04  2.7947517E-04  2.274638928499849E-04  2.7954089E-04 -1.666534727482724E-04  2.7958569E-04  5.581213885047763E-04  2.7943070E-04 -2.333563954002139E-04  2.7949037E-04 -1.150088618467927E-04  2.7952592E-04 -1.171515919544707E-04  2.7948415E-04 -5.151908832390061E-05  2.7953261E-04  1.089139990948961E-04          0
 119.0  2.790160052083606E-04  2.7941406E-04 -1.305132530034134E-04  2.7960182E-04 -6.744073248468390E-04  2.7945964E-04  2.088424512157838E-04  2.7955634E-04 -1.922816216202490E-04  2.7954473E-04  5.424387695655618E-04  2.7947148E-04 -3.443516758942315E-04  2.7949758E-04 -1.272820473206615E-04  2.7951860E-04 -1.123316477075474E-04  2.7946662E-04  1.598086428392224E-04  2.7955012E-04  1.074311826020452E-04          0
 122.5  3.322742737808688E-04  2.7939562E-04 -2.532181626892976E-05  2.7962041E-04 -8.060348395571921E-04  2.7945917E-04  1.635047976952847E-04  2.7955700E-04  6.986346396448690E-05  2.7952249E-04  3.856214011300239E-04  2.7949424E-04 -3.493138253630650E-04  2.7949435E-04  3.433875889499653E-04  2.7952173E-04 -2.460497404092666E-04  2.7952817E-04  1.217049503374795E-04  2.7948853E-04  1.059990094734231E-04          0
 126.0  3.342624213555781E-04  2.7942606E-04  1.921875260647771E-05  2.7959013E-04 -5.883997802764053E-04  2.7947274E-04 -6.870282712208748E-05  2.7954373E-04  5.378537555385849E-05  2.7954378E-04  5.548331930496758E-04  2.7947319E-04 -2.549146980526880E-04  2.7946654E-04  3.848751456880930E-04  2.7954974E-04  5.465401633889729E-05  2.7951311E-04 -1.928799903048495E-05  2.7950369E-04  1.046062032137735E-04          0
 129.5  3.599145200153957E-04  2.7944112E-04  5.720868303919635E-05  2.7957509E-04 -4.808664205298798E-04  2.7946623E-04 -2.930862351620918E-04  2.7955027E-04 -1.525342585620475E-04  2.7949293E-04  5.817150967371514E-04  2.7952382E-04 -3.022066774374363E-04  2.7942951E-04  4.943334588646572E-04  2.7958671E-04  2.767893249173385E-05  2.7954382E-04 -1.654077970333656E-04  2.7947266E-04  1.032579748556039E-04          0
 133.0  3.825769475759275E-04  2.7944614E-04  1.926911565667443E-04  2.7956995E-04 -4.448859765085235E-04  2.7949434E-04 -4.792044788750831E-04  2.7952202E-04 -1.095356784546441E-04  2.7950492E-04  5.792644091980933E-04  2.7951139E-04 -1.001997762247358E-04  2.7947242E-04  5.311592741482052E-04  2.7954411E-04 -1.930369246356455E-04  2.7951112E-04 -3.484062413959661E-04  2.7950562E-04  1.019475213106175E-04          0
 136.5  4.447580501512641E-04  2.7943838E-04  1.584477119233715E-04  2.7957773E-04 -5.008861817747211E-04  2.7949464E-04 -5.583001805071285E-04  2.7952183E-04  3.075011621615163E-05  2.7957213E-04  3.578031455741321E-04  2.7944420E-04 -9.834116097779453E-05  2.7946873E-04 -1.148566316369756E-04  2.7954818E-04  2.083441046836273E-05  2.7949065E-04 -4.898564755663632E-04  2.7952592E-04  1.006766488389722E-04          0
 140.0  3.967575128159634E-04  2.7944186E-04  1.218076119971046E-04  2.7957424E-04 -4.757796299062857E-04  2.7949589E-04 -3.257679376433096E-04  2.7952079E-04 -3.454161475739745E-05  2.7955263E-04  1.739161698865721E-04  2.7946398E-04 -8.897430215764707E-05  2.7954287E-04 -3.005576847897672E-04  2.7947408E-04  4.860599808546083E-04  2.7947858E-04 -3.107525641442520E-04  2.7953810E-04  9.944068184438343E-05          0
 143.5  2.946607831813805E-04  2.7945451E-04  1.561619420096009E-05  2.7956154E-04 -3.852695955689829E-04  2.7949862E-04 -2.517617057187246E-04  2.7951791E-04 -2.172016770203986E-04  2.7947856E-04 -4.613952154842112E-05  2.7953800E-04 -6.922229862306574E-05  2.7957423E-04 -1.306948728384136E-05  2.7944285E-04  4.345482086815729E-04  2.7950246E-04 -4.642307277137232E-04  2.7951399E-04  9.823750106956247E-05          0
 147.0  3.039097068906354E-04  2.7946975E-04 -7.282832036620835E-05  2.7954600E-04 -2.746667806235132E-04  2.7951777E-04 -2.161481463273676E-04  2.7949848E-04 -4.043274481336749E-04  2.7953647E-04 -2.490646203028642E-04  2.7948042E-04  7.001961640622181E-05  2.7946935E-04  1.286832626509153E-05  2.7954732E-04 -1.189657946660773E-04  2.7959299E-04 -3.204045064154404E-04  2.7942336E-04  9.706601848623680E-05          0
 150.5  2.740373373067672E-04  2.7945730E-04 -2.464188021510241E-04  2.7955808E-04 -3.620390771438981E-04  2.7951636E-04 -8.696837274353284E-05  2.7949949E-04 -4.130915012255388E-04  2.7955203E-04 -4.105380917048504E-05  2.7946459E-04  6.199589330557424E-05  2.7955720E-04  1.765160221289721E-04  2.7945961E-04 -4.722531090094624E-05  2.7953980E-04  4.000288800279747E-04  2.7947669E-04  9.592177977635027E-05          0
 154.0  1.057822274702032E-04  2.7942677E-04 -4.403987367457064E-04  2.7958817E-04 -5.794352332732012E-04  2.7949425E-04  5.074024947325089E-05  2.7952123E-04 -2.973789977186316E-04  2.7951811E-04 -3.428801909431746E-04  2.7949865E-04 -9.371563071017118E-05  2.7955287E-04  1.241746361229565E-04  2.7946394E-04  7.028152283179807E-05  2.7950640E-04  7.495713828553475E-04  2.7950974E-04  9.480781802066642E-05          0
 157.5 -4.735049274856877E-05  2.7940085E-04 -5.286424323560642E-04  2.7961358E-04 -7.632858535816091E-04  2.7947927E-04  3.440734991899540E-04  2.7953613E-04 -5.507514099052179E-04  2.7951160E-04 -5.918426596537458E-04  2.7950504E-04 -1.998809587922689E-04  2.7949252E-04 -1.322128316501664E-04  2.7952395E-04  2.482172300114885E-05  2.7956659E-04  4.206699160653202E-04  2.7945016E-04  9.372723785032893E-05          0
