   1.0.0 # v: lpa-xrd version
5.00e+13 # d: dislocation density [m^-2]
 1  1  0 # z: direction of 'l' (line vector) [uvw]
 1  1  0 # b: Burgers vector direction [uvw]
 2  0  0 # g: diffraction vector direction (hkl)
0.250000 # C: contrast coefficient [1]
0.404940 # a: cell parameter [nm]
    6400 # s: side of the region of interest [nm] PBC1
0.345000 # nu: Poisson's number [1]
    2048 # nd: number of dislocations in the input file
  200000 # np: number of random points
#    L                   cos1       err_cos1                   sin1       err_sin1                   cos2       err_cos2                   sin2       err_sin2                   cos3       err_cos3                   sin3       err_sin3                   cos4       err_cos4                   sin4       err_sin4                   cos5       err_cos5                   sin5       err_sin5                   eps2       nrpo
   5.0  9.922163615015140E-01  1.7197366E-05 -3.798933670959498E-03  4.4906415E-05  9.727827372682046E-01  3.4212173E-05 -7.337339017391242E-03  8.2422993E-05  9.439763206925437E-01  5.3527657E-05 -1.044336736974590E-02  1.1509836E-04  9.076748376752412E-01  7.4175539E-05 -1.299440719664196E-02  1.4326318E-04  8.655675323625260E-01  9.5119645E-05 -1.488927167845458E-02  1.6734964E-04  2.769311673641336E-05          0
  10.0  9.721015643291865E-01  3.6363206E-05 -7.326627115500119E-03  8.2763741E-05  9.069651508887882E-01  7.5297294E-05 -1.297809523764847E-02  1.4339564E-04  8.187153255218669E-01  1.1607269E-04 -1.615539012152857E-02  1.8783991E-04  7.188459526906160E-01  1.5354116E-04 -1.679385009392138E-02  2.1933466E-04  6.163167540637295E-01  1.8548678E-04 -1.527179143016556E-02  2.4093425E-04  2.542698093636322E-05          0
  15.0  9.421920408648425E-01  5.7263831E-05 -1.042273268999771E-02  1.1560496E-04  8.177883721651308E-01  1.1697280E-04 -1.614172551682859E-02  1.8793747E-04  6.668859521583668E-01  1.7059762E-04 -1.621510063358546E-02  2.3123309E-04  5.169916456840378E-01  2.1153916E-04 -1.226100949802788E-02  2.5528702E-04  3.838140553197755E-01  2.3995839E-04 -6.710441194128650E-03  2.6749745E-04  2.415067929825051E-05          0
  20.0  9.046115186885664E-01  7.8807499E-05 -1.294675645381654E-02  1.4386944E-04  7.172072313959463E-01  1.5463924E-04 -1.670762879014766E-02  2.1945608E-04  5.164306638180419E-01  2.1178111E-04 -1.219291976057161E-02  2.5528808E-04  3.441906814020427E-01  2.4707929E-04 -4.871917704294722E-03  2.6993413E-04  2.144820854876357E-01  2.6568373E-04  8.224499997412987E-04  2.7537001E-04  2.322810564724896E-05          0
  25.0  8.612092227075246E-01  1.0019597E-04 -1.481525563547700E-02  1.6798946E-04  6.142011575373399E-01  1.8654165E-04 -1.511514651554635E-02  2.4104737E-04  3.830432510369138E-01  2.4014873E-04 -6.669802199083697E-03  2.6753114E-04  2.143663765586203E-01  2.6569961E-04  8.925906443655223E-04  2.7537521E-04  1.090789695549761E-01  2.7524699E-04  4.179749508708624E-03  2.7780723E-04  2.251248255634736E-05          0
  30.0  8.136691409015253E-01  1.2077374E-04 -1.604892050976357E-02  1.8841363E-04  5.149930041737255E-01  2.1231715E-04 -1.218493780323377E-02  2.5535233E-04  2.734185517202334E-01  2.5813670E-04 -1.651650002593497E-03  2.7331951E-04  1.255950202143538E-01  2.7413417E-04  3.847609789057305E-03  2.7746966E-04  5.126617703120725E-02  2.7803056E-04  3.996243429083013E-03  2.7888498E-04  2.192151417905817E-05          0
  35.0  7.634481483003456E-01  1.4017781E-04 -1.663047637922198E-02  2.0555931E-04  4.237025286378401E-01  2.3236719E-04 -8.558163302719326E-03  2.6444820E-04  1.882454044263110E-01  2.6859473E-04  1.962666072456291E-03  2.7607078E-04  6.981586482247124E-02  2.7737455E-04  4.323701661019046E-03  2.7851228E-04  2.291517599503076E-02  2.7885959E-04  1.794552325001066E-03  2.7925660E-04  2.142344780787907E-05          0
  40.0  7.117961551858430E-01  1.5814922E-04 -1.659764768247449E-02  2.1985396E-04  3.425133972303429E-01  2.4742767E-04 -4.879338171631916E-03  2.7002034E-04  1.254214579795047E-01  2.7412695E-04  3.844859620774397E-03  2.7749680E-04  3.725016755619998E-02  2.7842453E-04  3.099297871253509E-03  2.7914386E-04  9.776722120207922E-03  2.7945750E-04 -8.158397863508330E-05  2.7905298E-04  2.097889515529476E-05          0
  45.0  6.597726234133007E-01  1.7457451E-04 -1.605390871832894E-02  2.3167074E-04  2.723693916544910E-01  2.5832087E-04 -1.666114417435143E-03  2.7336060E-04  8.098200449687359E-02  2.7687102E-04  4.376188991818636E-03  2.7829988E-04  1.933179967283849E-02  2.7896602E-04  1.374908960186527E-03  2.7927256E-04  3.674438457516500E-03  2.7980465E-04 -2.938788755752773E-04  2.7884341E-04  2.058125873332510E-05          0
  50.0  6.082624261321117E-01  1.8939393E-04 -1.504265862767638E-02  2.4136887E-04  2.131888191256824E-01  2.6588403E-04  8.919645147513039E-04  2.7538957E-04  5.088599368923759E-02  2.7805911E-04  3.924508726751998E-03  2.7887619E-04  9.730226629389781E-03  2.7944893E-04 -1.935502970401036E-05  2.7906429E-04  9.214805137804949E-04  2.7978630E-04  8.980734811086146E-04  2.7891916E-04  2.021945684411487E-05          0
  55.0  5.578812306128382E-01  2.0266010E-04 -1.371171341226098E-02  2.4926350E-04  1.643058606540680E-01  2.7092172E-04  2.712623780133943E-03  2.7668003E-04  3.137898378775187E-02  2.7857868E-04  2.757349737443503E-03  2.7922702E-04  4.530436590837951E-03  2.7975962E-04 -4.274916438843698E-04  2.7887394E-04 -4.010911839599255E-04  2.7965987E-04  2.241166017778007E-03  2.7907529E-04  1.988977632155582E-05          0
  60.0  5.091847587091193E-01  2.1443335E-04 -1.214100905165668E-02  2.5562201E-04  1.247819140005734E-01  2.7418731E-04  3.818652765899213E-03  2.7750605E-04  1.900926864643726E-02  2.7898093E-04  1.368262607003483E-03  2.7926443E-04  1.921572101282262E-03  2.7984826E-04  2.916298552203125E-04  2.7883950E-04 -1.331773832353125E-03  2.7961236E-04  3.416607943019773E-03  2.7915360E-04  1.958899137673114E-05          0
  65.0  4.625465290633154E-01  2.2481832E-04 -1.040894724384522E-02  2.6068278E-04  9.351391374213243E-02  2.7623387E-04  4.315169338761088E-03  2.7806252E-04  1.127131649467497E-02  2.7932777E-04  2.215313659299165E-04  2.7914601E-04  6.014603139079670E-04  2.7974329E-04  1.488137250374635E-03  2.7897360E-04 -1.794972753102250E-03  2.7958382E-04  3.944164040098916E-03  2.7923103E-04  1.931463663163108E-05          0
  70.0  4.182848727275257E-01  2.3390037E-04 -8.589689868471508E-03  2.6466216E-04  6.928981541601885E-02  2.7743153E-04  4.298882558299837E-03  2.7849808E-04  6.441975118352198E-03  2.7960714E-04 -3.163700285705818E-04  2.7898878E-04 -3.725168898165223E-04  2.7965395E-04  2.549323846623613E-03  2.7908461E-04 -1.316461321480323E-03  2.7963593E-04  3.656979997299340E-03  2.7922846E-04  1.905870492877554E-05          0
  75.0  3.766459764844788E-01  2.4175222E-04 -6.768559977176374E-03  2.6777209E-04  5.080621541570835E-02  2.7808419E-04  3.871704202870331E-03  2.7886489E-04  3.510473639134142E-03  2.7983895E-04 -1.698107567260179E-04  2.7882234E-04 -1.294076765891035E-03  2.7966228E-04  3.317211873210062E-03  2.7910427E-04  5.835236639720811E-05  2.7971640E-04  2.439719762765934E-03  2.7917922E-04  1.882011623368870E-05          0
  80.0  3.377557172129226E-01  2.4848117E-04 -5.013141595646645E-03  2.7018355E-04  3.694266125786709E-02  2.7845927E-04  3.190628534896035E-03  2.7912810E-04  1.769168725048415E-03  2.7991775E-04  4.516583722708978E-04  2.7877816E-04 -1.801257088612142E-03  2.7959707E-04  3.866980503206875E-03  2.7920887E-04  1.514972348653754E-03  2.7961620E-04  8.526737551493067E-04  2.7929715E-04  1.859584003332045E-05          0
  85.0  3.016139762423028E-01  2.5421057E-04 -3.350447234950775E-03  2.7204489E-04  2.670107295685992E-02  2.7874299E-04  2.361564882806795E-03  2.7924924E-04  8.394696041764474E-04  2.7983113E-04  1.221759722995054E-03  2.7888585E-04 -1.568092037111034E-03  2.7958393E-04  3.956875195874715E-03  2.7926538E-04  2.981798843369882E-03  2.7940293E-04 -1.267379015261983E-04  2.7951993E-04  1.838780196170736E-05          0
  90.0  2.683062675609871E-01  2.5901399E-04 -1.834096857534739E-03  2.7349342E-04  1.914360783884483E-02  2.7902477E-04  1.463191866120638E-03  2.7922797E-04  1.054573687449855E-04  2.7972092E-04  1.943358337709835E-03  2.7901016E-04 -5.970017756761839E-04  2.7965645E-04  3.449504713967014E-03  2.7922458E-04  4.132779959832933E-03  2.7902763E-04 -6.443043662242908E-04  2.7989709E-04  1.819384931874173E-05          0
  95.0  2.377203578544798E-01  2.6302368E-04 -5.096142993978063E-04  2.7461196E-04  1.366033342790627E-02  2.7928043E-04  6.219508194033307E-04  2.7914094E-04 -5.918571947581944E-04  2.7967725E-04  2.528432606595555E-03  2.7906984E-04  6.016725899093174E-04  2.7973972E-04  2.237764747725744E-03  2.7916142E-04  4.427357228668613E-03  2.7901553E-04 -1.005614496804169E-03  2.7991711E-04  1.801394987386719E-05          0
 100.0  2.098473807379822E-01  2.6630578E-04  6.648218928137304E-04  2.7550583E-04  9.537256910207582E-03  2.7948353E-04  1.416715796757602E-06  2.7904806E-04 -1.229973845787670E-03  2.7962525E-04  3.127951556301682E-03  2.7914414E-04  1.636986013857278E-03  2.7970531E-04  1.069456303896464E-03  2.7920804E-04  3.911355213439487E-03  2.7928980E-04 -1.205180486632539E-03  2.7965531E-04  1.784343049641342E-05          0
 105.0  1.845365458237225E-01  2.6899351E-04  1.617781937984591E-03  2.7620635E-04  6.584682053937944E-03  2.7965466E-04 -3.536856840422216E-04  2.7894599E-04 -1.575712335713960E-03  2.7958432E-04  3.658526540426589E-03  2.7921567E-04  2.586944222716550E-03  2.7946657E-04  1.616923121629365E-04  2.7945294E-04  2.994846041702182E-03  2.7955676E-04 -1.254558278290202E-03  2.7940091E-04  1.767803066212982E-05          0
 110.0  1.616946849816099E-01  2.7117326E-04  2.404501038094674E-03  2.7676155E-04  4.464992508632784E-03  2.7980462E-04 -2.861043271320336E-04  2.7884291E-04 -1.481815698496886E-03  2.7957121E-04  3.889724851949211E-03  2.7926060E-04  3.470250970877668E-03  2.7910894E-04 -4.203044895139461E-04  2.7981571E-04  2.393482990606876E-03  2.7944323E-04 -1.022328453758315E-03  2.7952195E-04  1.752201864200899E-05          0
 115.0  1.411901554296069E-01  2.7292131E-04  2.983106866727084E-03  2.7720916E-04  2.923230890859931E-03  2.7992709E-04 -1.282518885788739E-04  2.7875148E-04 -1.076680036184294E-03  2.7956415E-04  3.802760697917881E-03  2.7929436E-04  4.226112630410597E-03  2.7899365E-04 -8.670502473113960E-04  2.7993470E-04  2.188189335353063E-03  2.7925549E-04 -5.551050306706239E-04  2.7971366E-04  1.737182475324053E-05          0
 120.0  1.229053401959873E-01  2.7431733E-04  3.349331469206623E-03  2.7756523E-04  1.856239185972066E-03  2.7994519E-04  1.075914595565230E-04  2.7875381E-04 -2.594332252178707E-04  2.7960356E-04  3.374514562464635E-03  2.7927434E-04  4.283376029415311E-03  2.7906590E-04 -1.291392933532746E-03  2.7987000E-04  1.902811163558750E-03  2.7920627E-04 -1.216759565576588E-04  2.7976544E-04  1.722992824038687E-05          0
 125.0  1.066430012116150E-01  2.7542174E-04  3.567918028066470E-03  2.7786234E-04  1.073313145600653E-03  2.7989921E-04  4.587403004775135E-04  2.7881587E-04  6.008482056101135E-04  2.7969124E-04  2.537180646284380E-03  2.7920212E-04  3.898657869097329E-03  2.7930569E-04 -1.466416444211905E-03  2.7963970E-04  1.599247107918830E-03  2.7942891E-04  2.576775221438326E-04  2.7954406E-04  1.709603679498658E-05          0
 130.0  9.220478663714161E-02  2.7628831E-04  3.625166861630428E-03  2.7811144E-04  4.873437043188154E-04  2.7982384E-04  8.864455186379631E-04  2.7890286E-04  1.398600920967082E-03  2.7970232E-04  1.518249542940677E-03  2.7920257E-04  3.308735438541597E-03  2.7949994E-04 -1.387968004388207E-03  2.7945505E-04  1.441790514347814E-03  2.7949738E-04  1.497093429085359E-04  2.7947735E-04  1.696439986510443E-05          0
 135.0  7.948097385781992E-02  2.7696446E-04  3.634367839049610E-03  2.7832087E-04  6.290566801003274E-05  2.7977234E-04  1.313349306996437E-03  2.7896449E-04  2.028146598121928E-03  2.7961428E-04  5.956996356310224E-04  2.7929850E-04  2.887040707994687E-03  2.7950527E-04 -1.060986798727047E-03  2.7945752E-04  1.235483748106806E-03  2.7941046E-04 -3.539886792124245E-04  2.7956588E-04  1.683981564161785E-05          0
 140.0  6.839525605440877E-02  2.7747377E-04  3.564714034099639E-03  2.7850907E-04 -3.224063790277600E-04  2.7974233E-04  1.796407889313179E-03  2.7900468E-04  2.571006796275132E-03  2.7946320E-04 -9.193724269355812E-05  2.7945484E-04  2.622658938072454E-03  2.7932966E-04 -4.713051855020329E-04  2.7963776E-04  9.626291529043768E-04  2.7943505E-04 -4.139224525191256E-04  2.7954353E-04  1.671950883433936E-05          0
 145.0  5.871677393785160E-02  2.7786034E-04  3.348453117140296E-03  2.7867430E-04 -6.429303822006946E-04  2.7972150E-04  2.228842300854398E-03  2.7903575E-04  3.137403530520890E-03  2.7923607E-04 -6.095934447742728E-04  2.7968532E-04  2.433959831079328E-03  2.7919106E-04 -1.299934032174582E-05  2.7977755E-04  1.262027538820318E-03  2.7955390E-04 -1.953986314433629E-04  2.7942586E-04  1.660390477110373E-05          0
 150.0  5.031533407660797E-02  2.7814640E-04  3.092128898256735E-03  2.7882210E-04 -9.387623537055210E-04  2.7970619E-04  2.759165418080251E-03  2.7906377E-04  3.710064299120698E-03  2.7908026E-04 -9.440028406993717E-04  2.7984424E-04  2.290147047252316E-03  2.7925930E-04  4.324601475484784E-04  2.7971130E-04  1.724178241600999E-03  2.7959884E-04  1.878043971339288E-04  2.7938417E-04  1.649229733360867E-05          0
 155.0  4.302235044432375E-02  2.7835369E-04  2.760828924390857E-03  2.7896045E-04 -1.233229554817068E-03  2.7970410E-04  3.248612532453590E-03  2.7908275E-04  4.040090004477080E-03  2.7902762E-04 -1.285165273434401E-03  2.7990159E-04  2.229420410591089E-03  2.7943666E-04  8.177100081669639E-04  2.7953499E-04  1.844754247613852E-03  2.7955088E-04  7.515282413061769E-04  2.7943609E-04  1.638443738642787E-05          0
 160.0  3.678119793036216E-02  2.7851562E-04  2.393608102336577E-03  2.7907101E-04 -1.400878248369924E-03  2.7969835E-04  3.634964417325140E-03  2.7910671E-04  4.014125468203023E-03  2.7905893E-04 -1.527282229010370E-03  2.7987663E-04  2.131009772958384E-03  2.7952796E-04  8.070064766366349E-04  2.7944520E-04  1.480906500140826E-03  2.7953854E-04  1.255351491924260E-03  2.7945089E-04  1.627900361929283E-05          0
 165.0  3.142765365617177E-02  2.7866142E-04  2.006387456674595E-03  2.7914196E-04 -1.357271627219778E-03  2.7967270E-04  3.908552870092026E-03  2.7915091E-04  3.656080236864605E-03  2.7918614E-04 -1.648347092432177E-03  2.7975721E-04  1.872309729210177E-03  2.7947341E-04  5.280512305606640E-04  2.7950252E-04  7.305109832785557E-04  2.7949285E-04  1.880318512798409E-03  2.7949859E-04  1.617730324942864E-05          0
 170.0  2.683270132553095E-02  2.7878894E-04  1.562747370338751E-03  2.7918885E-04 -1.200781069862939E-03  2.7965214E-04  3.926633454529913E-03  2.7918943E-04  3.115917246545843E-03  2.7938264E-04 -1.664410291962170E-03  2.7956945E-04  1.639669732207127E-03  2.7937628E-04  7.765995618167664E-05  2.7960131E-04 -3.642022759242027E-04  2.7946064E-04  1.848857660775854E-03  2.7953283E-04  1.607875915018185E-05          0
 175.0  2.287784421945837E-02  2.7892197E-04  1.091621185797256E-03  2.7919549E-04 -8.227372628469513E-04  2.7963725E-04  3.786256065083742E-03  2.7922015E-04  2.643614889461032E-03  2.7946346E-04 -1.512246476811489E-03  2.7949605E-04  1.448447449566850E-03  2.7940154E-04 -2.968750977784813E-04  2.7957693E-04 -1.633383476966230E-03  2.7938852E-04  1.850675641093854E-03  2.7960492E-04  1.598192645698429E-05          0
 180.0  1.945689530826210E-02  2.7904601E-04  6.313433269461997E-04  2.7918399E-04 -3.842335915094027E-04  2.7964956E-04  3.427474019991790E-03  2.7922214E-04  2.324144272160880E-03  2.7943777E-04 -1.175308889884365E-03  2.7952681E-04  1.459046970578132E-03  2.7952997E-04 -4.739858621023653E-04  2.7944999E-04 -2.775137794294649E-03  2.7933802E-04  2.076124318871842E-03  2.7965535E-04  1.589079886354469E-05          0
 185.0  1.654714117788503E-02  2.7917248E-04  2.056489623889993E-04  2.7914834E-04  1.706361515770272E-04  2.7970139E-04  2.843330905448436E-03  2.7918222E-04  2.220108474967039E-03  2.7935070E-04 -6.314034166367234E-04  2.7961721E-04  1.773238217181118E-03  2.7961797E-04 -2.264840386250519E-04  2.7936312E-04 -3.379211670052841E-03  2.7933751E-04  2.520394946113635E-03  2.7965669E-04  1.580130720461742E-05          0
 190.0  1.402355709954942E-02  2.7929256E-04 -2.389551432902298E-04  2.7910136E-04  7.473183592753689E-04  2.7972075E-04  2.189176255234871E-03  2.7917253E-04  2.428286355006454E-03  2.7921520E-04 -5.364940504257699E-05  2.7975404E-04  1.873529272966122E-03  2.7962848E-04  1.928342638782074E-04  2.7935457E-04 -2.973819898323125E-03  2.7938761E-04  2.528117756243837E-03  2.7960844E-04  1.571425140681906E-05          0
 195.0  1.186375665905954E-02  2.7940900E-04 -6.339163527957924E-04  2.7904357E-04  1.348034543586066E-03  2.7971521E-04  1.485832582246922E-03  2.7918667E-04  2.549633288536211E-03  2.7914356E-04  4.034990398601146E-04  2.7982551E-04  1.806131395477760E-03  2.7958015E-04  5.929076682461261E-04  2.7940649E-04 -2.210516617687168E-03  2.7938485E-04  2.108803228805474E-03  2.7961309E-04  1.562942010396920E-05          0
 200.0  9.996049222760400E-03  2.7952262E-04 -9.936852614935462E-04  2.7897878E-04  1.963352033080948E-03  2.7964300E-04  8.078559114404100E-04  2.7926614E-04  2.546867195185537E-03  2.7923911E-04  7.348567098541802E-04  2.7972882E-04  1.270468946721511E-03  2.7952303E-04  9.304510837226949E-04  2.7946702E-04 -1.517559825994534E-03  2.7940482E-04  1.551008663102906E-03  2.7959541E-04  1.554728381456423E-05          0
 205.0  8.393782394991245E-03  2.7962029E-04 -1.346143039150778E-03  2.7891941E-04  2.501717136688628E-03  2.7954035E-04  2.614865910609593E-04  2.7937392E-04  2.373388647012393E-03  2.7941370E-04  8.802751061504892E-04  2.7955443E-04  5.265666566294957E-04  2.7949577E-04  1.390058283811197E-03  2.7949661E-04 -8.403773926284015E-04  2.7943389E-04  9.119496254809935E-04  2.7956862E-04  1.546607341798530E-05          0
 210.0  7.037744655072134E-03  2.7970562E-04 -1.627445653155986E-03  2.7886471E-04  2.982580401237612E-03  2.7942739E-04 -8.578841478260460E-05  2.7948965E-04  2.172440248849503E-03  2.7950494E-04  8.163249771545151E-04  2.7946324E-04 -2.779823378600869E-04  2.7945718E-04  1.702295106654125E-03  2.7953517E-04 -4.974740754862815E-04  2.7947895E-04  2.857034042217063E-04  2.7952442E-04  1.538617765374575E-05          0
 215.0  5.910435011693742E-03  2.7978544E-04 -1.890316652820792E-03  2.7881042E-04  3.444056813444898E-03  2.7929234E-04 -2.887013757455553E-04  2.7962626E-04  1.964914628571644E-03  2.7948238E-04  6.524541821017759E-04  2.7948736E-04 -1.238215495874736E-03  2.7940368E-04  1.835249845596507E-03  2.7958686E-04 -6.467089140991639E-04  2.7947977E-04 -1.596163205360512E-04  2.7952442E-04  1.530761641893528E-05          0
 220.0  4.960695017538144E-03  2.7984268E-04 -2.055129793285302E-03  2.7877312E-04  3.765862253101502E-03  2.7915212E-04 -3.553919106926924E-04  2.7976772E-04  1.792676630884894E-03  2.7941964E-04  5.382429032386418E-04  2.7955257E-04 -2.230006584223377E-03  2.7937476E-04  1.985504096202769E-03  2.7961420E-04 -1.118561116875309E-03  2.7949333E-04 -4.021500985301020E-04  2.7950958E-04  1.523083233404986E-05          0
 225.0  4.146643879920552E-03  2.7988424E-04 -2.158590890160272E-03  2.7874803E-04  3.994707595108309E-03  2.7903254E-04 -3.910282692467154E-04  2.7988908E-04  1.763456765199629E-03  2.7940288E-04  3.046603221569492E-04  2.7957137E-04 -3.074110389095249E-03  2.7933944E-04  2.268632476396686E-03  2.7964989E-04 -1.659546111038975E-03  2.7949923E-04 -3.604985400905697E-04  2.7950261E-04  1.515702387795916E-05          0
 230.0  3.445589328627150E-03  2.7990555E-04 -2.203297195378207E-03  2.7874113E-04  4.089313130646866E-03  2.7899519E-04 -3.861841178296019E-04  2.7992843E-04  1.814062551982757E-03  2.7939388E-04  1.113877488890761E-05  2.7958127E-04 -3.334537225405716E-03  2.7938347E-04  2.535911898077591E-03  2.7960778E-04 -2.302208615269338E-03  2.7950793E-04 -8.500782669540931E-05  2.7949451E-04  1.508512825952549E-05          0
 235.0  2.860396235649779E-03  2.7989595E-04 -2.207423016006648E-03  2.7876261E-04  3.975154592084708E-03  2.7903659E-04 -4.433742061150974E-04  2.7988963E-04  1.833996585533922E-03  2.7938232E-04 -6.080034236727877E-05  2.7959386E-04 -3.036243009085541E-03  2.7945015E-04  2.548057738063267E-03  2.7954323E-04 -2.495685188654335E-03  2.7950152E-04  2.947313914308617E-04  2.7950287E-04  1.501534941044881E-05          0
 240.0  2.358561542015811E-03  2.7986223E-04 -2.162947297634358E-03  2.7880766E-04  3.693688101648474E-03  2.7909075E-04 -5.141490985000907E-04  2.7983946E-04  1.901150265998434E-03  2.7944708E-04  8.310226678832610E-05  2.7953062E-04 -2.659431542580903E-03  2.7950007E-04  2.399103104306938E-03  2.7949470E-04 -1.713856120636190E-03  2.7953492E-04  6.524189324643415E-04  2.7947120E-04  1.494734429029302E-05          0
 245.0  1.966316464268796E-03  2.7980102E-04 -2.079158344669365E-03  2.7887967E-04  3.218255116050947E-03  2.7915883E-04 -6.600835992207869E-04  2.7977551E-04  2.099708591049160E-03  2.7949913E-04  3.746831765291286E-04  2.7948059E-04 -2.186560834524002E-03  2.7950325E-04  2.119873744052273E-03  2.7949273E-04 -6.146586888931841E-04  2.7951855E-04  8.319240904863116E-04  2.7948770E-04  1.487913276656355E-05          0
 250.0  1.658877467564907E-03  2.7973708E-04 -1.965179192766012E-03  2.7895327E-04  2.728019183552525E-03  2.7925349E-04 -6.748930065744559E-04  2.7968489E-04  2.207485205621031E-03  2.7951838E-04  5.677280857700237E-04  2.7946236E-04 -1.525682067055785E-03  2.7948990E-04  1.761074071561019E-03  2.7950701E-04  1.385619935394865E-04  2.7951152E-04  8.480498640641060E-04  2.7949412E-04  1.481226511474383E-05          0
 255.0  1.374052727959740E-03  2.7966941E-04 -1.836036623114332E-03  2.7902899E-04  2.214295672032636E-03  2.7934487E-04 -5.674024675970029E-04  2.7959728E-04  2.153011421841515E-03  2.7956786E-04  5.572841837603574E-04  2.7941520E-04 -8.909636820245876E-04  2.7947652E-04  1.445525191258025E-03  2.7952161E-04  3.883612465128105E-04  2.7951893E-04  5.645197062344483E-04  2.7948675E-04  1.474679892643827E-05          0
 260.0  1.140411565301021E-03  2.7959764E-04 -1.687542590926057E-03  2.7910881E-04  1.670318055325506E-03  2.7941106E-04 -4.469423963921756E-04  2.7953489E-04  1.845493330465087E-03  2.7956353E-04  5.328805499459732E-04  2.7942261E-04 -4.411227120605201E-04  2.7944560E-04  1.028908407524680E-03  2.7955487E-04 -3.767381395969261E-05  2.7954313E-04  1.222020477802158E-04  2.7946184E-04  1.468291527188085E-05          0
 265.0  9.296253333261306E-04  2.7954010E-04 -1.526890395788481E-03  2.7917408E-04  1.230468292624431E-03  2.7942110E-04 -3.343085376220154E-04  2.7952809E-04  1.281452709398223E-03  2.7955081E-04  6.053308760451111E-04  2.7943804E-04 -3.946387860055193E-04  2.7948423E-04  5.290579355746003E-04  2.7951881E-04 -6.122772313366627E-04  2.7946704E-04 -3.215613425221725E-04  2.7953777E-04  1.462061974460275E-05          0
 270.0  6.855776575250328E-04  2.7949737E-04 -1.339121367366208E-03  2.7922479E-04  8.993965267350482E-04  2.7941658E-04 -1.535863713909095E-04  2.7953541E-04  6.933304072162049E-04  2.7953828E-04  8.452257100389135E-04  2.7945137E-04 -4.578102816447513E-04  2.7949292E-04  2.835126874792731E-06  2.7951107E-04 -6.360929561714185E-04  2.7939558E-04 -9.046281301914040E-04  2.7960973E-04  1.455970628674709E-05          0
 275.0  4.657324164085039E-04  2.7948315E-04 -1.110447434326220E-03  2.7924683E-04  7.746702651897377E-04  2.7935807E-04  3.398949621140464E-05  2.7959606E-04 -1.407452413187398E-05  2.7952098E-04  1.116488171457576E-03  2.7946903E-04 -9.056441988530873E-04  2.7952079E-04 -4.344209831582479E-04  2.7948269E-04 -2.261622500167821E-04  2.7938978E-04 -1.294533488988762E-03  2.7961566E-04  1.449983357196078E-05          0
 280.0  2.169067255307035E-04  2.7949269E-04 -8.337405805761401E-04  2.7924495E-04  8.194949576226420E-04  2.7928866E-04  1.187857487937472E-04  2.7966586E-04 -5.789265689295779E-04  2.7945944E-04  1.442210162723421E-03  2.7953063E-04 -1.421577599488995E-03  2.7951308E-04 -7.229643705597971E-04  2.7948923E-04  2.552987878063884E-04  2.7942195E-04 -1.066550726540916E-03  2.7958491E-04  1.444079722050121E-05          0
 285.0 -3.088946498434555E-05  2.7951225E-04 -5.259503767529489E-04  2.7923237E-04  9.428448034913669E-04  2.7922899E-04  1.271981292006301E-04  2.7972492E-04 -1.298799485359137E-03  2.7938374E-04  1.660809830815197E-03  2.7960585E-04 -1.855041224381044E-03  2.7955146E-04 -7.325326398590814E-04  2.7945033E-04  4.187841810331675E-04  2.7947022E-04 -5.096975527674776E-04  2.7953850E-04  1.438346224322208E-05          0
 290.0 -2.552353781289724E-04  2.7955094E-04 -1.475135371565816E-04  2.7920063E-04  1.202144361327381E-03  2.7920030E-04  1.043718367301889E-04  2.7975240E-04 -2.100250725002303E-03  2.7933887E-04  1.818920143453244E-03  2.7964948E-04 -2.059160790210858E-03  2.7956313E-04 -4.193899839196517E-04  2.7943906E-04  3.652701726581026E-04  2.7956022E-04  5.669542750039402E-05  2.7945002E-04  1.432683023489583E-05          0
 295.0 -4.583926850878224E-04  2.7958970E-04  2.777787054988174E-04  2.7916892E-04  1.464919716599472E-03  2.7923836E-04  6.813336413463462E-05  2.7971313E-04 -3.011180559108228E-03  2.7933031E-04  1.933127369151296E-03  2.7965642E-04 -1.778576581631853E-03  2.7950721E-04 -4.763904701671451E-05  2.7949601E-04  5.425366837003749E-04  2.7953077E-04  4.823750042860648E-04  2.7948007E-04  1.427094160486632E-05          0
 300.0 -6.543893238006439E-04  2.7962324E-04  6.952622083600350E-04  2.7914184E-04  1.695917662879499E-03  2.7934541E-04  2.133088635147797E-05  2.7960587E-04 -3.746753782145677E-03  2.7936074E-04  2.063383142076509E-03  2.7962532E-04 -1.003252989312268E-03  2.7945546E-04  2.445549753930143E-04  2.7954880E-04  5.242714634495072E-04  2.7947240E-04  8.769516825301404E-04  2.7953838E-04  1.421635850857227E-05          0
 305.0 -7.721664779404029E-04  2.7965053E-04  1.122811599651742E-03  2.7912146E-04  1.882883130645373E-03  2.7945818E-04  7.755477022513703E-06  2.7949320E-04 -4.175058813686365E-03  2.7940074E-04  2.138097928061468E-03  2.7958595E-04 -1.851715619458731E-04  2.7941188E-04  2.789046242244081E-04  2.7959302E-04  6.566946514249895E-04  2.7945142E-04  1.340984816630723E-03  2.7955752E-04  1.416300012503994E-05          0
 310.0 -8.567562129534939E-04  2.7966621E-04  1.500149463744570E-03  2.7911317E-04  1.982260694070286E-03  2.7955425E-04 -7.310969181071318E-06  2.7939715E-04 -4.207032384344999E-03  2.7941756E-04  2.263987011224100E-03  2.7957131E-04  5.106618506001436E-04  2.7949491E-04 -1.998132480154875E-05  2.7950979E-04  4.287573540937901E-04  2.7947845E-04  1.513833893682802E-03  2.7952870E-04  1.410972103301352E-05          0
 315.0 -9.462447735546231E-04  2.7967846E-04  1.850046284895255E-03  2.7910852E-04  2.054945326408015E-03  2.7961530E-04 -9.371434811867984E-06  2.7933655E-04 -3.891792433475830E-03  2.7939260E-04  2.288222368997605E-03  2.7959832E-04  9.536720757142464E-04  2.7952177E-04 -3.433465008694661E-04  2.7948296E-04  2.036386185788906E-06  2.7947109E-04  1.395446758563564E-03  2.7953546E-04  1.405728194903881E-05          0
 320.0 -9.574445446280386E-04  2.7968135E-04  2.181081846383151E-03  2.7911300E-04  2.057794957827170E-03  2.7960642E-04 -4.989289352283033E-05  2.7934713E-04 -3.194775920075524E-03  2.7939658E-04  2.169229563758651E-03  2.7959685E-04  8.903432466552608E-04  2.7960614E-04 -6.338329464625379E-04  2.7939901E-04 -2.221999950101234E-04  2.7939916E-04  1.202197684608195E-03  2.7960660E-04  1.400603930304512E-05          0
 325.0 -9.355512797259507E-04  2.7967154E-04  2.458806101572872E-03  2.7913115E-04  1.959325591487628E-03  2.7954930E-04  2.704413792727515E-05  2.7940746E-04 -2.354596168611508E-03  2.7941574E-04  1.920452627920926E-03  2.7957937E-04  4.761906930007850E-04  2.7958970E-04 -8.474024584372827E-04  2.7941611E-04 -3.513927374316081E-04  2.7936731E-04  8.199378606338132E-04  2.7963776E-04  1.395615372820542E-05          0
 330.0 -8.812481554374179E-04  2.7965485E-04  2.699440942464687E-03  2.7915581E-04  1.807878600918879E-03  2.7948813E-04 -2.033069749930567E-05  2.7947222E-04 -1.457940346835093E-03  2.7943134E-04  1.535548585139105E-03  2.7956469E-04  3.096606940340531E-05  2.7951275E-04 -1.064522370438769E-03  2.7949217E-04 -5.559010059729566E-04  2.7941411E-04  5.335277821350620E-04  2.7959023E-04  1.390695912609806E-05          0
 335.0 -7.882287714232861E-04  2.7964851E-04  2.846685548217975E-03  2.7916986E-04  1.730733587127081E-03  2.7945323E-04 -8.014040027148759E-06  2.7951049E-04 -7.397184925505175E-04  2.7942102E-04  1.094682938798440E-03  2.7957605E-04 -2.251047599266383E-04  2.7945852E-04 -1.228535480522271E-03  2.7954451E-04 -9.752860412650091E-04  2.7948004E-04  4.418442385300339E-04  2.7952430E-04  1.385869399918760E-05          0
 340.0 -6.518705440716865E-04  2.7965008E-04  2.950923082683036E-03  2.7917577E-04  1.706154741254862E-03  2.7945348E-04 -5.234950704449753E-06  2.7951345E-04 -1.880992931501516E-04  2.7944311E-04  6.600459523912058E-04  2.7955599E-04 -2.288192047105978E-04  2.7941016E-04 -1.208119890598736E-03  2.7959249E-04 -1.183472038320226E-03  2.7949008E-04  2.858818735833968E-04  2.7951551E-04  1.381102332160046E-05          0
 345.0 -4.588297033933209E-04  2.7965712E-04  3.005130874255007E-03  2.7917596E-04  1.721163260509249E-03  2.7948437E-04 -1.471960246853421E-04  2.7948464E-04  8.432999297647287E-05  2.7946021E-04  2.483680180736457E-04  2.7954042E-04 -6.969450785286900E-06  2.7939071E-04 -1.009591864019232E-03  2.7961224E-04 -1.279200562659616E-03  2.7949085E-04  2.057381364268639E-04  2.7951667E-04  1.376420066851863E-05          0
 350.0 -2.393153890876804E-04  2.7966541E-04  2.942156156010227E-03  2.7917383E-04  1.751847184909624E-03  2.7952657E-04 -2.383083409720889E-04  2.7944357E-04  1.494486965375881E-04  2.7946805E-04  1.372029202534057E-05  2.7953367E-04  2.986856637820572E-04  2.7944550E-04 -6.942658400292907E-04  2.7955916E-04 -1.368230405401068E-03  2.7955775E-04  3.090844326713283E-04  2.7945114E-04  1.371815108244477E-05          0
 355.0  1.124147310019308E-05  2.7968037E-04  2.848251541125359E-03  2.7916490E-04  1.831260936476017E-03  2.7959157E-04 -2.887347899910227E-04  2.7937937E-04 -9.785792054351878E-05  2.7948582E-04 -8.838686058416023E-07  2.7951585E-04  7.677274565255824E-04  2.7954812E-04 -3.053858384656206E-04  2.7945831E-04 -1.484816284630411E-03  2.7956902E-04  3.273918335666373E-04  2.7944024E-04  1.367254056589675E-05          0
 360.0  2.689210562107169E-04  2.7968899E-04  2.749171469822769E-03  2.7916197E-04  1.868277393897300E-03  2.7961808E-04 -3.428234564636245E-04  2.7935389E-04 -5.284635610077867E-04  2.7952080E-04  1.704599257530032E-04  2.7947980E-04  9.586021658629356E-04  2.7962470E-04  1.500795364513329E-04  2.7938283E-04 -1.534334036002380E-03  2.7960608E-04  3.694212730514112E-04  2.7940307E-04  1.362749208368267E-05          0
 365.0  5.870689699083514E-04  2.7969032E-04  2.643365911961408E-03  2.7916572E-04  1.856325341593821E-03  2.7959980E-04 -3.097671637650037E-04  2.7937358E-04 -9.777136001321927E-04  2.7959510E-04  3.969340458729497E-04  2.7940462E-04  8.240531196107827E-04  2.7962790E-04  3.740582875628760E-04  2.7938067E-04 -1.461886237220964E-03  2.7962811E-04  2.554426525132023E-04  2.7938147E-04  1.358327009737275E-05          0
 370.0  9.055023294700587E-04  2.7967831E-04  2.499186127804501E-03  2.7918236E-04  1.755308579708011E-03  2.7956781E-04 -2.110130013752547E-04  2.7940703E-04 -1.428752396347696E-03  2.7960904E-04  6.184356933629190E-04  2.7939040E-04  5.866865575391336E-04  2.7957843E-04  6.065522966852052E-04  2.7943030E-04 -1.274114309956120E-03  2.7959420E-04  2.092508358723964E-04  2.7941584E-04  1.353954626465427E-05          0
 375.0  1.217941368391435E-03  2.7965314E-04  2.378768741141089E-03  2.7921126E-04  1.565708851211776E-03  2.7950412E-04 -1.369800680533732E-04  2.7947236E-04 -1.888846865994882E-03  2.7963144E-04  7.760826534033968E-04  2.7936777E-04  1.191737086009866E-04  2.7956757E-04  6.922687143418888E-04  2.7943997E-04 -8.899481082102372E-04  2.7948533E-04  2.091027455274568E-04  2.7952399E-04  1.349639081987573E-05          0
 380.0  1.527903693098634E-03  2.7961247E-04  2.196424922788190E-03  2.7925519E-04  1.269015477651263E-03  2.7947026E-04 -1.013236613221544E-05  2.7950818E-04 -2.108663844650640E-03  2.7967577E-04  9.106711494087034E-04  2.7932369E-04 -1.359882542842864E-04  2.7952155E-04  8.858144025885179E-04  2.7948421E-04 -6.317987447349590E-04  2.7945835E-04  2.453222416552930E-04  2.7955111E-04  1.345386121126960E-05          0
 385.0  1.832951348935665E-03  2.7957221E-04  2.016927100427563E-03  2.7929828E-04  9.776470889936953E-04  2.7944834E-04  1.470532761025823E-04  2.7953275E-04 -2.219746055398571E-03  2.7964426E-04  1.028703056198619E-03  2.7935548E-04 -3.080597735176691E-04  2.7949195E-04  9.198338278823720E-04  2.7951193E-04 -4.694982422919252E-04  2.7950606E-04  7.621590060796405E-05  2.7950369E-04  1.341213116561561E-05          0
 390.0  2.121469667047994E-03  2.7954695E-04  1.839872659389131E-03  2.7932602E-04  7.935351017241483E-04  2.7944927E-04  3.968907120106312E-04  2.7953450E-04 -2.247041145257676E-03  2.7959034E-04  1.087220816649229E-03  2.7940972E-04 -3.151151418716274E-04  2.7946825E-04  7.830178693922522E-04  2.7953497E-04 -3.372146483769398E-04  2.7949657E-04  1.121220486213083E-04  2.7951281E-04  1.337106840710936E-05          0
 395.0  2.410668616946691E-03  2.7951033E-04  1.643911115448238E-03  2.7936485E-04  5.295220922510302E-04  2.7943993E-04  6.776525324775655E-04  2.7954623E-04 -2.004159133819448E-03  2.7955640E-04  1.086473054264662E-03  2.7944416E-04 -3.925468172539269E-04  2.7946207E-04  8.581410984649484E-04  2.7954152E-04 -1.177593934705891E-04  2.7947884E-04  4.424543164994250E-04  2.7953124E-04  1.333018676637427E-05          0
 400.0  2.692148991777572E-03  2.7947785E-04  1.422050640453187E-03  2.7939876E-04  2.964845413467699E-04  2.7939251E-04  9.505672658274679E-04  2.7959484E-04 -1.485241383839472E-03  2.7952267E-04  1.052304728319971E-03  2.7947855E-04 -7.350628825682348E-04  2.7948165E-04  7.707468557654606E-04  2.7952225E-04  2.512053235085940E-04  2.7949793E-04  6.646291486962485E-04  2.7951321E-04  1.328978642951511E-05          0
 405.0  2.972702146926112E-03  2.7945158E-04  1.198121783394247E-03  2.7942596E-04  1.091826015190049E-04  2.7936045E-04  1.156145156954543E-03  2.7962742E-04 -8.010710539391806E-04  2.7950435E-04  9.164349032787948E-04  2.7949734E-04 -9.633609790796602E-04  2.7956188E-04  7.363326795419779E-04  2.7944243E-04  4.460226624759657E-04  2.7953168E-04  5.695090311942831E-04  2.7947959E-04  1.325067797356927E-05          0
 410.0  3.233495198304666E-03  2.7944040E-04  9.147341066192116E-04  2.7943731E-04  3.176859000643333E-05  2.7935021E-04  1.260924727603409E-03  2.7963746E-04 -9.589383526440178E-05  2.7948768E-04  7.957276493281078E-04  2.7951403E-04 -1.031267744920196E-03  2.7963104E-04  8.374972290030678E-04  2.7937345E-04  4.736039603201397E-04  2.7949010E-04  1.536512067005503E-04  2.7952099E-04  1.321153816995580E-05          0
 415.0  3.489424750824953E-03  2.7943251E-04  6.579144031632035E-04  2.7944479E-04 -2.319292495986692E-05  2.7935857E-04  1.300474291130973E-03  2.7962820E-04  6.258873025707532E-04  2.7950356E-04  6.157786090535359E-04  2.7949747E-04 -9.627067625398242E-04  2.7968882E-04  9.676888634220761E-04  2.7931746E-04  5.469231681640172E-04  2.7939904E-04 -4.811081572925652E-04  2.7961174E-04  1.317288763981992E-05          0
 420.0  3.733087666224824E-03  2.7943034E-04  3.968127808731471E-04  2.7944646E-04 -3.812269707801448E-05  2.7936678E-04  1.301007109089060E-03  2.7961826E-04  1.204495409254667E-03  2.7955551E-04  4.156310903629337E-04  2.7944475E-04 -8.935985256009480E-04  2.7969648E-04  1.093352982904805E-03  2.7931144E-04  8.923363640002599E-04  2.7942414E-04 -9.236995577201919E-04  2.7958664E-04  1.313471410862747E-05          0
 425.0  3.969092725951771E-03  2.7942376E-04  5.508948922172764E-05  2.7945240E-04 -8.438954921052228E-05  2.7937792E-04  1.183058120989992E-03  2.7960522E-04  1.607252404266330E-03  2.7955664E-04  1.261911991495352E-04  2.7944315E-04 -8.047210219356675E-04  2.7965960E-04  9.296115375068798E-04  2.7934952E-04  1.166086184648389E-03  2.7947819E-04 -1.247418938298420E-03  2.7953250E-04  1.309739564365187E-05          0
 430.0  4.203200598301941E-03  2.7941866E-04 -2.752809329248956E-04  2.7945709E-04 -1.209396473063205E-04  2.7936283E-04  1.111445295098962E-03  2.7961867E-04  1.573925296141157E-03  2.7954470E-04 -1.638010525545317E-04  2.7945551E-04 -9.063110925684876E-04  2.7952988E-04  6.565458342934079E-04  2.7948059E-04  1.155814189333830E-03  2.7950215E-04 -1.395025472352452E-03  2.7950760E-04  1.306073612489087E-05          0
 435.0  4.383082312039355E-03  2.7940414E-04 -6.325745436582641E-04  2.7947108E-04 -2.250252851155775E-04  2.7931686E-04  1.135021420321175E-03  2.7966303E-04  1.460929895952230E-03  2.7953180E-04 -5.982712478427198E-04  2.7946840E-04 -1.229119712068402E-03  2.7946230E-04  4.748853834071557E-04  2.7954887E-04  8.811097699992089E-04  2.7952906E-04 -1.164801846783376E-03  2.7948061E-04  1.302409862497779E-05          0
 440.0  4.538751535068640E-03  2.7937581E-04 -9.749688347534807E-04  2.7949906E-04 -4.301013713186728E-04  2.7927596E-04  1.194979435539019E-03  2.7970239E-04  1.237444346674879E-03  2.7950642E-04 -9.885093161231847E-04  2.7949434E-04 -1.514249404336570E-03  2.7948953E-04  4.574600056660927E-04  2.7952165E-04  1.044653285736050E-03  2.7952858E-04 -7.568131537561308E-04  2.7948123E-04  1.298831749356739E-05          0
 445.0  4.636270253822417E-03  2.7935485E-04 -1.325509971751542E-03  2.7951942E-04 -5.795261469981914E-04  2.7926316E-04  1.224763834428988E-03  2.7971445E-04  9.649150720635661E-04  2.7950626E-04 -1.185405191706329E-03  2.7949464E-04 -1.600692781834603E-03  2.7952601E-04  5.238548917202898E-04  2.7948457E-04  1.088548367107127E-03  2.7955707E-04 -6.907546723733005E-04  2.7945270E-04  1.295252774685328E-05          0
 450.0  4.669831277996754E-03  2.7933929E-04 -1.717308993496847E-03  2.7953503E-04 -6.922305891459488E-04  2.7927300E-04  1.313755820648480E-03  2.7970426E-04  7.704808510849428E-04  2.7951672E-04 -1.201203325464240E-03  2.7948500E-04 -1.527542586079858E-03  2.7950894E-04  7.460439554137022E-04  2.7950114E-04  1.057825579435971E-03  2.7954240E-04 -8.153194722320470E-04  2.7946813E-04  1.291700032405958E-05          0
 455.0  4.590552752343251E-03  2.7931771E-04 -2.057859269092034E-03  2.7955695E-04 -8.484089394268251E-04  2.7930580E-04  1.379955034272599E-03  2.7967179E-04  7.404869641196005E-04  2.7950807E-04 -1.200419156949509E-03  2.7949523E-04 -1.292686351862461E-03  2.7955298E-04  8.931683646109036E-04  2.7945710E-04  8.578120844506040E-04  2.7955869E-04 -6.552389166555552E-04  2.7945303E-04  1.288279427095386E-05          0
 460.0  4.464519325379071E-03  2.7931521E-04 -2.400356835387417E-03  2.7955939E-04 -8.667534989893718E-04  2.7936235E-04  1.420866414162748E-03  2.7961649E-04  7.266650188530485E-04  2.7949150E-04 -9.927816547087164E-04  2.7951377E-04 -8.923989291157924E-04  2.7955050E-04  1.092097862095614E-03  2.7945946E-04  9.426658667699130E-04  2.7954600E-04 -4.620802545653232E-04  2.7946613E-04  1.284873608323945E-05          0
 465.0  4.286958315308224E-03  2.7931815E-04 -2.737844578413737E-03  2.7955656E-04 -8.435395764302802E-04  2.7941906E-04  1.408666093144244E-03  2.7956209E-04  8.034120777909928E-04  2.7949326E-04 -8.091545169156494E-04  2.7951372E-04 -4.949331509672454E-04  2.7957980E-04  1.097913016312087E-03  2.7943040E-04  1.138479569232831E-03  2.7953926E-04 -2.201568938656038E-04  2.7947277E-04  1.281463495900301E-05          0
 470.0  4.039463511136166E-03  2.7933086E-04 -3.061328403463798E-03  2.7954377E-04 -7.507544772960379E-04  2.7946129E-04  1.375349898271084E-03  2.7952290E-04  7.316140039966713E-04  2.7954155E-04 -5.292642136994097E-04  2.7946674E-04 -2.046933306906333E-04  2.7953521E-04  8.332955928179377E-04  2.7947569E-04  9.367283516385326E-04  2.7956602E-04  6.557420835133246E-06  2.7944616E-04  1.278096781903019E-05          0
 475.0  3.756617441267474E-03  2.7934599E-04 -3.306782395260180E-03  2.7952914E-04 -6.396032292177807E-04  2.7945071E-04  1.370701402123660E-03  2.7953635E-04  6.929669397042424E-04  2.7954987E-04 -1.762714582870520E-04  2.7945852E-04 -2.933147741344081E-04  2.7947357E-04  5.411660704710914E-04  2.7953802E-04  4.644636255623587E-04  2.7950900E-04  2.090721278567548E-04  2.7950349E-04  1.274799847251837E-05          0
 480.0  3.447144239028091E-03  2.7936253E-04 -3.524055047307058E-03  2.7951365E-04 -5.201550864380783E-04  2.7941772E-04  1.373127257858600E-03  2.7957169E-04  6.390486429730533E-04  2.7953316E-04  1.601918950713262E-04  2.7947492E-04 -5.432310382397404E-04  2.7945104E-04  4.500327275106163E-04  2.7956024E-04 -2.258149834640952E-04  2.7950616E-04  2.087259553236811E-04  2.7950689E-04  1.271512826734935E-05          0
 485.0  3.117280241626427E-03  2.7937481E-04 -3.672709702565711E-03  2.7950263E-04 -4.341760123407960E-04  2.7939396E-04  1.430213304217895E-03  2.7959742E-04  6.562319823706130E-04  2.7949696E-04  5.555675208094510E-04  2.7951073E-04 -7.258177272089073E-04  2.7945350E-04  2.824688721644601E-04  2.7955772E-04 -5.866223126058513E-04  2.7947946E-04 -2.085267840619480E-05  2.7953391E-04  1.268278956493708E-05          0
 490.0  2.789754193707662E-03  2.7939413E-04 -3.775175746932679E-03  2.7948484E-04 -2.959982051212888E-04  2.7938363E-04  1.556083878577698E-03  2.7960868E-04  6.480248977793412E-04  2.7943695E-04  7.309279374068454E-04  2.7957054E-04 -8.066262233105950E-04  2.7947765E-04  1.861463174459821E-04  2.7953374E-04 -7.465624234024557E-04  2.7942935E-04 -2.147086285245465E-04  2.7958320E-04  1.265088303240852E-05          0
 495.0  2.454446709975254E-03  2.7941802E-04 -3.851316708824017E-03  2.7946229E-04 -1.231095255713494E-04  2.7940174E-04  1.715124024644064E-03  2.7959127E-04  5.388823978872153E-04  2.7937323E-04  8.402143699820127E-04  2.7963384E-04 -6.823039431759276E-04  2.7952058E-04  1.818553779459840E-04  2.7949141E-04 -7.858566528462196E-04  2.7950885E-04 -3.762329193096211E-04  2.7950274E-04  1.261920818756453E-05          0
 500.0  2.124939892727113E-03  2.7943415E-04 -3.870812625778160E-03  2.7944842E-04 -1.219433912630423E-05  2.7943016E-04  1.913673974803133E-03  2.7956273E-04  4.145801549582285E-04  2.7932280E-04  9.310948845793251E-04  2.7968380E-04 -4.813104600929084E-04  2.7950030E-04  3.285948441493563E-04  2.7951243E-04 -5.333817926364775E-04  2.7951820E-04 -3.982619058641068E-04  2.7949378E-04  1.258779745295582E-05          0
 505.0  1.801558524055093E-03  2.7945121E-04 -3.784886856003923E-03  2.7943351E-04  1.042039535579918E-04  2.7945259E-04  2.089980963487184E-03  2.7953976E-04  1.609338435318126E-04  2.7932168E-04  9.519626332754258E-04  2.7968483E-04 -3.216529024725171E-04  2.7952213E-04  3.713748511775733E-04  2.7949050E-04 -3.784673959446973E-04  2.7945285E-04 -3.980972561184558E-04  2.7955908E-04  1.255711133233405E-05          0
 510.0  1.511006447273127E-03  2.7947367E-04 -3.640666173154723E-03  2.7941333E-04  2.552170219100501E-04  2.7945554E-04  2.206989310189649E-03  2.7953621E-04 -6.183230261030793E-05  2.7936577E-04  8.768695506152035E-04  2.7964070E-04 -3.003443900556503E-04  2.7953967E-04  2.185341950164068E-04  2.7947282E-04 -1.890451775689217E-04  2.7945259E-04 -5.223091385145871E-04  2.7955935E-04  1.252688969084667E-05          0
 515.0  1.259920437932538E-03  2.7947871E-04 -3.409477732519671E-03  2.7941123E-04  2.772434262874337E-04  2.7944728E-04  2.293601232842643E-03  2.7954475E-04 -2.684689067340669E-04  2.7941061E-04  8.009157650035917E-04  2.7959654E-04 -3.626927184779812E-04  2.7949469E-04  1.768730047868234E-04  2.7951789E-04 -2.813109092192097E-05  2.7948911E-04 -5.780922846088105E-04  2.7952329E-04  1.249720194465004E-05          0
 520.0  9.856541275239750E-04  2.7947750E-04 -3.158195223261075E-03  2.7941598E-04  2.470776317048159E-04  2.7943140E-04  2.253751312914565E-03  2.7956143E-04 -4.634685468224915E-04  2.7943289E-04  5.418573900715511E-04  2.7957481E-04 -4.807780716349844E-04  2.7948698E-04  1.317728072469637E-04  2.7952589E-04  2.046893083302272E-04  2.7948817E-04 -5.603169656204414E-04  2.7952469E-04  1.246748158633000E-05          0
 525.0  7.391987741737386E-04  2.7948148E-04 -2.895803330968148E-03  2.7941571E-04  2.479792545071797E-04  2.7944693E-04  2.149694080703723E-03  2.7954664E-04 -6.991410080735825E-04  2.7944979E-04  1.799812877378455E-04  2.7955799E-04 -3.729148614971229E-04  2.7950988E-04 -6.800804414416133E-05  2.7950322E-04  1.811029660578779E-04  2.7956626E-04 -5.612657576696146E-04  2.7944690E-04  1.243841289524068E-05          0
 530.0  5.162259325930533E-04  2.7947666E-04 -2.599470078258502E-03  2.7942419E-04  1.833490031410619E-04  2.7948101E-04  1.951705165244073E-03  2.7951332E-04 -9.801505120001417E-04  2.7945635E-04 -3.582337009661614E-05  2.7955113E-04 -1.318439524440744E-04  2.7951989E-04 -3.985567906472440E-04  2.7949311E-04  5.493868558791715E-05  2.7960220E-04 -4.007141897366530E-04  2.7941060E-04  1.240945611312235E-05          0
 535.0  3.231596953872952E-04  2.7947749E-04 -2.312374599011399E-03  2.7942761E-04  1.546301218496854E-04  2.7951000E-04  1.755727961511085E-03  2.7948471E-04 -1.308298546377092E-03  2.7952277E-04 -2.668969166395999E-04  2.7948452E-04  7.629003074354591E-05  2.7952746E-04 -8.384692907980873E-04  2.7948489E-04  3.065894186850895E-04  2.7959518E-04 -1.815367840885595E-04  2.7941734E-04  1.238081826116083E-05          0
 540.0  1.572958760291215E-04  2.7947220E-04 -2.032726397543577E-03  2.7943727E-04  8.151143642936952E-05  2.7952100E-04  1.525587560706370E-03  2.7947399E-04 -1.579373310156318E-03  2.7959015E-04 -3.336432770476352E-04  2.7941723E-04  1.569528125925822E-04  2.7950076E-04 -1.203157917582431E-03  2.7951077E-04  6.984428257421827E-04  2.7952959E-04  5.638406119064064E-05  2.7948298E-04  1.235274864965369E-05          0
 545.0  3.509243877305851E-05  2.7946005E-04 -1.737565920215537E-03  2.7945344E-04 -3.811977966381960E-05  2.7949406E-04  1.303941465374092E-03  2.7950080E-04 -1.636502835341538E-03  2.7957909E-04 -2.393825333700222E-04  2.7942864E-04 -3.112814436796254E-05  2.7946902E-04 -1.137693731090500E-03  2.7954200E-04  1.041523447340561E-03  2.7951190E-04  1.691920834943814E-04  2.7950131E-04  1.232476936533528E-05          0
 550.0 -1.851757825552477E-05  2.7944880E-04 -1.422194727414558E-03  2.7946877E-04 -1.496364561645245E-04  2.7950851E-04  1.121510392816036E-03  2.7948632E-04 -1.463013390337525E-03  2.7956243E-04 -9.572649636785750E-05  2.7944591E-04  7.659567442834166E-05  2.7950291E-04 -9.077610359247574E-04  2.7950866E-04  9.694895618520093E-04  2.7947887E-04 -1.625060407074808E-06  2.7953478E-04  1.229749156188197E-05          0
 555.0 -3.318857907544066E-05  2.7944344E-04 -1.115843519873907E-03  2.7947804E-04 -2.175906341366974E-04  2.7954139E-04  9.631043249810262E-04  2.7945370E-04 -1.280318227803886E-03  2.7953208E-04  1.690741125488916E-04  2.7947669E-04  3.141826866712448E-04  2.7951976E-04 -6.747787645113098E-04  2.7949266E-04  9.077039391368728E-04  2.7944198E-04 -1.511640823769768E-04  2.7957210E-04  1.227062280924869E-05          0
 560.0 -2.387206930074458E-05  2.7942873E-04 -7.725476274013075E-04  2.7949642E-04 -3.487493370320044E-04  2.7956407E-04  8.963887245673278E-04  2.7943112E-04 -1.045098431254710E-03  2.7951819E-04  3.547069685563598E-04  2.7949069E-04  4.803038327554270E-04  2.7948906E-04 -3.568293008707953E-04  2.7952383E-04  5.217099464290217E-04  2.7942545E-04 -3.393053391984826E-05  2.7958851E-04  1.224447490472914E-05          0
 565.0  7.037111278267722E-06  2.7942116E-04 -4.384688566334139E-04  2.7950697E-04 -4.231884903643161E-04  2.7960189E-04  7.792352028758247E-04  2.7939281E-04 -8.435775914598413E-04  2.7955044E-04  3.659499147715886E-04  2.7945815E-04  7.578652929459278E-04  2.7943064E-04 -4.939777465610540E-05  2.7958222E-04  1.853625205394350E-04  2.7946569E-04  5.667956318243433E-05  2.7954839E-04  1.221854275500448E-05          0
 570.0  5.972592279945492E-05  2.7941364E-04 -1.404938967755255E-04  2.7951694E-04 -4.926406466068305E-04  2.7963485E-04  6.674444556837320E-04  2.7935935E-04 -6.878661969445047E-04  2.7952781E-04  2.263263813874148E-04  2.7947992E-04  9.991563690347227E-04  2.7941968E-04  2.254579452919863E-04  2.7959302E-04  2.166661622009394E-04  2.7941637E-04  1.378630335794340E-04  2.7959818E-04  1.219314019331108E-05          0
 575.0  1.004720027673205E-04  2.7942194E-04  1.172135460492876E-04  2.7951072E-04 -4.438366954552139E-04  2.7962650E-04  5.792570729932444E-04  2.7936732E-04 -5.682909633069369E-04  2.7952415E-04  1.281662526198686E-04  2.7948251E-04  9.402076183242652E-04  2.7944774E-04  3.690815551107177E-04  2.7956525E-04  4.719319080409340E-04  2.7942904E-04  3.210080205760277E-05  2.7958529E-04  1.216797513002005E-05          0
 580.0  1.630855956909150E-04  2.7944415E-04  3.431003341972535E-04  2.7949018E-04 -2.907291657849000E-04  2.7959888E-04  5.597938656870512E-04  2.7939496E-04 -4.278294445290248E-04  2.7946870E-04  9.256319810205086E-05  2.7953696E-04  7.385514412427814E-04  2.7947115E-04  4.172376560250024E-04  2.7954230E-04  6.627384672466574E-04  2.7949306E-04 -1.905263692538679E-04  2.7952113E-04  1.214356640346162E-05          0
 585.0  2.542826503137076E-04  2.7947864E-04  4.955262838216724E-04  2.7945726E-04 -4.633225819365754E-05  2.7954031E-04  5.463562591209268E-04  2.7945394E-04 -3.277691234607884E-04  2.7939050E-04  1.532213513038823E-04  2.7961466E-04  3.141265604119260E-04  2.7953219E-04  2.312710660220986E-04  2.7948159E-04  5.989041938492169E-04  2.7951143E-04 -4.682818401666365E-04  2.7950285E-04  1.211976763545300E-05          0
 590.0  3.485858855062680E-04  2.7951944E-04  6.716109606311824E-04  2.7941832E-04  2.444668699980260E-04  2.7947982E-04  4.761169193311826E-04  2.7951500E-04 -3.040827180445236E-04  2.7935184E-04  2.309978713532511E-04  2.7965393E-04 -1.248817464417296E-04  2.7953780E-04  1.156356904998110E-04  2.7947564E-04  4.847376408951851E-04  2.7952264E-04 -4.969165690454620E-04  2.7949207E-04  1.209622262151155E-05          0
 595.0  4.587821031912265E-04  2.7956172E-04  8.021693126187517E-04  2.7937754E-04  5.486774660092502E-04  2.7945097E-04  2.679180011428361E-04  2.7954408E-04 -4.509021919927944E-04  2.7939653E-04  2.939727741049431E-04  2.7960996E-04 -3.337795480353360E-04  2.7952582E-04  1.063405076382226E-04  2.7948711E-04  4.939696394468205E-04  2.7955625E-04 -4.165723163987317E-04  2.7945854E-04  1.207303884329553E-05          0
 600.0  5.393436961871568E-04  2.7959735E-04  8.807869755020110E-04  2.7934297E-04  8.079307807126980E-04  2.7944805E-04 -5.773991432666786E-05  2.7954713E-04 -5.639623562117078E-04  2.7946460E-04  3.908182100289347E-04  2.7954252E-04 -3.547764450767655E-04  2.7954273E-04  6.496000721772569E-05  2.7946985E-04  3.317523150994809E-04  2.7955722E-04 -3.329817671780571E-04  2.7945753E-04  1.205053849728643E-05          0
 605.0  6.352650296062805E-04  2.7961972E-04  9.406539340331317E-04  2.7932153E-04  9.725670579184511E-04  2.7944508E-04 -3.737146501860417E-04  2.7954990E-04 -6.038511123085677E-04  2.7951847E-04  6.190789963128370E-04  2.7948962E-04 -3.741348623433671E-04  2.7954398E-04  6.119903116662685E-05  2.7946846E-04  2.875384430249030E-04  2.7953325E-04 -1.760162273885546E-04  2.7948111E-04  1.202803614412054E-05          0
 610.0  6.778843764770248E-04  2.7963270E-04  9.911911585718486E-04  2.7930896E-04  1.072458944466141E-03  2.7945383E-04 -6.307064574859161E-04  2.7954077E-04 -5.654118723427259E-04  2.7952552E-04  7.587644792507312E-04  2.7948368E-04 -3.090351872032659E-04  2.7953885E-04 -1.447723631104822E-05  2.7947399E-04  3.016514684321953E-04  2.7955217E-04  6.100738099050824E-05  2.7946130E-04  1.200629148790334E-05          0
 615.0  7.150151620642919E-04  2.7963527E-04  9.861746656339538E-04  2.7930647E-04  1.097860777782852E-03  2.7945850E-04 -8.339805319788073E-04  2.7953572E-04 -3.614214391057987E-04  2.7950633E-04  7.797876818928202E-04  2.7950371E-04 -2.704789671061677E-04  2.7953187E-04 -1.155250690824596E-05  2.7948101E-04  1.958952560816105E-04  2.7959790E-04  2.125923390653243E-05  2.7941535E-04  1.198456251272207E-05          0
 620.0  7.098617724705729E-04  2.7962837E-04  9.556867993039780E-04  2.7931347E-04  1.054923544221651E-03  2.7947290E-04 -8.851712993054253E-04  2.7952149E-04 -1.339087281884839E-04  2.7943736E-04  7.449428531363497E-04  2.7957287E-04 -1.633601891751020E-04  2.7947050E-04 -7.783954893955845E-05  2.7954168E-04 -2.948154393040524E-05  2.7959041E-04  1.052221898176095E-04  2.7942296E-04  1.196300326796296E-05          0
 625.0  7.090502499980627E-04  2.7962776E-04  9.355097421742276E-04  2.7931366E-04  1.056556736722298E-03  2.7948698E-04 -7.895824950355320E-04  2.7950766E-04  2.032926104598138E-04  2.7939812E-04  7.965077456571556E-04  2.7961173E-04 -5.956698169543311E-05  2.7945245E-04 -6.181618061778691E-05  2.7955882E-04  6.610068633832524E-05  2.7959401E-04  4.348606586365577E-04  2.7942013E-04  1.194190995384166E-05          0
 630.0  6.705584998538337E-04  2.7962598E-04  8.952581782031305E-04  2.7931484E-04  1.051228974045564E-03  2.7950898E-04 -6.897979818520779E-04  2.7948636E-04  4.443344236061052E-04  2.7936727E-04  8.958952859143849E-04  2.7964201E-04  9.696151197499863E-05  2.7951159E-04 -2.121789178913988E-04  2.7949947E-04  4.608408396799613E-04  2.7960490E-04  8.292223818335961E-04  2.7941007E-04  1.192096922158170E-05          0
 635.0  6.158998716611130E-04  2.7962075E-04  8.892257888856472E-04  2.7931936E-04  1.021118732523656E-03  2.7952235E-04 -5.481962801164369E-04  2.7947382E-04  5.429016933972672E-04  2.7938099E-04  9.236271101319346E-04  2.7962787E-04  1.887616383265569E-04  2.7957174E-04 -5.125450139707231E-04  2.7943909E-04  6.770981726183503E-04  2.7951790E-04  6.902600751663039E-04  2.7949735E-04  1.190034175824160E-05          0
