   1.0.0 # v: lpa-xrd version
5.00e+13 # d: dislocation density [m^-2]
 1  1  0 # z: direction of 'l' (line vector) [uvw]
 1  1  0 # b: Burgers vector direction [uvw]
 2  0  0 # g: diffraction vector direction (hkl)
0.250000 # C: contrast coefficient [1]
0.404940 # a: cell parameter [nm]
    6400 # s: side of the region of interest [nm] PBC1
0.345000 # nu: Poisson's number [1]
    2048 # nd: number of dislocations in the input file
  200000 # np: number of random points
#    L                   cos1       err_cos1                   sin1       err_sin1                   cos2       err_cos2                   sin2       err_sin2                   cos3       err_cos3                   sin3       err_sin3                   cos4       err_cos4                   sin4       err_sin4                   cos5       err_cos5                   sin5       err_sin5                   eps2       nrpo
   5.0  9.923318260418575E-01  1.7122400E-05 -4.620804571436501E-03  4.4595999E-05  9.732038729889346E-01  3.3330540E-05 -8.991549739065985E-03  8.2128957E-05  9.446695463601743E-01  5.1715400E-05 -1.294570313063161E-02  1.1522323E-04  9.085454370239048E-01  7.1176252E-05 -1.630276149185947E-02  1.4416639E-04  8.663141632597174E-01  9.1334627E-05 -1.894418219666192E-02  1.6914638E-04  2.734897974614957E-05          0
  10.0  9.724934891841122E-01  3.5629380E-05 -9.001360874433033E-03  8.2481056E-05  9.078074439091067E-01  7.2398648E-05 -1.624383361988484E-02  1.4429581E-04  8.187401518810853E-01  1.1219505E-04 -2.085350663100368E-02  1.9050571E-04  7.163669032326100E-01  1.5051869E-04 -2.258362027266159E-02  2.2311149E-04  6.097035889165103E-01  1.8446402E-04 -2.174435170955083E-02  2.4492447E-04  2.503491322894812E-05          0
  15.0  9.428736919502969E-01  5.5475017E-05 -1.292542685583893E-02  1.1578484E-04  8.177579541593281E-01  1.1313405E-04 -2.083410381542871E-02  1.9063572E-04  6.623108487740638E-01  1.6858512E-04 -2.241649527081701E-02  2.3524709E-04  5.054699162498032E-01  2.1257869E-04 -1.894197274785767E-02  2.5888764E-04  3.660507402036499E-01  2.4277708E-04 -1.307139026518200E-02  2.7017004E-04  2.370138579480485E-05          0
  20.0  9.053703605177839E-01  7.6043576E-05 -1.624044993751808E-02  1.4484140E-04  7.144263458988933E-01  1.5177114E-04 -2.250387645625378E-02  2.2328757E-04  5.047890073307224E-01  2.1282396E-04 -1.888752568061131E-02  2.5891781E-04  3.248179786212594E-01  2.5019805E-04 -1.107983005889935E-02  2.7224240E-04  1.926601837351186E-01  2.6881006E-04 -4.742261332535400E-03  2.7637560E-04  2.275652074804725E-05          0
  25.0  8.616877340430181E-01  9.6766101E-05 -1.889698353054306E-02  1.6989314E-04  6.071129188560567E-01  1.8564817E-04 -2.157417180076652E-02  2.4511834E-04  3.649689132395592E-01  2.4305640E-04 -1.309727901701427E-02  2.7017474E-04  1.922959699544035E-01  2.6884834E-04 -4.829074085350032E-03  2.7638501E-04  9.039467728074409E-02  2.7688958E-04 -1.821698203930614E-03  2.7836981E-04  2.201356215457237E-05          0
  30.0  8.133860881095341E-01  1.1715953E-04 -2.080743334177133E-02  1.9120559E-04  5.029449638374468E-01  2.1344318E-04 -1.881407785177422E-02  2.5902980E-04  2.515944295366494E-01  2.6153624E-04 -7.560283982082569E-03  2.7490279E-04  1.057179035745403E-01  2.7611774E-04 -2.006490911200821E-03  2.7804382E-04  3.864005025833953E-02  2.7839672E-04 -1.981600326456549E-03  2.7951053E-04  2.140117421981882E-05          0
  35.0  7.617768608591179E-01  1.3690036E-04 -2.199870254776792E-02  2.0910061E-04  4.068455118245982E-01  2.3497062E-04 -1.503695158513097E-02  2.6747949E-04  1.660139736523471E-01  2.7153871E-04 -3.832216064262541E-03  2.7689320E-04  5.448595325494924E-02  2.7809041E-04 -1.733072427770114E-03  2.7918577E-04  1.664362941711574E-02  2.7885591E-04 -2.876298123266797E-03  2.7969605E-04  2.089596959059078E-05          0
  40.0  7.081870927960749E-01  1.5564155E-04 -2.246283633302072E-02  2.2388533E-04  3.219997471755411E-01  2.5077097E-04 -1.108733038753946E-02  2.7232201E-04  1.052913546154634E-01  2.7614405E-04 -2.128317133070325E-03  2.7805316E-04  2.714787041606831E-02  2.7860664E-04 -2.211325428100399E-03  2.7967002E-04  8.476485081181919E-03  2.7915338E-04 -3.325142183614279E-03  2.7960124E-04  2.046097916867985E-05          0
  45.0  6.537806132364073E-01  1.7308188E-04 -2.227201596773498E-02  2.3594409E-04  2.496683204787859E-01  2.6182154E-04 -7.548707479433604E-03  2.7496521E-04  6.435164398290483E-02  2.7786056E-04 -1.747912111704033E-03  2.7894454E-04  1.408402635107537E-02  2.7895014E-04 -2.762043279881979E-03  2.7966388E-04  4.914963649781847E-03  2.7930597E-04 -3.640830315185621E-03  2.7954651E-04  2.007109324164803E-05          0
  50.0  5.995045981259717E-01  1.8906343E-04 -2.148748645182070E-02  2.4565800E-04  1.898554895495077E-01  2.6915065E-04 -4.826023586046766E-03  2.7641381E-04  3.821448870139075E-02  2.7842549E-04 -2.032005796977041E-03  2.7950337E-04  8.357308479553249E-03  2.7916120E-04 -3.079508326472657E-03  2.7959819E-04  1.986986695540095E-03  2.7935643E-04 -3.337226050464267E-03  2.7954669E-04  1.972235445795418E-05          0
  55.0  5.461714752961743E-01  2.0348253E-04 -2.022475087630334E-02  2.5339295E-04  1.416946696382319E-01  2.7369683E-04 -3.009109024593790E-03  2.7732015E-04  2.250332666190852E-02  2.7871836E-04 -2.379544053496712E-03  2.7968882E-04  5.517923576651456E-03  2.7928603E-04 -3.402958677925548E-03  2.7955458E-04 -8.875652437469655E-04  2.7945793E-04 -2.641032670895808E-03  2.7947429E-04  1.940727547752250E-05          0
  60.0  4.944881417023980E-01  2.1628234E-04 -1.856748443572250E-02  2.5948780E-04  1.038392026283968E-01  2.7628732E-04 -2.027704978072490E-03  2.7802060E-04  1.375548527021478E-02  2.7895222E-04 -2.782367985190178E-03  2.7967034E-04  3.307925622752816E-03  2.7933435E-04 -3.524953141245757E-03  2.7955614E-04 -2.802166836544030E-03  2.7947580E-04 -1.751926821305032E-03  2.7947722E-04  1.912150430185549E-05          0
  65.0  4.450130875825909E-01  2.2748753E-04 -1.665086566309840E-02  2.6422470E-04  7.480657438647725E-02  2.7762098E-04 -1.638391460753490E-03  2.7861684E-04  9.110835051509589E-03  2.7914617E-04 -2.982743671876606E-03  2.7959089E-04  1.099932122437300E-03  2.7937724E-04 -3.334083308601265E-03  2.7954209E-04 -3.315362814929242E-03  2.7947606E-04 -1.079660023059361E-03  2.7949417E-04  1.886297178981860E-05          0
  70.0  3.981973935821449E-01  2.3715453E-04 -1.461959141336680E-02  2.6786149E-04  5.304682548613680E-02  2.7821632E-04 -1.646133667657107E-03  2.7912605E-04  6.647422093451092E-03  2.7929341E-04 -3.076680138025437E-03  2.7951572E-04 -1.114733908269002E-03  2.7945799E-04 -2.684326716863017E-03  2.7948050E-04 -2.919774444027984E-03  2.7942170E-04 -1.458388462358577E-03  2.7955925E-04  1.862383818625455E-05          0
  75.0  3.542989055784337E-01  2.4541986E-04 -1.253281857815085E-02  2.7059618E-04  3.725898375580123E-02  2.7847235E-04 -1.766253825975512E-03  2.7948960E-04  4.977239936421244E-03  2.7936162E-04 -3.245694053011294E-03  2.7949711E-04 -2.744850223761890E-03  2.7952057E-04 -1.852134458674291E-03  2.7943429E-04 -2.251974827899786E-03  2.7945783E-04 -2.441992987294241E-03  2.7952687E-04  1.840007714932842E-05          0
  80.0  3.135528695967468E-01  2.5238732E-04 -1.051128108279737E-02  2.7262602E-04  2.611193244279944E-02  2.7863086E-04 -1.980614865542972E-03  2.7968045E-04  3.381271700671959E-03  2.7937070E-04 -3.437461158651782E-03  2.7952075E-04 -3.440030670664606E-03  2.7952092E-04 -1.244620192301830E-03  2.7944781E-04 -1.309816555528852E-03  2.7947799E-04 -3.016284067197910E-03  2.7950541E-04  1.818939068985757E-05          0
  85.0  2.760122261935615E-01  2.5821026E-04 -8.662173751887128E-03  2.7410352E-04  1.854981692909256E-02  2.7879612E-04 -2.203290722436450E-03  2.7971500E-04  1.672952089262764E-03  2.7936028E-04 -3.413193939250619E-03  2.7955413E-04 -3.213074612628084E-03  2.7943974E-04 -1.104619806415482E-03  2.7953941E-04 -6.597607087545634E-04  2.7950601E-04 -2.999274051843886E-03  2.7947685E-04  1.799264161171450E-05          0
  90.0  2.417222804975862E-01  2.6299494E-04 -7.013300417520177E-03  2.7518443E-04  1.350617787115736E-02  2.7896953E-04 -2.457055994180418E-03  2.7966370E-04 -1.610815973520234E-04  2.7939425E-04 -3.186570072056043E-03  2.7953612E-04 -2.491863878448306E-03  2.7941527E-04 -1.708103410109500E-03  2.7956955E-04 -4.590201176750747E-04  2.7957518E-04 -2.406501256266284E-03  2.7941338E-04  1.780745765652509E-05          0
  95.0  2.106125191656097E-01  2.6687743E-04 -5.609397348990391E-03  2.7597498E-04  1.022145345619823E-02  2.7909469E-04 -2.720089626355387E-03  2.7961918E-04 -1.857294239180467E-03  2.7943038E-04 -2.600747466079667E-03  2.7951258E-04 -1.903304649459564E-03  2.7951255E-04 -2.395353271414480E-03  2.7947321E-04 -6.034989628276637E-04  2.7954217E-04 -1.551069467745183E-03  2.7945195E-04  1.763200051424573E-05          0
 100.0  1.825684355666649E-01  2.6998128E-04 -4.414330273604577E-03  2.7656483E-04  8.101158448168359E-03  2.7919797E-04 -2.989184051816144E-03  2.7957351E-04 -2.968987013129185E-03  2.7948215E-04 -1.923150386488115E-03  2.7947212E-04 -1.365466214038495E-03  2.7947951E-04 -2.685571006603442E-03  2.7950453E-04 -7.471069102832705E-04  2.7948518E-04 -9.590250181459434E-04  2.7951211E-04  1.746693751086555E-05          0
 105.0  1.574612930225424E-01  2.7241696E-04 -3.452882183506679E-03  2.7702442E-04  6.668358616234141E-03  2.7930040E-04 -3.190097237367973E-03  2.7951464E-04 -3.541727290862084E-03  2.7948836E-04 -1.340143369247707E-03  2.7947544E-04 -7.792114144512936E-04  2.7952172E-04 -2.620700507311631E-03  2.7946110E-04 -3.965630990828576E-04  2.7941194E-04 -5.622511381958449E-04  2.7958579E-04  1.730947132569922E-05          0
 110.0  1.351541133989151E-01  2.7428336E-04 -2.714115168406195E-03  2.7740878E-04  5.552538743929532E-03  2.7938079E-04 -3.359496954273749E-03  2.7946746E-04 -3.589291471884024E-03  2.7941929E-04 -1.067039460273372E-03  2.7955314E-04 -3.141369540675927E-04  2.7955675E-04 -2.389417144136623E-03  2.7942955E-04 -4.801873938533886E-05  2.7947296E-04 -2.101068901097260E-04  2.7952672E-04  1.716125100544619E-05          0
 115.0  1.154607986899587E-01  2.7567513E-04 -2.164830958693085E-03  2.7775131E-04  4.518137758243287E-03  2.7940381E-04 -3.439623072549339E-03  2.7946945E-04 -3.352536611492704E-03  2.7937913E-04 -1.157967431133903E-03  2.7960079E-04 -2.278160354041196E-04  2.7954980E-04 -2.046972877077271E-03  2.7944088E-04 -7.315901028362323E-05  2.7954842E-04  2.986743430099246E-05  2.7945299E-04  1.701783850774071E-05          0
 120.0  9.818356979238925E-02  2.7667786E-04 -1.780082457516343E-03  2.7807524E-04  3.419258349805838E-03  2.7938690E-04 -3.424235264614891E-03  2.7950482E-04 -2.980782399721835E-03  2.7939933E-04 -1.425148679560973E-03  2.7958583E-04 -4.093633986184897E-04  2.7954754E-04 -1.565183654615183E-03  2.7944725E-04 -1.804724107594596E-04  2.7955836E-04  3.326013055663194E-04  2.7944400E-04  1.688225792542030E-05          0
 125.0  8.314487619811843E-02  2.7738312E-04 -1.565476349334477E-03  2.7837704E-04  2.298142023894064E-03  2.7939274E-04 -3.370697098655144E-03  2.7951209E-04 -2.460600252065968E-03  2.7942638E-04 -1.806227774129978E-03  2.7956049E-04 -4.098369398256330E-04  2.7950253E-04 -1.047481735175870E-03  2.7949519E-04 -4.087022883381214E-04  2.7947830E-04  4.320818088122383E-04  2.7952544E-04  1.675272564106030E-05          0
 130.0  7.012298111891237E-02  2.7786192E-04 -1.491996972793706E-03  2.7865851E-04  1.155622041503116E-03  2.7941031E-04 -3.135493414945653E-03  2.7950461E-04 -1.945388530667598E-03  2.7944405E-04 -2.137187743208371E-03  2.7954136E-04 -3.173955182274230E-04  2.7939987E-04 -5.032174292436346E-04  2.7959882E-04 -6.224992700541122E-04  2.7940641E-04  1.748582771612149E-04  2.7959768E-04  1.662639173924122E-05          0
 135.0  5.889847086967023E-02  2.7817726E-04 -1.551280106639750E-03  2.7891636E-04  4.135430462117210E-05  2.7942088E-04 -2.791223082257250E-03  2.7950344E-04 -1.318049936053769E-03  2.7949830E-04 -2.434604382793543E-03  2.7948429E-04 -2.743734494624462E-04  2.7941330E-04 -2.049363803962621E-04  2.7958650E-04 -1.038955966089888E-03  2.7946123E-04 -3.215342453929857E-04  2.7954098E-04  1.650482058008279E-05          0
 140.0  4.927361119495480E-02  2.7837799E-04 -1.656907016853793E-03  2.7914523E-04 -9.908850717047753E-04  2.7941297E-04 -2.342224879895466E-03  2.7951972E-04 -8.297513913715591E-04  2.7956436E-04 -2.543661473760006E-03  2.7941664E-04 -3.627219201639354E-04  2.7950052E-04 -7.287021030042481E-05  2.7950031E-04 -1.258932377201948E-03  2.7950347E-04 -4.611503769160891E-04  2.7949801E-04  1.638748126004130E-05          0
 145.0  4.109890171697720E-02  2.7849487E-04 -1.829091366584012E-03  2.7934935E-04 -1.949422752166208E-03  2.7939889E-04 -1.838532569309415E-03  2.7954185E-04 -4.864541695635895E-04  2.7959636E-04 -2.357069193863329E-03  2.7938509E-04 -4.952100016063104E-04  2.7958106E-04 -3.112464600988160E-05  2.7942019E-04 -1.133497881172029E-03  2.7950978E-04 -4.545965930388160E-04  2.7949423E-04  1.627464047575145E-05          0
 150.0  3.422145808242454E-02  2.7856146E-04 -2.004011824898008E-03  2.7952204E-04 -2.762418186405634E-03  2.7939812E-04 -1.391937591394770E-03  2.7955066E-04 -2.632973957042269E-04  2.7956316E-04 -2.125414043997406E-03  2.7942000E-04 -5.322289890214575E-04  2.7955656E-04 -6.855670175520250E-06  2.7944491E-04 -6.939392025610563E-04  2.7949635E-04 -4.737088960621256E-04  2.7950966E-04  1.616546840253192E-05          0
 155.0  2.850046369589713E-02  2.7861769E-04 -2.138323644142980E-03  2.7964482E-04 -3.289231330233134E-03  2.7941535E-04 -9.912243601467572E-04  2.7954120E-04 -2.349797579545720E-04  2.7957698E-04 -1.912622797866631E-03  2.7940943E-04 -4.391553375656137E-04  2.7943685E-04 -9.984139079731033E-05  2.7956529E-04 -3.093744816827212E-04  2.7948383E-04 -4.073924727900628E-04  2.7952357E-04  1.606110170805154E-05          0
 160.0  2.375445349621593E-02  2.7868321E-04 -2.277119704042192E-03  2.7971334E-04 -3.487368717392416E-03  2.7939978E-04 -6.582102494436620E-04  2.7956392E-04 -2.245056587923918E-04  2.7960489E-04 -1.660594550898649E-03  2.7938487E-04 -5.808489543610595E-04  2.7936206E-04 -2.960514054390740E-04  2.7964101E-04 -1.098012246135732E-04  2.7949005E-04 -2.696198439623640E-04  2.7951779E-04  1.595841878566280E-05          0
 165.0  1.984954241700046E-02  2.7875894E-04 -2.450192989686067E-03  2.7973983E-04 -3.429764104509403E-03  2.7936243E-04 -4.575647100015003E-04  2.7960770E-04 -1.345096721907217E-04  2.7957124E-04 -1.332632922438118E-03  2.7942119E-04 -8.775261017951935E-04  2.7941593E-04 -6.052039116745196E-04  2.7958700E-04  6.779394231860394E-05  2.7950789E-04 -1.875038291468023E-04  2.7949786E-04  1.585923033003141E-05          0
 170.0  1.669995013867941E-02  2.7884470E-04 -2.586450524626373E-03  2.7973188E-04 -3.160835686758156E-03  2.7934293E-04 -4.508030382065534E-04  2.7963338E-04  4.443198424196103E-05  2.7948652E-04 -1.043767802193439E-03  2.7950780E-04 -1.041123099375106E-03  2.7951030E-04 -8.802282891915639E-04  2.7949224E-04  3.558754624756992E-04  2.7949255E-04 -4.579956023533338E-04  2.7951070E-04  1.576326760171841E-05          0
 175.0  1.413675456611165E-02  2.7893173E-04 -2.680196602286071E-03  2.7970502E-04 -2.788674981209445E-03  2.7935639E-04 -5.094013230363802E-04  2.7962456E-04  2.787452857082090E-04  2.7940586E-04 -6.980746080653176E-04  2.7958965E-04 -9.639630952113204E-04  2.7955453E-04 -9.008551125395386E-04  2.7944812E-04  5.454315871070675E-04  2.7952771E-04 -4.013283405297716E-04  2.7947586E-04  1.566957045428066E-05          0
 180.0  1.210137196406018E-02  2.7901703E-04 -2.761958217539440E-03  2.7966714E-04 -2.364193234245960E-03  2.7936833E-04 -6.870118742453386E-04  2.7961587E-04  2.864374759674429E-04  2.7939566E-04 -5.318737733306014E-04  2.7960078E-04 -8.924131606994890E-04  2.7950058E-04 -7.132490441825020E-04  2.7950178E-04  8.047852567789714E-04  2.7956538E-04 -3.297438598540785E-04  2.7944029E-04  1.557963014073454E-05          0
 185.0  1.049255507839959E-02  2.7909049E-04 -2.797658608535556E-03  2.7963211E-04 -1.978171873419549E-03  2.7941968E-04 -8.721996027223850E-04  2.7956600E-04  9.328069782547327E-05  2.7941962E-04 -4.003229624524845E-04  2.7957738E-04 -5.307981565821792E-04  2.7946656E-04 -3.628339776530387E-04  2.7953638E-04  1.096283755461387E-03  2.7955468E-04  5.863465127891477E-05  2.7945471E-04  1.549197292008915E-05          0
 190.0  9.231745014817813E-03  2.7915610E-04 -2.871007225915747E-03  2.7959747E-04 -1.614863873877347E-03  2.7947723E-04 -1.223118258984706E-03  2.7950803E-04 -2.481643055307106E-04  2.7948764E-04 -1.213138104034556E-04  2.7951008E-04 -1.193555694846853E-04  2.7943797E-04 -6.950161864880165E-05  2.7956735E-04  9.858076699748555E-04  2.7959209E-04  9.503616183387755E-05  2.7941998E-04  1.540687170959414E-05          0
 195.0  8.207433543013176E-03  2.7921491E-04 -2.938856998195814E-03  2.7956396E-04 -1.277591838195076E-03  2.7951144E-04 -1.645363838146002E-03  2.7947161E-04 -6.341327727322708E-04  2.7950007E-04  1.350788569086559E-04  2.7949886E-04  1.299064972911657E-04  2.7944979E-04  1.513772968559316E-04  2.7955674E-04  6.051820046744484E-04  2.7955639E-04 -2.201516365677653E-04  2.7945619E-04  1.532370846409361E-05          0
 200.0  7.383039852200553E-03  2.7927721E-04 -2.974663393115369E-03  2.7952327E-04 -9.000387238250829E-04  2.7949735E-04 -2.100395305374349E-03  2.7948279E-04 -8.748301967399873E-04  2.7949309E-04  3.126181284996078E-04  2.7950619E-04  3.554870603322724E-05  2.7951234E-04  4.629240695323931E-04  2.7949433E-04 -3.145542676444939E-04  2.7943884E-04 -5.906973781540107E-04  2.7957276E-04  1.524349380599388E-05          0
 205.0  6.679670250543829E-03  2.7932174E-04 -3.032084035834875E-03  2.7949660E-04 -6.363970011659575E-04  2.7947037E-04 -2.420818581969288E-03  2.7950717E-04 -9.240781503968237E-04  2.7946151E-04  3.304702539855379E-04  2.7953831E-04 -1.524439031188890E-04  2.7955283E-04  4.734300052186174E-04  2.7945243E-04 -1.148098486072011E-03  2.7948070E-04 -5.178626887707144E-04  2.7952990E-04  1.516535762547868E-05          0
 210.0  6.094083008468584E-03  2.7936287E-04 -3.056333672116893E-03  2.7947046E-04 -3.847468444976650E-04  2.7946431E-04 -2.658399205614974E-03  2.7951115E-04 -9.015591810533107E-04  2.7936965E-04  2.370723492703420E-04  2.7963095E-04 -1.927294450582915E-04  2.7955756E-04  3.187475292418778E-04  2.7944591E-04 -1.284483802879783E-03  2.7954203E-04 -2.781756860154648E-04  2.7946782E-04  1.508855678868303E-05          0
 215.0  5.526784471660600E-03  2.7938964E-04 -3.076065577793935E-03  2.7945701E-04 -2.306737852273462E-04  2.7947664E-04 -2.817119668850813E-03  2.7949824E-04 -8.841557783781757E-04  2.7930464E-04  7.242263935910971E-05  2.7969639E-04 -1.061247128014776E-04  2.7957638E-04  1.584547190134798E-05  2.7942600E-04 -1.046399714980079E-03  2.7955220E-04 -6.390181772207087E-05  2.7945757E-04  1.501421055300186E-05          0
 220.0  4.997643561720096E-03  2.7939520E-04 -3.108016439157054E-03  2.7946308E-04 -2.218545858239203E-04  2.7949822E-04 -2.932589747781009E-03  2.7947739E-04 -9.087154968301368E-04  2.7938462E-04 -1.307159934618449E-04  2.7961709E-04  4.260056903792476E-05  2.7960707E-04 -4.916358963979965E-05  2.7939588E-04 -6.487995729785359E-04  2.7948377E-04 -1.597441382582086E-04  2.7952618E-04  1.494078709877513E-05          0
 225.0  4.499160589963688E-03  2.7939253E-04 -3.126285412849396E-03  2.7947548E-04 -2.647961813247271E-04  2.7952876E-04 -2.924445541824062E-03  2.7944812E-04 -1.014136634595954E-03  2.7951192E-04 -4.648887164079969E-04  2.7949030E-04  2.540253390847613E-04  2.7957474E-04  1.097476576852794E-04  2.7943098E-04 -3.824020229619359E-04  2.7946835E-04 -2.190835551417662E-04  2.7954164E-04  1.486936857531784E-05          0
 230.0  3.975963194426905E-03  2.7939497E-04 -3.128443158328608E-03  2.7948119E-04 -2.668486807394522E-04  2.7955804E-04 -2.848968356334890E-03  2.7942086E-04 -1.032422058898710E-03  2.7959022E-04 -5.362675790533827E-04  2.7941181E-04  4.560145398375082E-04  2.7955493E-04  3.795907916568736E-04  2.7945455E-04 -1.886858712433032E-04  2.7948194E-04 -2.562844484933220E-04  2.7952820E-04  1.479967702188607E-05          0
 235.0  3.452167395593495E-03  2.7940002E-04 -3.127971906417999E-03  2.7948336E-04 -2.481482633126087E-04  2.7959406E-04 -2.724241961603014E-03  2.7938721E-04 -9.659802229088090E-04  2.7958193E-04 -4.785274368184503E-04  2.7942007E-04  7.065068645617843E-04  2.7955636E-04  4.484842491323064E-04  2.7945620E-04 -2.572573586343956E-04  2.7939734E-04 -2.156963660522762E-04  2.7961381E-04  1.473212520223207E-05          0
 240.0  2.881734205907960E-03  2.7941439E-04 -3.080182339077433E-03  2.7947581E-04 -1.639119085832805E-04  2.7961684E-04 -2.587784606694564E-03  2.7936703E-04 -7.187886154108925E-04  2.7953869E-04 -1.643781947018729E-04  2.7946410E-04  8.617169601120764E-04  2.7954836E-04  3.273964822650681E-04  2.7946554E-04 -5.702041674808503E-04  2.7939897E-04  3.581216941906268E-05  2.7961361E-04  1.466538954547394E-05          0
 245.0  2.273567739410442E-03  2.7941891E-04 -3.034918700852598E-03  2.7947764E-04 -1.532415738321275E-04  2.7959099E-04 -2.434122054669211E-03  2.7939554E-04 -3.630264944269465E-04  2.7950654E-04  1.688646934054362E-04  2.7949766E-04  6.683373212010389E-04  2.7953643E-04 -1.831819554199122E-05  2.7947753E-04 -9.375986125394057E-04  2.7945911E-04  4.301914212435133E-04  2.7955435E-04  1.460001324711451E-05          0
 250.0  1.724007444620877E-03  2.7942870E-04 -2.938887608511096E-03  2.7947363E-04 -1.053991972414549E-04  2.7952055E-04 -2.411452464360624E-03  2.7946813E-04  3.515331514418084E-05  2.7947495E-04  4.127671645068502E-04  2.7953041E-04  1.595921282184116E-04  2.7951244E-04 -2.263249479191602E-04  2.7950013E-04 -1.256052331357228E-03  2.7953681E-04  8.657012104209370E-04  2.7947651E-04  1.453611291186857E-05          0
 255.0  1.171231654311028E-03  2.7942861E-04 -2.863518802232694E-03  2.7947897E-04 -1.264035188687818E-04  2.7948069E-04 -2.422177425298867E-03  2.7950993E-04  2.044833232220806E-04  2.7940669E-04  7.017211938284561E-04  2.7959963E-04 -1.294428314831005E-04  2.7945631E-04 -3.684788105816907E-04  2.7955500E-04 -1.183588280525586E-03  2.7951732E-04  8.694431990126494E-04  2.7949536E-04  1.447337822246754E-05          0
 260.0  6.315115868852643E-04  2.7941855E-04 -2.733214655028799E-03  2.7949412E-04 -2.188696174841051E-04  2.7944801E-04 -2.405359014016111E-03  2.7954384E-04  2.580507784105387E-04  2.7935690E-04  8.488060261651904E-04  2.7965010E-04 -3.650765036582672E-04  2.7944475E-04 -4.517735352915581E-04  2.7956592E-04 -8.595951100771092E-04  2.7949268E-04  7.364238661404936E-04  2.7951948E-04  1.441233949581534E-05          0
 265.0  1.037464028940973E-04  2.7939849E-04 -2.615238846203665E-03  2.7951846E-04 -3.805964966503992E-04  2.7943496E-04 -2.389119592615021E-03  2.7955763E-04  6.817364160435047E-05  2.7940944E-04  9.524636892681788E-04  2.7959812E-04 -4.599411157005392E-04  2.7940338E-04 -5.257883777777432E-04  2.7960714E-04 -2.625467348010832E-04  2.7951519E-04  7.708317541036255E-04  2.7949674E-04  1.435236504179404E-05          0
 270.0 -3.867159164355135E-04  2.7936989E-04 -2.442325144337764E-03  2.7955146E-04 -6.046763599506803E-04  2.7941162E-04 -2.365021769269803E-03  2.7958162E-04 -2.396802776077751E-04  2.7943896E-04  9.583220667521935E-04  2.7956820E-04 -6.274627456191940E-04  2.7940101E-04 -5.457270202280165E-04  2.7960912E-04 -1.146519359301990E-04  2.7955534E-04  7.616780516916014E-04  2.7945696E-04  1.429450569306993E-05          0
 275.0 -8.258407064468284E-04  2.7934010E-04 -2.235031834277107E-03  2.7958518E-04 -8.360368634425209E-04  2.7939307E-04 -2.310224364692950E-03  2.7960053E-04 -4.057389339688782E-04  2.7949115E-04  9.012984553631296E-04  2.7951535E-04 -7.604802075596793E-04  2.7944269E-04 -4.214714251198918E-04  2.7956716E-04 -3.584630209334261E-04  2.7950407E-04  7.925064134688454E-04  2.7950872E-04  1.423739802220231E-05          0
 280.0 -1.225041430138235E-03  2.7930986E-04 -1.962774373507836E-03  2.7961960E-04 -1.072523659983894E-03  2.7937568E-04 -2.141909101474316E-03  2.7961835E-04 -5.381546494636089E-04  2.7953162E-04  7.416592447549241E-04  2.7947378E-04 -8.859044441624545E-04  2.7947022E-04 -2.041963218745159E-04  2.7953909E-04 -6.183503156350736E-04  2.7952874E-04  1.028138925898450E-03  2.7948383E-04  1.418208564241798E-05          0
 285.0 -1.595149584704180E-03  2.7928046E-04 -1.715673610981130E-03  2.7965309E-04 -1.302867675894460E-03  2.7935899E-04 -1.874228661786157E-03  2.7963582E-04 -6.356428613725690E-04  2.7952584E-04  7.125793197820200E-04  2.7947834E-04 -1.008810505895511E-03  2.7944807E-04  1.007945275516807E-05  2.7956039E-04 -7.066358383505045E-04  2.7954938E-04  1.056740566619973E-03  2.7946270E-04  1.412802751644518E-05          0
 290.0 -1.919066883207843E-03  2.7925506E-04 -1.482921466626286E-03  2.7968234E-04 -1.504484801622447E-03  2.7936680E-04 -1.589961607849574E-03  2.7962883E-04 -8.375505655112080E-04  2.7950920E-04  4.963538863833866E-04  2.7949436E-04 -9.565528895815842E-04  2.7944632E-04  2.412787433642826E-04  2.7956166E-04 -6.692337119612659E-04  2.7951753E-04  5.369500257057264E-04  2.7949527E-04  1.407569480948272E-05          0
 295.0 -2.218554163071389E-03  2.7922852E-04 -1.211155992035821E-03  2.7971253E-04 -1.714518369861619E-03  2.7937334E-04 -1.309393432838471E-03  2.7962341E-04 -1.101704996112087E-03  2.7948813E-04  2.687824388772062E-04  2.7951573E-04 -9.137535403261267E-04  2.7945727E-04  4.474439076628235E-04  2.7955083E-04 -7.417283955645402E-04  2.7961910E-04 -2.355355940043497E-04  2.7939408E-04  1.402473929240810E-05          0
 300.0 -2.518820771014821E-03  2.7921260E-04 -9.577082925586215E-04  2.7973166E-04 -1.846661680891042E-03  2.7934292E-04 -9.810815880111421E-04  2.7965499E-04 -1.213418768791849E-03  2.7948657E-04  7.183525208553964E-05  2.7951791E-04 -1.134831749134235E-03  2.7952959E-04  6.533926364282975E-04  2.7947941E-04 -6.100064907767791E-04  2.7965885E-04 -9.301911844896790E-04  2.7935431E-04  1.397464485746114E-05          0
 305.0 -2.743552742408744E-03  2.7920002E-04 -7.150659057058293E-04  2.7974746E-04 -1.955401872351265E-03  2.7932206E-04 -7.474966750651089E-04  2.7967635E-04 -1.216910673543959E-03  2.7947542E-04 -7.635261867381050E-05  2.7953051E-04 -1.286933029031081E-03  2.7948855E-04  9.275124699500098E-04  2.7952180E-04 -6.349877665109493E-04  2.7959424E-04 -1.157741649150730E-03  2.7941891E-04  1.392609993196681E-05          0
 310.0 -2.928576935148675E-03  2.7919682E-04 -5.395240650784181E-04  2.7975358E-04 -1.995835937048226E-03  2.7931493E-04 -5.835039325558615E-04  2.7968365E-04 -1.021447379896257E-03  2.7946575E-04 -5.483788448153474E-06  2.7954159E-04 -1.339613196715733E-03  2.7943393E-04  1.283607014321817E-03  2.7957792E-04 -8.939097886840685E-04  2.7958653E-04 -1.062451936059248E-03  2.7942690E-04  1.387838623943169E-05          0
 315.0 -3.090563377046598E-03  2.7920406E-04 -4.276648550321676E-04  2.7974843E-04 -1.958207489258193E-03  2.7933368E-04 -5.022350384484176E-04  2.7966478E-04 -7.404561711963912E-04  2.7946034E-04  3.597833014006561E-05  2.7954846E-04 -1.205916525120952E-03  2.7943078E-04  1.552579425559489E-03  2.7958209E-04 -9.047133636287373E-04  2.7959315E-04 -6.990951592423557E-04  2.7942061E-04  1.383224015744562E-05          0
 320.0 -3.264945149888549E-03  2.7920936E-04 -3.331421141971147E-04  2.7974499E-04 -1.932858732522107E-03  2.7938174E-04 -5.850836390182769E-04  2.7961639E-04 -3.807331526683692E-04  2.7944803E-04 -1.030179328122435E-04  2.7956154E-04 -8.606761300685036E-04  2.7945175E-04  1.537254818484238E-03  2.7956099E-04 -6.954296160152229E-04  2.7957788E-04 -4.889731356832958E-04  2.7943549E-04  1.378617805084656E-05          0
 325.0 -3.374035333329748E-03  2.7921411E-04 -2.271951150416183E-04  2.7974189E-04 -1.909618659067620E-03  2.7942227E-04 -7.479602725099543E-04  2.7957570E-04 -8.675241965161829E-05  2.7943114E-04 -2.615974822154201E-04  2.7957872E-04 -5.686748606477746E-04  2.7954372E-04  1.239619396807046E-03  2.7946862E-04 -5.126826115760441E-04  2.7952607E-04 -3.507382941206585E-04  2.7948713E-04  1.374022603591285E-05          0
 330.0 -3.432506635165736E-03  2.7922785E-04 -1.751436805622575E-04  2.7972993E-04 -1.821785870851497E-03  2.7945903E-04 -9.197232193732025E-04  2.7953866E-04  8.845073787296590E-05  2.7945428E-04 -3.440409671153945E-04  2.7955544E-04 -3.042041351274683E-04  2.7954790E-04  7.621290191652195E-04  2.7946408E-04 -4.690390159678940E-04  2.7945131E-04 -3.970377201427059E-04  2.7956115E-04  1.369510580080893E-05          0
 335.0 -3.501871664012593E-03  2.7924725E-04 -1.413571051263949E-04  2.7971151E-04 -1.689114271332097E-03  2.7948217E-04 -1.100871340833668E-03  2.7951473E-04  2.294418061101215E-04  2.7949130E-04 -3.422499388935986E-04  2.7951753E-04 -1.347285265235278E-04  2.7953811E-04  3.238385646154509E-04  2.7947332E-04 -6.290715821832775E-04  2.7948532E-04 -3.790436140096077E-04  2.7952705E-04  1.365102471926690E-05          0
 340.0 -3.529375660310381E-03  2.7927124E-04 -2.001139377014634E-04  2.7968840E-04 -1.523143173583528E-03  2.7949769E-04 -1.245755657489712E-03  2.7949881E-04  3.736571373881727E-04  2.7955350E-04 -1.952151830971333E-04  2.7945402E-04 -1.876486709951553E-05  2.7954802E-04 -4.129060970543620E-05  2.7946320E-04 -8.371963877175973E-04  2.7951481E-04 -4.897197572096535E-04  2.7949828E-04  1.360776375839248E-05          0
 345.0 -3.570910407536195E-03  2.7930406E-04 -2.962344885679953E-04  2.7965644E-04 -1.291216247992803E-03  2.7951995E-04 -1.392045482749990E-03  2.7947615E-04  3.576659338012198E-04  2.7956244E-04 -8.347933286458444E-06  2.7944453E-04  1.468098369183635E-04  2.7955395E-04 -2.198623395883067E-04  2.7945717E-04 -8.677461933965259E-04  2.7953337E-04 -5.692508259262109E-04  2.7948076E-04  1.356552623887745E-05          0
 350.0 -3.588862092083793E-03  2.7934010E-04 -4.238354865828969E-04  2.7962119E-04 -1.034985808139538E-03  2.7952769E-04 -1.468394773180343E-03  2.7946772E-04  2.301495587370678E-04  2.7955977E-04  3.031409473938906E-04  2.7944768E-04  2.076523354984326E-04  2.7953636E-04 -1.076581806340964E-04  2.7947538E-04 -6.967020258863469E-04  2.7955278E-04 -5.232809698246912E-04  2.7946181E-04  1.352382930250240E-05          0
 355.0 -3.618734853255169E-03  2.7937739E-04 -5.858047981947830E-04  2.7958436E-04 -7.674335205697108E-04  2.7951430E-04 -1.384467594502823E-03  2.7948060E-04  1.152098135106775E-04  2.7954144E-04  5.560274420765546E-04  2.7946620E-04  1.159497195743600E-04  2.7949354E-04  1.720811764790217E-05  2.7951900E-04 -4.709461805429766E-04  2.7947889E-04 -6.726030377016685E-04  2.7953536E-04  1.348220978599350E-05          0
 360.0 -3.644372532406692E-03  2.7942185E-04 -7.541982149598403E-04  2.7954024E-04 -4.468060861697052E-04  2.7946659E-04 -1.294087221751905E-03  2.7952809E-04 -3.386422721628492E-05  2.7953280E-04  7.826735735608592E-04  2.7947504E-04 -2.236163579724562E-04  2.7948885E-04  4.092651484912307E-05  2.7952409E-04 -2.311517399701865E-04  2.7942235E-04 -7.508291644095364E-04  2.7959169E-04  1.344139134215269E-05          0
 365.0 -3.705794384307682E-03  2.7944716E-04 -9.695916321018385E-04  2.7951526E-04 -2.621209585741981E-04  2.7939342E-04 -1.166159034197320E-03  2.7960156E-04 -1.683601345678140E-04  2.7952621E-04  8.793144164906016E-04  2.7948204E-04 -7.475660905869456E-04  2.7953715E-04  1.817476377074022E-04  2.7947573E-04 -2.114413174753111E-04  2.7942683E-04 -6.939376990240291E-04  2.7958703E-04  1.340094478202802E-05          0
 370.0 -3.723982734439658E-03  2.7945902E-04 -1.216641581996380E-03  2.7950368E-04 -1.732939471361820E-04  2.7933792E-04 -9.232165433950031E-04  2.7965739E-04 -2.834693933750461E-04  2.7948802E-04  9.076070110003991E-04  2.7952085E-04 -1.144740517136333E-03  2.7956406E-04  3.006927906136022E-04  2.7944879E-04 -3.564269162873412E-04  2.7946445E-04 -4.836589328869805E-04  2.7954852E-04  1.336124412794354E-05          0
 375.0 -3.732775963157597E-03  2.7946145E-04 -1.479234293438373E-03  2.7950128E-04 -1.511056831788562E-04  2.7930395E-04 -6.960413769351238E-04  2.7969210E-04 -3.870688337171585E-04  2.7948566E-04  1.006965118876810E-03  2.7952388E-04 -1.388078433755421E-03  2.7953008E-04  4.154658816624781E-04  2.7948267E-04 -5.299951369719097E-04  2.7946402E-04 -1.746750240897183E-04  2.7954866E-04  1.332231138993683E-05          0
 380.0 -3.685125447324362E-03  2.7946186E-04 -1.760943993893208E-03  2.7950126E-04 -1.442105769732935E-04  2.7931157E-04 -4.067920615965520E-04  2.7968541E-04 -3.064580295911478E-04  2.7953400E-04  1.034119639200322E-03  2.7947587E-04 -1.337130968966609E-03  2.7952819E-04  4.511596929590127E-04  2.7948381E-04 -7.521871139714481E-04  2.7951306E-04 -1.293393842302103E-07  2.7950020E-04  1.328398883219241E-05          0
 385.0 -3.637805208677287E-03  2.7944197E-04 -2.041775859588777E-03  2.7952149E-04 -2.830452593539537E-04  2.7933878E-04 -1.506103678944489E-04  2.7965949E-04 -1.035127895881993E-04  2.7957789E-04  1.166032854930010E-03  2.7943175E-04 -1.148050171817889E-03  2.7950977E-04  2.950474394331778E-04  2.7950191E-04 -8.980359468384357E-04  2.7955362E-04 -7.218005490682436E-05  2.7946023E-04  1.324571632066583E-05          0
 390.0 -3.572687915854090E-03  2.7942513E-04 -2.295724854254623E-03  2.7953838E-04 -3.996072518509720E-04  2.7935910E-04  7.760351153742172E-06  2.7964072E-04  1.301769061362797E-04  2.7957557E-04  1.207989895417063E-03  2.7943369E-04 -1.011021473095233E-03  2.7948505E-04 -5.758135072915912E-05  2.7952639E-04 -8.738531312705264E-04  2.7957013E-04 -2.072858868628739E-04  2.7944439E-04  1.320784051756964E-05          0
 395.0 -3.454444290082865E-03  2.7939312E-04 -2.559285841806163E-03  2.7957067E-04 -6.272311884913823E-04  2.7940323E-04  7.790110515598473E-05  2.7959831E-04  3.410785294441405E-04  2.7958138E-04  1.266355630299533E-03  2.7942751E-04 -7.048653178719111E-04  2.7948867E-04 -3.292478702925761E-04  2.7952273E-04 -1.137876646983337E-03  2.7955106E-04 -1.557117915915010E-04  2.7946327E-04  1.317059809176610E-05          0
 400.0 -3.339382771650058E-03  2.7936315E-04 -2.815902269196046E-03  2.7960066E-04 -8.396661988580842E-04  2.7945307E-04  1.203899214803317E-04  2.7955000E-04  4.499096857276454E-04  2.7958183E-04  1.185239171002359E-03  2.7942648E-04 -3.577973861698414E-04  2.7947503E-04 -3.417250700495276E-04  2.7953602E-04 -1.260270518027703E-03  2.7951541E-04 -1.831100538239512E-04  2.7949838E-04  1.313372786185647E-05          0
 405.0 -3.157926997476925E-03  2.7931879E-04 -3.074148802987931E-03  2.7964509E-04 -1.156445665366434E-03  2.7949111E-04  7.454408477249662E-05  2.7951293E-04  5.498528318322121E-04  2.7954926E-04  1.222940767397989E-03  2.7945841E-04 -9.081604903057888E-05  2.7949884E-04 -1.421025115367183E-04  2.7951255E-04 -7.868429272752397E-04  2.7950697E-04 -1.917031741551282E-04  2.7950691E-04  1.309719643443006E-05          0
 410.0 -2.949003556310195E-03  2.7928244E-04 -3.378842593186528E-03  2.7968136E-04 -1.416884468044494E-03  2.7949977E-04  8.796660227689705E-05  2.7950471E-04  5.319767454400561E-04  2.7949752E-04  1.049751506691160E-03  2.7950950E-04 -2.962604857477940E-05  2.7951121E-04  5.132419530466336E-05  2.7950068E-04 -4.313269582866954E-04  2.7953900E-04 -2.334446863465807E-04  2.7947470E-04  1.306134507995228E-05          0
 415.0 -2.736058667781535E-03  2.7924110E-04 -3.653470641675017E-03  2.7972258E-04 -1.712856909953956E-03  2.7946679E-04  1.827551463540860E-04  2.7953726E-04  5.319478627903676E-04  2.7947270E-04  1.058992107664610E-03  2.7953403E-04 -2.605600369203025E-04  2.7949361E-04  1.896868205118793E-04  2.7951807E-04 -3.453483194471641E-04  2.7958900E-04 -2.575021340656205E-04  2.7942499E-04  1.302569845639054E-05          0
 420.0 -2.538479519926173E-03  2.7920930E-04 -3.871129549212383E-03  2.7975382E-04 -1.940997809187608E-03  2.7943221E-04  2.116397848518274E-04  2.7957036E-04  6.051397545333653E-04  2.7942503E-04  1.059274578391392E-03  2.7958177E-04 -4.970610366839753E-04  2.7950429E-04  3.428673799552556E-04  2.7950705E-04 -1.701511170211404E-04  2.7955896E-04 -4.959559187397822E-04  2.7945571E-04  1.299045895120629E-05          0
 425.0 -2.298219517781730E-03  2.7918417E-04 -4.049368144114926E-03  2.7977843E-04 -2.121718051904216E-03  2.7941687E-04  2.812838749982622E-04  2.7958376E-04  6.987414628616488E-04  2.7943333E-04  1.034179965026649E-03  2.7957372E-04 -5.937799253275433E-04  2.7953104E-04  5.591477210397574E-04  2.7947993E-04 -1.060485666284196E-04  2.7950144E-04 -9.246717641892807E-04  2.7951272E-04  1.295511112867808E-05          0
 430.0 -2.067906598346437E-03  2.7917120E-04 -4.142997030848375E-03  2.7979080E-04 -2.213861538190763E-03  2.7940298E-04  3.743773890708538E-04  2.7959551E-04  7.904309545977233E-04  2.7944913E-04  9.246638591227821E-04  2.7955810E-04 -6.787152170750713E-04  2.7954068E-04  5.581575369250809E-04  2.7947006E-04 -1.233377454368019E-04  2.7948288E-04 -1.072802440637688E-03  2.7953073E-04  1.292028398371267E-05          0
 435.0 -1.812798586886969E-03  2.7916037E-04 -4.169765581886753E-03  2.7980119E-04 -2.291056227191143E-03  2.7939654E-04  4.537830501205838E-04  2.7959999E-04  7.966007145152014E-04  2.7945742E-04  6.128709509945334E-04  2.7954994E-04 -7.109742047176338E-04  2.7949690E-04  3.660995788930142E-04  2.7951396E-04 -2.809884042814970E-04  2.7951584E-04 -9.412815587174001E-04  2.7949758E-04  1.288551179588709E-05          0
 440.0 -1.527309451221192E-03  2.7916702E-04 -4.153762971389031E-03  2.7979419E-04 -2.243118065742454E-03  2.7942192E-04  5.057460155322887E-04  2.7957351E-04  9.713540663951931E-04  2.7947050E-04  2.371601534819489E-04  2.7953688E-04 -5.214449085150653E-04  2.7943368E-04 -4.997498722530291E-05  2.7957737E-04 -5.128974028428409E-04  2.7960918E-04 -9.915154192545476E-04  2.7940446E-04  1.285127681471851E-05          0
 445.0 -1.259861875691972E-03  2.7918667E-04 -4.074857420668668E-03  2.7977396E-04 -2.101580110322873E-03  2.7945313E-04  6.053454649415224E-04  2.7954168E-04  1.104012850415262E-03  2.7954090E-04 -1.561941049828031E-04  2.7946644E-04 -2.935794598529271E-04  2.7939101E-04 -3.359241252741483E-04  2.7962017E-04 -3.873592617377258E-04  2.7956343E-04 -1.295578864966989E-03  2.7945002E-04  1.281731676451906E-05          0
 450.0 -1.008820114121903E-03  2.7920624E-04 -3.976156928221146E-03  2.7975347E-04 -1.958679286467094E-03  2.7946698E-04  7.273963915037074E-04  2.7952770E-04  1.210957340664871E-03  2.7956578E-04 -4.098773708360398E-04  2.7944137E-04 -1.940732841615462E-04  2.7941372E-04 -3.362947192497568E-04  2.7959758E-04 -3.003718917319026E-04  2.7951109E-04 -1.202655964066224E-03  2.7950232E-04  1.278390808206944E-05          0
 455.0 -7.583534574415033E-04  2.7922040E-04 -3.809044176724284E-03  2.7973869E-04 -1.855057238167987E-03  2.7945393E-04  8.464238472548441E-04  2.7954082E-04  1.153207778428277E-03  2.7958330E-04 -6.348504268948223E-04  2.7942343E-04 -2.893773231455060E-04  2.7946845E-04 -1.632239897657054E-04  2.7954347E-04 -1.472396881962138E-04  2.7950800E-04 -1.055096774438816E-03  2.7950560E-04  1.275031131997325E-05          0
 460.0 -5.796040506295215E-04  2.7924019E-04 -3.591871755077660E-03  2.7971845E-04 -1.710156913141769E-03  2.7947532E-04  9.945583842213275E-04  2.7951994E-04  1.177616613081931E-03  2.7957531E-04 -6.920885539229216E-04  2.7943118E-04 -1.406878086209972E-04  2.7946323E-04  8.967676044079338E-05  2.7954892E-04 -1.656118058226602E-04  2.7950976E-04 -1.202879055733920E-03  2.7950347E-04  1.271710806584215E-05          0
 465.0 -4.011584122908061E-04  2.7925418E-04 -3.312798687566744E-03  2.7970414E-04 -1.606084521243800E-03  2.7952450E-04  1.164776803968419E-03  2.7947120E-04  1.198265890088818E-03  2.7954319E-04 -6.000905445527751E-04  2.7946390E-04  2.080014199626539E-04  2.7948777E-04  2.939770376679381E-04  2.7952509E-04 -2.308722600269719E-04  2.7948814E-04 -1.071192944983094E-03  2.7952508E-04  1.268464472722468E-05          0
 470.0 -2.448220536466323E-04  2.7926896E-04 -3.015662568401286E-03  2.7968923E-04 -1.496660135562569E-03  2.7955262E-04  1.295752405416769E-03  2.7944350E-04  1.143779413563970E-03  2.7947521E-04 -4.843167829597994E-04  2.7953233E-04  4.053459786617344E-04  2.7951721E-04  1.009597281314233E-04  2.7949616E-04 -4.049991617499088E-04  2.7947154E-04 -9.059373893585764E-04  2.7954108E-04  1.265269038736060E-05          0
 475.0 -1.080554229957981E-04  2.7927653E-04 -2.673216554683182E-03  2.7968153E-04 -1.436670096626907E-03  2.7956691E-04  1.380210848550811E-03  2.7942931E-04  1.093335562653859E-03  2.7946091E-04 -4.418780974903280E-04  2.7954688E-04  5.042634126104034E-04  2.7951625E-04 -8.144359487483667E-05  2.7949781E-04 -1.905069204620430E-04  2.7948470E-04 -5.851658110845946E-04  2.7952786E-04  1.262078460255469E-05          0
 480.0  1.855049595826577E-05  2.7927758E-04 -2.297339360099492E-03  2.7968020E-04 -1.423853509179419E-03  2.7953445E-04  1.407788984837213E-03  2.7946196E-04  1.117944799238721E-03  2.7945400E-04 -3.955030975713679E-04  2.7955425E-04  2.682770237947753E-04  2.7949369E-04 -6.963442038532719E-05  2.7952089E-04  1.361366689158036E-04  2.7944986E-04 -1.303146332673850E-04  2.7956304E-04  1.258884108513304E-05          0
 485.0  1.273176171101010E-04  2.7928102E-04 -1.914391584462170E-03  2.7967677E-04 -1.395204515726184E-03  2.7948975E-04  1.354531371205875E-03  2.7950692E-04  9.835488630334922E-04  2.7946205E-04 -3.688453299502111E-04  2.7954659E-04 -5.744909428114612E-05  2.7951857E-04  3.062630230642459E-07  2.7949568E-04  5.224607785989549E-04  2.7944819E-04  3.844360219559850E-04  2.7956527E-04  1.255713061731687E-05          0
 490.0  2.499490456800197E-04  2.7928032E-04 -1.562547456047977E-03  2.7967775E-04 -1.398930539304087E-03  2.7944257E-04  1.232493795351985E-03  2.7955417E-04  7.586360556125053E-04  2.7944785E-04 -2.618646039475146E-04  2.7956131E-04 -4.023418760486718E-04  2.7952515E-04  3.576245898017728E-04  2.7948820E-04  1.060732002343805E-03  2.7943182E-04  5.495478157878186E-04  2.7958146E-04  1.252562647345196E-05          0
 495.0  3.375808504100539E-04  2.7927310E-04 -1.235625850804685E-03  2.7968534E-04 -1.449593130818371E-03  2.7939070E-04  1.085736837977483E-03  2.7960618E-04  4.846749848102239E-04  2.7945495E-04 -2.429035640652961E-05  2.7955430E-04 -7.794430704995617E-04  2.7952779E-04  7.026444959395352E-04  2.7948431E-04  1.172216885725366E-03  2.7948510E-04  3.915397111048314E-04  2.7952828E-04  1.249449916181590E-05          0
 500.0  4.295146796251723E-04  2.7925201E-04 -9.381613620812782E-04  2.7970709E-04 -1.601397497585953E-03  2.7935902E-04  9.898365922945999E-04  2.7963733E-04  1.515156340577669E-04  2.7948585E-04  1.056647442622944E-04  2.7952343E-04 -1.006959541619772E-03  2.7951899E-04  8.212966656829094E-04  2.7949209E-04  1.024625952058667E-03  2.7954917E-04  1.182406008451324E-04  2.7946483E-04  1.246349846573884E-05          0
 505.0  5.106736038934635E-04  2.7922177E-04 -6.790037047142271E-04  2.7973795E-04 -1.819664529576399E-03  2.7936504E-04  8.838201980555618E-04  2.7963052E-04 -5.358052796659357E-05  2.7956231E-04  1.804556361224069E-04  2.7944704E-04 -9.627562803928047E-04  2.7948403E-04  8.595693171442134E-04  2.7952634E-04  6.373320006644214E-04  2.7953537E-04 -2.829824124553039E-05  2.7947917E-04  1.243300701065975E-05          0
 510.0  5.817491258950163E-04  2.7920675E-04 -4.286216927783167E-04  2.7975328E-04 -1.928949843452536E-03  2.7939297E-04  7.863297805855878E-04  2.7960197E-04 -2.569033391062613E-04  2.7960880E-04  1.945050283430703E-04  2.7940074E-04 -7.603512952671958E-04  2.7947380E-04  9.990242041284013E-04  2.7953692E-04 -2.503906967162147E-05  2.7951664E-04 -9.077563563660524E-05  2.7949834E-04  1.240273751473171E-05          0
 515.0  6.606942354212892E-04  2.7919310E-04 -1.809447517530969E-04  2.7976668E-04 -2.027998053904623E-03  2.7942162E-04  7.164191614355848E-04  2.7957288E-04 -4.605865390571004E-04  2.7958191E-04  6.981333220139667E-05  2.7942795E-04 -5.511030784517830E-04  2.7946331E-04  1.248468531552047E-03  2.7954804E-04 -2.763433140292948E-04  2.7944476E-04  2.610725536500932E-05  2.7957040E-04  1.237288187589022E-05          0
 520.0  6.856691619093358E-04  2.7920170E-04 -4.468333746157703E-06  2.7975795E-04 -1.970423221341475E-03  2.7944848E-04  6.073740165058582E-04  2.7954606E-04 -5.625129856065789E-04  2.7951627E-04 -9.731520222863130E-05  2.7949363E-04 -3.583363452530144E-04  2.7946013E-04  1.439742813066056E-03  2.7955164E-04 -2.195766666568908E-04  2.7949597E-04  2.880044969047675E-04  2.7951883E-04  1.234305277885197E-05          0
 525.0  6.459362934932718E-04  2.7921763E-04  1.530916741155372E-04  2.7974185E-04 -1.862122841176357E-03  2.7945689E-04  5.290707118176745E-04  2.7953797E-04 -6.216783560052769E-04  2.7951257E-04 -9.966808408486004E-05  2.7949653E-04 -2.992511984388872E-04  2.7946020E-04  1.493607402888608E-03  2.7955197E-04 -2.599624890813178E-05  2.7946876E-04  6.653555581994434E-04  2.7954514E-04  1.231352115472909E-05          0
 530.0  5.513812697990814E-04  2.7924258E-04  2.122567241050739E-04  2.7971631E-04 -1.689489603349241E-03  2.7944610E-04  4.775181833860972E-04  2.7954930E-04 -5.001557983583315E-04  2.7954704E-04 -2.914191070063380E-05  2.7946119E-04 -3.787105921736087E-04  2.7947717E-04  1.529902983359728E-03  2.7953486E-04  1.672985696475460E-04  2.7946412E-04  6.891429331037402E-04  2.7954995E-04  1.228401032757110E-05          0
 535.0  4.389526955772183E-04  2.7927811E-04  2.172036157076898E-04  2.7967988E-04 -1.439897732270257E-03  2.7944324E-04  5.582672238896923E-04  2.7955299E-04 -3.450552912933903E-04  2.7956514E-04  1.221327990095824E-04  2.7944283E-04 -4.013311341022176E-04  2.7947305E-04  1.271012148189719E-03  2.7953864E-04  1.875458104829291E-04  2.7953405E-04  6.577802940810244E-04  2.7948039E-04  1.225496285809224E-05          0
 540.0  3.211452874302992E-04  2.7932839E-04  2.100053727323169E-04  2.7962827E-04 -1.084664193554994E-03  2.7945280E-04  6.809976089032310E-04  2.7954459E-04 -5.340074833443967E-05  2.7956435E-04  2.222344849558777E-04  2.7944440E-04 -3.354547071736741E-04  2.7948354E-04  7.840525441165125E-04  2.7952752E-04  1.968664988640926E-04  2.7956552E-04  4.712695468734824E-04  2.7944937E-04  1.222594960214921E-05          0
 545.0  1.607120887844292E-04  2.7937008E-04  1.390902451763401E-04  2.7958474E-04 -7.883182224539386E-04  2.7946148E-04  8.332535430007126E-04  2.7953698E-04  1.765510688763897E-04  2.7955819E-04  3.453696664062711E-04  2.7945168E-04 -2.754684642080602E-04  2.7949479E-04  3.478515473337806E-04  2.7951611E-04  1.872338405096103E-04  2.7953867E-04  3.509376396688729E-04  2.7947641E-04  1.219729884529694E-05          0
 550.0 -1.346401697557824E-05  2.7939428E-04  3.046320807787028E-05  2.7955860E-04 -6.151421061797518E-04  2.7944016E-04  9.254975165541962E-04  2.7955944E-04  2.719761996245905E-04  2.7953271E-04  4.458000828917242E-04  2.7947791E-04 -4.313042602433621E-04  2.7945408E-04  6.589159087119633E-05  2.7955692E-04  1.114244616022304E-04  2.7952799E-04  4.414293272386619E-04  2.7948714E-04  1.216861121547037E-05          0
 555.0 -1.798176030625168E-04  2.7940430E-04 -1.085479868212292E-04  2.7954686E-04 -5.430068865107031E-04  2.7941922E-04  8.719158918008143E-04  2.7958138E-04  2.794562837498458E-04  2.7956251E-04  2.812471954280717E-04  2.7944839E-04 -5.857495951509164E-04  2.7944980E-04 -5.610753076499302E-06  2.7956144E-04  1.338244259021049E-04  2.7954537E-04  4.963275295742209E-04  2.7946947E-04  1.214020339111058E-05          0
 560.0 -3.737735007286060E-04  2.7940965E-04 -2.159315219376725E-04  2.7953946E-04 -5.013017053808670E-04  2.7939604E-04  7.654352967926916E-04  2.7960509E-04  2.981930539630354E-04  2.7959655E-04  7.731997229743897E-05  2.7941425E-04 -7.558282385311280E-04  2.7943500E-04  8.948814657616751E-05  2.7957658E-04  2.012156778382965E-04  2.7951184E-04  6.032714627236254E-04  2.7950217E-04  1.211179300947575E-05          0
 565.0 -5.768170887933033E-04  2.7941164E-04 -3.089458902985060E-04  2.7953585E-04 -4.840162716409691E-04  2.7940275E-04  7.361291178453862E-04  2.7959871E-04  3.619722694868341E-04  2.7959266E-04 -1.596376372402144E-04  2.7941817E-04 -7.108707783270955E-04  2.7944852E-04  1.981535783378845E-04  2.7956377E-04  2.929811296606821E-04  2.7949857E-04  6.293730009817170E-04  2.7951518E-04  1.208376287887358E-05          0
 570.0 -7.677715198686928E-04  2.7941021E-04 -3.873326492237377E-04  2.7953569E-04 -4.901657039931570E-04  2.7945163E-04  7.226996143853472E-04  2.7955016E-04  4.133263959785159E-04  2.7959411E-04 -1.463279097033947E-04  2.7941628E-04 -3.645248393793366E-04  2.7946872E-04  1.132130024712879E-04  2.7954422E-04  3.882138194044241E-04  2.7950473E-04  6.283368351355138E-04  2.7950926E-04  1.205608340593446E-05          0
 575.0 -9.424479035409247E-04  2.7941590E-04 -4.409706152993441E-04  2.7952872E-04 -4.451884780340239E-04  2.7950936E-04  7.171467603494537E-04  2.7949272E-04  4.799336333013426E-04  2.7960976E-04 -2.320981849938260E-05  2.7939983E-04  4.576293672868602E-05  2.7949595E-04 -4.593683781772546E-05  2.7951720E-04  1.193372055454329E-04  2.7952112E-04  6.493776180100217E-04  2.7949301E-04  1.202845595024764E-05          0
 580.0 -1.083387086977343E-03  2.7943129E-04 -5.300131301444994E-04  2.7951322E-04 -3.344452002235214E-04  2.7954808E-04  7.643657821649592E-04  2.7945392E-04  5.633117996304388E-04  2.7959408E-04  8.090717161714353E-05  2.7941481E-04  3.218829399223608E-04  2.7948607E-04 -1.627684460898162E-04  2.7952702E-04 -1.315854762755590E-04  2.7944596E-04  5.465605745205170E-04  2.7956850E-04  1.200100148536337E-05          0
 585.0 -1.194700533701888E-03  2.7945823E-04 -6.047069976469734E-04  2.7948662E-04 -1.431593642156022E-04  2.7955735E-04  8.703753341667774E-04  2.7944454E-04  6.426883392465093E-04  2.7952348E-04  2.197167153372052E-04  2.7948547E-04  3.887222966736954E-04  2.7947449E-04 -1.371655336909166E-04  2.7953904E-04 -4.051327697703335E-04  2.7948626E-04  3.996577210813827E-04  2.7952864E-04  1.197430384145092E-05          0
 590.0 -1.292082553591479E-03  2.7948535E-04 -6.773780754539434E-04  2.7946008E-04  4.805583154773230E-05  2.7951749E-04  9.700431093006759E-04  2.7948445E-04  6.722339630650263E-04  2.7946264E-04  1.478103168984738E-04  2.7954673E-04  1.045744866614986E-04  2.7946407E-04  4.304756856218542E-05  2.7954987E-04 -3.864937073034981E-04  2.7951816E-04  1.544783637567148E-04  2.7949732E-04  1.194740588125236E-05          0
 595.0 -1.381090052492264E-03  2.7950578E-04 -7.446379030943657E-04  2.7944108E-04  1.872082271136217E-04  2.7948021E-04  1.136510447050494E-03  2.7952158E-04  5.386852940299396E-04  2.7946985E-04  2.327418076867421E-05  2.7954001E-04 -1.608995437487584E-04  2.7939194E-04  7.565102832631850E-05  2.7962210E-04 -4.771799826250014E-04  2.7950236E-04  2.554671602106309E-04  2.7951320E-04  1.192072591990503E-05          0
 600.0 -1.439214815327505E-03  2.7951301E-04 -8.185548329605012E-04  2.7943546E-04  2.314480825750532E-04  2.7945090E-04  1.404452566334488E-03  2.7955083E-04  2.856903114640641E-04  2.7949656E-04 -1.042462971976067E-04  2.7951406E-04 -3.702446209534348E-04  2.7936856E-04  1.190021738668798E-04  2.7964495E-04 -1.246495414183396E-04  2.7950879E-04  2.621730073224844E-04  2.7950653E-04  1.189425742333121E-05          0
 605.0 -1.454055495629586E-03  2.7951043E-04 -8.712618496920252E-04  2.7943965E-04  2.052032724477291E-04  2.7947844E-04  1.661521137372847E-03  2.7952325E-04  1.704695844141090E-04  2.7951497E-04 -7.241634339427480E-05  2.7949669E-04 -1.715825018076462E-04  2.7943239E-04  7.400488637545650E-05  2.7958056E-04  3.045563971840289E-04  2.7952773E-04  1.742617073694558E-04  2.7948756E-04  1.186773760458407E-05          0
 610.0 -1.443019069781788E-03  2.7950390E-04 -9.046930616648829E-04  2.7944832E-04  1.485868731997864E-04  2.7950655E-04  1.947134803834534E-03  2.7949458E-04  9.167377562554365E-05  2.7952832E-04 -6.318326440227171E-05  2.7948414E-04  3.089204447596295E-05  2.7944618E-04 -1.710113106058070E-04  2.7956665E-04  6.436810111351542E-04  2.7952454E-04  2.073795465952220E-04  2.7949063E-04  1.184177754541676E-05          0
 615.0 -1.346086830012463E-03  2.7948814E-04 -9.269181969405627E-04  2.7946679E-04  2.320610330855031E-05  2.7957091E-04  2.169779353514064E-03  2.7942914E-04  8.954900220172697E-05  2.7953272E-04 -4.158447895257930E-05  2.7947997E-04  4.940069862007652E-04  2.7945347E-04 -3.616270603180981E-04  2.7955949E-04  7.470717990544894E-04  2.7947458E-04  4.963342865253257E-05  2.7954013E-04  1.181544833706168E-05          0
 620.0 -1.200052325061065E-03  2.7946404E-04 -9.713946106376641E-04  2.7949365E-04 -1.618380753481012E-04  2.7959980E-04  2.237336723431150E-03  2.7939919E-04  1.270270496320534E-04  2.7951764E-04  5.123324139073641E-05  2.7949475E-04  7.045298750148795E-04  2.7945942E-04 -4.805988323302444E-04  2.7955312E-04  3.953477475218537E-04  2.7941200E-04 -2.426646527259764E-04  2.7960247E-04  1.178952072164315E-05          0
 625.0 -1.071088171761984E-03  2.7943574E-04 -9.718227218788250E-04  2.7952460E-04 -3.754367917575096E-04  2.7963354E-04  2.173349165866804E-03  2.7936445E-04  1.349059887961320E-04  2.7949951E-04  1.765998829595782E-04  2.7951240E-04  9.492111600410379E-04  2.7947158E-04 -5.109085954748135E-04  2.7954053E-04 -8.594865741422007E-05  2.7946126E-04 -2.076302872769766E-04  2.7955309E-04  1.176408946386671E-05          0
 630.0 -8.785199286462235E-04  2.7941400E-04 -1.013679666577228E-03  2.7954871E-04 -5.396179588882356E-04  2.7965418E-04  2.022002672975247E-03  2.7934293E-04  1.924623874013449E-04  2.7947011E-04  2.250370182834271E-04  2.7954115E-04  1.101589371530192E-03  2.7950303E-04 -6.509595373783035E-04  2.7950892E-04 -3.025254001254393E-04  2.7952729E-04 -3.522693646683250E-04  2.7948713E-04  1.173886178107332E-05          0
 635.0 -6.604833605560930E-04  2.7940408E-04 -1.069522164775527E-03  2.7956093E-04 -6.181866388818202E-04  2.7966082E-04  1.765437324350574E-03  2.7933592E-04  1.223131575295245E-04  2.7947383E-04  2.477057764568219E-04  2.7953709E-04  1.151474073813363E-03  2.7955359E-04 -6.198883010056079E-04  2.7945825E-04 -4.226070590515511E-04  2.7949870E-04 -5.485454178731104E-04  2.7951589E-04  1.171365793516161E-05          0
