   1.0.0 # v: lpa-xrd version
5.00e+13 # d: dislocation density [m^-2]
 1  1  0 # z: direction of 'l' (line vector) [uvw]
 1  1  0 # b: Burgers vector direction [uvw]
 2  0  0 # g: diffraction vector direction (hkl)
0.250000 # C: contrast coefficient [1]
0.404940 # a: cell parameter [nm]
    6400 # s: side of the region of interest [nm] PBC1
0.345000 # nu: Poisson's number [1]
    2048 # nd: number of dislocations in the input file
  200000 # np: number of random points
#    L                   cos1       err_cos1                   sin1       err_sin1                   cos2       err_cos2                   sin2       err_sin2                   cos3       err_cos3                   sin3       err_sin3                   cos4       err_cos4                   sin4       err_sin4                   cos5       err_cos5                   sin5       err_sin5                   eps2       nrpo
   5.0  9.923611324362041E-01  1.7696005E-05 -6.091140689885305E-03  4.3887587E-05  9.735756707128949E-01  3.6678297E-05 -1.196255417584181E-02  7.9139648E-05  9.463605954439183E-01  5.8675121E-05 -1.749968983562303E-02  1.0819261E-04  9.129935105400477E-01  8.1693665E-05 -2.260348942489003E-02  1.3180979E-04  8.754915897278155E-01  1.0390861E-04 -2.721803925558789E-02  1.5107552E-04  2.729627900568602E-05          0
  10.0  9.729032861296898E-01  3.8711129E-05 -1.197234104886194E-02  7.9470337E-05  9.123319706056471E-01  8.2680889E-05 -2.258134591613694E-02  1.3192463E-04  8.351004128427018E-01  1.2466908E-04 -3.129215901359050E-02  1.6707265E-04  7.531270333326482E-01  1.5765509E-04 -3.798564559081325E-02  1.9236192E-04  6.729125866082675E-01  1.8194578E-04 -4.286722245395521E-02  2.1179916E-04  2.506429415512943E-05          0
  15.0  9.446579990477844E-01  6.2069285E-05 -1.750183665733031E-02  1.0864696E-04  8.343919381755650E-01  1.2534310E-04 -3.129301272676557E-02  1.6713448E-04  7.121945088535938E-01  1.7096405E-04 -4.067184396708454E-02  2.0271462E-04  5.968135238397495E-01  2.0014684E-04 -4.595751288629612E-02  2.2699962E-04  4.922942929281330E-01  2.2007936E-04 -4.766447506437534E-02  2.4370089E-04  2.373799805992489E-05          0
  20.0  9.101549980787815E-01  8.5854303E-05 -2.261071418935189E-02  1.3227952E-04  7.519999963384654E-01  1.5844825E-04 -3.802668291178864E-02  1.9243291E-04  5.965406943008621E-01  2.0030027E-04 -4.599379551352297E-02  2.2698914E-04  4.598037979086753E-01  2.2548019E-04 -4.748217186210225E-02  2.4796807E-04  3.428839148115344E-01  2.4228362E-04 -4.398550723764275E-02  2.6044906E-04  2.281479240217968E-05          0
  25.0  8.716236434765645E-01  1.0839609E-04 -2.723790244584205E-02  1.5149550E-04  6.716777512979748E-01  1.8266727E-04 -4.288848018435222E-02  2.1183425E-04  4.919750129956371E-01  2.2024475E-04 -4.759620209009542E-02  2.4367103E-04  3.429081807544161E-01  2.4226114E-04 -4.412211787746846E-02  2.6045211E-04  2.260328650152112E-01  2.5549563E-04 -3.603240090251734E-02  2.6937865E-04  2.210584614001935E-05          0
  30.0  8.308884786330376E-01  1.2865747E-04 -3.134029919431800E-02  1.6743515E-04  5.958078804247221E-01  2.0065473E-04 -4.601910186702336E-02  2.2700025E-04  3.986723452325157E-01  2.3476676E-04 -4.622655251364455E-02  2.5498816E-04  2.467725878141264E-01  2.5340107E-04 -3.784815486351747E-02  2.6799005E-04  1.406137463679785E-01  2.6283738E-04 -2.714005124781607E-02  2.7438945E-04  2.152515969247651E-05          0
  35.0  7.893410874856719E-01  1.4626577E-04 -3.492437710849394E-02  1.8096614E-04  5.249384419763012E-01  2.1455269E-04 -4.751596605626160E-02  2.3883711E-04  3.168280543197473E-01  2.4553349E-04 -4.267121370431210E-02  2.6268874E-04  1.710798767290958E-01  2.6042615E-04 -3.064663040073123E-02  2.7274458E-04  8.219313155488787E-02  2.6706086E-04 -2.004683518819836E-02  2.7686307E-04  2.102078077248366E-05          0
  40.0  7.479100198003512E-01  1.6132924E-04 -3.799335103858213E-02  1.9267699E-04  4.591260203416974E-01  2.2572934E-04 -4.751481997701275E-02  2.4794814E-04  2.466725800824561E-01  2.5338877E-04 -3.797720823739258E-02  2.6801535E-04  1.143675559926772E-01  2.6473958E-04 -2.393880348106072E-02  2.7567429E-04  4.369399452161281E-02  2.7022181E-04 -1.598559802322715E-02  2.7742347E-04  2.058659212939271E-05          0
  45.0  7.072517104452601E-01  1.7408880E-04 -4.060582468497904E-02  2.0294489E-04  3.983354643590240E-01  2.3483310E-04 -4.628545069398815E-02  2.5501114E-04  1.882257972229265E-01  2.5896444E-04 -3.271818003316926E-02  2.7175505E-04  7.296243387069910E-02  2.6772765E-04 -1.882856912748374E-02  2.7713597E-04  1.867629710741949E-02  2.7321818E-04 -1.502416980593564E-02  2.7669826E-04  2.020193085049665E-05          0
  50.0  6.677596869590975E-01  1.8489006E-04 -4.278795497096434E-02  2.1201790E-04  3.426093829797094E-01  2.4232416E-04 -4.403358423525806E-02  2.6046547E-04  1.405908461222624E-01  2.6281364E-04 -2.742426910091369E-02  2.7440778E-04  4.354265143562689E-02  2.7021072E-04 -1.598900538036286E-02  2.7745157E-04  1.511905320825190E-03  2.7565386E-04 -1.546541523536725E-02  2.7588721E-04  1.986158398883293E-05          0
  55.0  6.295668501951043E-01  1.9412714E-04 -4.457324050070026E-02  2.2003741E-04  2.920501457392291E-01  2.4848391E-04 -4.112984756636867E-02  2.6466299E-04  1.026848870916767E-01  2.6557294E-04 -2.275011109311154E-02  2.7614075E-04  2.292804004635024E-02  2.7264027E-04 -1.505900465805366E-02  2.7689589E-04 -1.143543324532336E-02  2.7712409E-04 -1.515099942751538E-02  2.7576208E-04  1.954838165290978E-05          0
  60.0  5.926960085404510E-01  2.0214542E-04 -4.595526736888709E-02  2.2711625E-04  2.467418424979544E-01  2.5346584E-04 -3.788735728345930E-02  2.6794505E-04  7.289699674464840E-02  2.6772524E-04 -1.908691509785507E-02  2.7711794E-04  7.978594467000055E-03  2.7478889E-04 -1.526192252138831E-02  2.7616246E-04 -2.172988691756647E-02  2.7768746E-04 -1.305252597695410E-02  2.7629814E-04  1.926744779396355E-05          0
  65.0  5.571628686421786E-01  2.0916092E-04 -4.695020189077963E-02  2.3337904E-04  2.064769233759373E-01  2.5739143E-04 -3.442468323595457E-02  2.7057532E-04  4.997832450420224E-02  2.6959550E-04 -1.669869143025974E-02  2.7747439E-04 -3.833409221688852E-03  2.7636189E-04 -1.545245762393215E-02  2.7575937E-04 -2.884699771175055E-02  2.7794364E-04 -8.815849528042619E-03  2.7691679E-04  1.900867044893926E-05          0
  70.0  5.228814354322695E-01  2.1541896E-04 -4.752456486393981E-02  2.3888914E-04  1.712233250185395E-01  2.6044340E-04 -3.083633763727296E-02  2.7269682E-04  3.242728393566929E-02  2.7146462E-04 -1.544313242664950E-02  2.7724425E-04 -1.359939987074829E-02  2.7730869E-04 -1.470512462552199E-02  2.7583912E-04 -3.237360669723335E-02  2.7807691E-04 -2.583563101013851E-03  2.7742825E-04  1.876991038957754E-05          0
  75.0  4.898028390919502E-01  2.2105393E-04 -4.776589204912576E-02  2.4373656E-04  1.406421880603285E-01  2.6281583E-04 -2.731517388731426E-02  2.7437529E-04  1.874311185448706E-02  2.7322165E-04 -1.504307302797578E-02  2.7673889E-04 -2.168880017516747E-02  2.7774737E-04 -1.303916026774376E-02  2.7626264E-04 -3.196749741153142E-02  2.7824979E-04  4.694704461059762E-03  2.7770699E-04  1.854691964337137E-05          0
  80.0  4.579258478845478E-01  2.2616066E-04 -4.766164065580061E-02  2.4799724E-04  1.143639592699597E-01  2.6475741E-04 -2.400295805589292E-02  2.7560277E-04  7.894401326328784E-03  2.7478019E-04 -1.497739580745310E-02  2.7619967E-04 -2.755863277084173E-02  2.7793723E-04 -9.950832596614296E-03  2.7678196E-04 -2.716945964190090E-02  2.7831364E-04  1.141176185798048E-02  2.7794760E-04  1.833856299922990E-05          0
  85.0  4.272697002716127E-01  2.3079902E-04 -4.721150935647511E-02  2.5173099E-04  9.199435468484629E-02  2.6635841E-04 -2.116733954785226E-02  2.7649052E-04 -1.129453570073369E-03  2.7602119E-04 -1.497335910526861E-02  2.7585260E-04 -3.124320561053586E-02  2.7804690E-04 -5.342483027975367E-03  2.7724453E-04 -1.930316188561612E-02  2.7825891E-04  1.562883230220184E-02  2.7819736E-04  1.813996274220178E-05          0
  90.0  3.978040578428470E-01  2.3502622E-04 -4.648515930552495E-02  2.5501225E-04  7.306259245839500E-02  2.6771092E-04 -1.892916128678348E-02  2.7711176E-04 -8.956216175908676E-03  2.7692364E-04 -1.469219065201263E-02  2.7576817E-04 -3.270716026071466E-02  2.7820156E-04  2.442567407499275E-04  2.7752224E-04 -9.823388829421870E-03  2.7815316E-04  1.672656733272808E-02  2.7846937E-04  1.795495608316951E-05          0
  95.0  3.695340935925474E-01  2.3888138E-04 -4.547247517171308E-02  2.5789995E-04  5.710428979293839E-02  2.6898576E-04 -1.732005999338072E-02  2.7740665E-04 -1.579374046456456E-02  2.7743868E-04 -1.401536200333764E-02  2.7597231E-04 -3.122646202240419E-02  2.7832300E-04  6.127374052107241E-03  2.7771862E-04 -7.118583823085853E-04  2.7806619E-04  1.448480976461364E-02  2.7876660E-04  1.778236610078819E-05          0
 100.0  3.424763843896278E-01  2.4241114E-04 -4.422635408452566E-02  2.6042337E-04  4.379041661992836E-02  2.7020568E-04 -1.615565779356043E-02  2.7744693E-04 -2.163249916137606E-02  2.7773450E-04 -1.268579055745436E-02  2.7629864E-04 -2.725673242100062E-02  2.7836176E-04  1.140862551674465E-02  2.7789818E-04  6.183179057512912E-03  2.7803282E-04  9.804545720786251E-03  2.7901448E-04  1.761739094700721E-05          0
 105.0  3.166854398955710E-01  2.4560470E-04 -4.282639784595813E-02  2.6266326E-04  3.255917370386372E-02  2.7139587E-04 -1.550222309761883E-02  2.7730162E-04 -2.629735909812844E-02  2.7790732E-04 -1.058944914776623E-02  2.7665866E-04 -2.140451634801572E-02  2.7831934E-04  1.514898913176074E-02  2.7809001E-04  1.029862931366187E-02  2.7827954E-04  4.157068453645636E-03  2.7899473E-04  1.746094336232128E-05          0
 110.0  2.921575231548512E-01  2.4848884E-04 -4.131510120068484E-02  2.6464308E-04  2.304875247812490E-02  2.7258315E-04 -1.520178581272517E-02  2.7699743E-04 -2.972458014382794E-02  2.7803497E-04 -7.675688393403940E-03  2.7698655E-04 -1.412250867368115E-02  2.7825239E-04  1.683385739173449E-02  2.7828926E-04  1.203085921706007E-02  2.7874453E-04 -8.519966882033201E-04  2.7877864E-04  1.731114696707127E-05          0
 115.0  2.689047992765853E-01  2.5107265E-04 -3.968886157074408E-02  2.6640651E-04  1.484262380895233E-02  2.7374927E-04 -1.522677843827552E-02  2.7659537E-04 -3.200092408471186E-02  2.7811876E-04 -4.026353908128288E-03  2.7728431E-04 -6.318141268207975E-03  2.7814448E-04  1.628681955912879E-02  2.7854427E-04  1.169469572175444E-02  2.7924430E-04 -4.202712266428152E-03  2.7851504E-04  1.716843990184988E-05          0
 120.0  2.469133898114909E-01  2.5339871E-04 -3.797491320519304E-02  2.6797154E-04  7.761777600732562E-03  2.7480730E-04 -1.547967174237412E-02  2.7619960E-04 -3.282407996087935E-02  2.7820797E-04  2.140596190989886E-04  2.7751032E-04  8.251340832274435E-04  2.7806364E-04  1.379167022348749E-02  2.7879050E-04  1.053767211959114E-02  2.7963082E-04 -5.763257962197848E-03  2.7833441E-04  1.703117990422480E-05          0
 125.0  2.262067390093369E-01  2.5547369E-04 -3.616655480862349E-02  2.6935542E-04  1.576363787125657E-03  2.7569409E-04 -1.569892201328349E-02  2.7591310E-04 -3.207307978114345E-02  2.7826532E-04  4.606515962168653E-03  2.7769208E-04  6.362672522123825E-03  2.7809953E-04  9.776035876958199E-03  2.7894674E-04  8.870849434758632E-03  2.7987412E-04 -5.742410408049483E-03  2.7824473E-04  1.689656161252035E-05          0
 130.0  2.067889329091829E-01  2.5730549E-04 -3.432166926157480E-02  2.7059963E-04 -3.978557101251876E-03  2.7640214E-04 -1.576339466350537E-02  2.7575741E-04 -2.978319126420718E-02  2.7828311E-04  9.004691905020248E-03  2.7785440E-04  1.004687665112709E-02  2.7823253E-04  5.388960936419991E-03  2.7900404E-04  7.476923228984817E-03  2.7987263E-04 -4.613623193928779E-03  2.7834336E-04  1.676762589721703E-05          0
 135.0  1.885920246333748E-01  2.5893541E-04 -3.244911978144385E-02  2.7170491E-04 -8.970634968843032E-03  2.7693723E-04 -1.549577018641047E-02  2.7574586E-04 -2.598267179880553E-02  2.7830496E-04  1.269511273087779E-02  2.7797378E-04  1.189745910415873E-02  2.7850420E-04  1.059157473161830E-03  2.7892014E-04  6.508286022022910E-03  2.7948153E-04 -3.081472897227593E-03  2.7880388E-04  1.663752351885928E-05          0
 140.0  1.715823939315217E-01  2.6038088E-04 -3.055507865289619E-02  2.7269217E-04 -1.352322446687545E-02  2.7731850E-04 -1.485761473713832E-02  2.7585706E-04 -2.108458647111528E-02  2.7827093E-04  1.546317433365763E-02  2.7812133E-04  1.222805017724266E-02  2.7892000E-04 -2.694452823240948E-03  2.7869119E-04  6.194966765626515E-03  2.7889337E-04 -2.028644449119761E-03  2.7941788E-04  1.651114062820448E-05          0
 145.0  1.557320661802896E-01  2.6166097E-04 -2.873657841110814E-02  2.7356486E-04 -1.765656638667625E-02  2.7758402E-04 -1.393647189351196E-02  2.7603844E-04 -1.563240774272187E-02  2.7821902E-04  1.695447126217499E-02  2.7827700E-04  1.160313255942328E-02  2.7929052E-04 -5.019621421351358E-03  2.7850281E-04  5.965850382716135E-03  2.7844499E-04 -1.861384340759043E-03  2.7987408E-04  1.638712653081813E-05          0
 150.0  1.409794025981842E-01  2.6279639E-04 -2.697505387462044E-02  2.7433761E-04 -2.138898373824949E-02  2.7775361E-04 -1.277656698410747E-02  2.7627256E-04 -9.850376064709530E-03  2.7815000E-04  1.705521585511583E-02  2.7845524E-04  1.037484434763708E-02  2.7959673E-04 -5.986304667792965E-03  2.7835940E-04  5.493797643739608E-03  2.7826950E-04 -2.096370362985466E-03  2.8006911E-04  1.626638169113475E-05          0
 155.0  1.272633563481013E-01  2.6382277E-04 -2.528837643200962E-02  2.7500313E-04 -2.459048581226680E-02  2.7787426E-04 -1.131494137993828E-02  2.7651931E-04 -4.254591758818408E-03  2.7808830E-04  1.586105954041819E-02  2.7863162E-04  9.040311709457863E-03  2.7982681E-04 -5.950740597030013E-03  2.7825693E-04  4.584655150763481E-03  2.7840835E-04 -2.976241006778926E-03  2.7996173E-04  1.614820550980441E-05          0
 160.0  1.146042878426839E-01  2.6474464E-04 -2.372138906498519E-02  2.7557642E-04 -2.731380997348071E-02  2.7794724E-04 -9.523121632303920E-03  2.7678164E-04  8.327665950307287E-04  2.7803303E-04  1.378250539335664E-02  2.7880890E-04  7.771606191689807E-03  2.7985721E-04 -5.021016651043173E-03  2.7832251E-04  3.202307607096728E-03  2.7868351E-04 -3.583758822828173E-03  2.7973301E-04  1.602961159172064E-05          0
 165.0  1.028959090273528E-01  2.6559123E-04 -2.222282012127972E-02  2.7606196E-04 -2.948470876436055E-02  2.7801610E-04 -7.411009341300291E-03  2.7701879E-04  5.114716777225971E-03  2.7801314E-04  1.098944778415172E-02  2.7895636E-04  6.914028834269415E-03  2.7972328E-04 -3.844069768592864E-03  2.7852339E-04  1.559152733592039E-03  2.7897528E-04 -3.652790512325959E-03  2.7949477E-04  1.591468216794293E-05          0
 170.0  9.211246111592937E-02  2.6635317E-04 -2.087703695785562E-02  2.7647355E-04 -3.115620467501840E-02  2.7809688E-04 -5.004750187787003E-03  2.7721066E-04  8.418249545646062E-03  2.7809464E-04  7.697730587000063E-03  2.7901051E-04  6.555804650904647E-03  2.7935668E-04 -2.529222151753742E-03  2.7893302E-04 -1.473151081067504E-05  2.7927372E-04 -3.504007032076515E-03  2.7923649E-04  1.580140946268164E-05          0
 175.0  8.218196653190486E-02  2.6706279E-04 -1.964879784232279E-02  2.7680481E-04 -3.218322253064223E-02  2.7815093E-04 -2.380305351015178E-03  2.7739060E-04  1.068956123843327E-02  2.7827152E-04  4.215075162137527E-03  2.7898275E-04  6.261715679843038E-03  2.7890839E-04 -1.788764567921580E-03  2.7940034E-04 -1.697222286209434E-03  2.7955469E-04 -2.633485291207255E-03  2.7899262E-04  1.568832344183704E-05          0
 180.0  7.309779815291688E-02  2.6773992E-04 -1.859083907860213E-02  2.7705298E-04 -3.245968424324312E-02  2.7819565E-04  4.707951144836738E-04  2.7754524E-04  1.203384099053396E-02  2.7851841E-04  8.603421322960249E-04  2.7889160E-04  5.947291013392565E-03  2.7851101E-04 -1.577567534032651E-03  2.7980105E-04 -2.874203889822696E-03  2.7973623E-04 -9.588693213272645E-04  2.7884510E-04  1.558202766125229E-05          0
 185.0  6.479965829909302E-02  2.6839803E-04 -1.770416499490495E-02  2.7721428E-04 -3.195934498374760E-02  2.7821049E-04  3.459093206331392E-03  2.7769386E-04  1.253239596738761E-02  2.7880626E-04 -1.936157278915116E-03  2.7876042E-04  5.348115171689124E-03  2.7827817E-04 -1.817768498028559E-03  2.8004755E-04 -3.316586816107232E-03  2.7975648E-04  1.009593857073283E-03  2.7885844E-04  1.547239516261932E-05          0
 190.0  5.719196200551131E-02  2.6905246E-04 -1.694639092155391E-02  2.7729791E-04 -3.071994825761809E-02  2.7823992E-04  6.434858464147149E-03  2.7780284E-04  1.223864718290409E-02  2.7907458E-04 -4.069087672979025E-03  2.7863958E-04  4.671386226670922E-03  2.7828309E-04 -2.224654192053461E-03  2.8006599E-04 -3.221789829045174E-03  2.7948800E-04  2.451040080273611E-03  2.7916308E-04  1.536809723786453E-05          0
 195.0  5.023326561566663E-02  2.6968099E-04 -1.631769193851552E-02  2.7733627E-04 -2.892620499587858E-02  2.7830773E-04  9.187900574196425E-03  2.7785406E-04  1.152310771334137E-02  2.7935119E-04 -5.460434869240413E-03  2.7849588E-04  4.060997119256005E-03  2.7843067E-04 -2.682193003296731E-03  2.7994887E-04 -3.034353469867860E-03  2.7924566E-04  3.068896714606676E-03  2.7943742E-04  1.526428375832793E-05          0
 200.0  4.385490478523758E-02  2.7030614E-04 -1.584460984708738E-02  2.7732003E-04 -2.655966365936668E-02  2.7834238E-04  1.171564799046999E-02  2.7792020E-04  1.051370146102097E-02  2.7963304E-04 -6.134753447500339E-03  2.7833034E-04  3.066556402710105E-03  2.7865822E-04 -3.008770565859856E-03  2.7975816E-04 -2.451782648811699E-03  2.7911729E-04  2.898726705991672E-03  2.7959156E-04  1.516648610713110E-05          0
 205.0  3.796522146143287E-02  2.7092684E-04 -1.551129207819228E-02  2.7725306E-04 -2.366993124768117E-02  2.7835502E-04  1.385881941348596E-02  2.7799233E-04  9.394315648729154E-03  2.7982761E-04 -6.252515878862361E-03  2.7823289E-04  1.882356179161734E-03  2.7887758E-04 -3.256221214201902E-03  2.7957440E-04 -1.818140662865300E-03  2.7919176E-04  1.917781427050046E-03  2.7953962E-04  1.506603418562934E-05          0
 210.0  3.254782060589514E-02  2.7153041E-04 -1.531328339479430E-02  2.7715605E-04 -2.043755368881640E-02  2.7832468E-04  1.546252680104479E-02  2.7809854E-04  8.525827134044237E-03  2.7993158E-04 -5.966980446335181E-03  2.7820680E-04  4.847520353566822E-04  2.7914308E-04 -3.093948173315071E-03  2.7934504E-04 -1.101807225557024E-03  2.7918954E-04  5.519525353109632E-04  2.7954802E-04  1.496634643899342E-05          0
 215.0  2.753321070896569E-02  2.7212097E-04 -1.523570564806802E-02  2.7703497E-04 -1.695020938098616E-02  2.7825618E-04  1.654540937764395E-02  2.7824183E-04  7.737069189980678E-03  2.7988842E-04 -5.234249545305721E-03  2.7831096E-04 -1.006466624094774E-03  2.7938615E-04 -2.892459869230700E-03  2.7913572E-04 -1.040237773689118E-04  2.7918323E-04 -6.702467947097676E-04  2.7955086E-04  1.486623470108362E-05          0
 220.0  2.290378340628665E-02  2.7270537E-04 -1.526027437201631E-02  2.7688618E-04 -1.326581321824884E-02  2.7817884E-04  1.714175755307668E-02  2.7839153E-04  7.116535532634253E-03  2.7972650E-04 -4.256062767268366E-03  2.7851458E-04 -2.277563012761313E-03  2.7959109E-04 -2.149680938002698E-03  2.7896012E-04  1.042151596617308E-03  2.7908225E-04 -1.662008728029054E-03  2.7964500E-04  1.476956269294142E-05          0
 225.0  1.861304393996001E-02  2.7327418E-04 -1.538892186796498E-02  2.7671970E-04 -9.503945701746497E-03  2.7812004E-04  1.718614724585088E-02  2.7852255E-04  6.634597197061866E-03  2.7945326E-04 -3.181804188850515E-03  2.7882155E-04 -3.096735688849339E-03  2.7975335E-04 -8.942344862884897E-04  2.7882917E-04  2.011716801813320E-03  2.7904201E-04 -2.262858866749115E-03  2.7968377E-04  1.467597000447844E-05          0
 230.0  1.462459956167542E-02  2.7381137E-04 -1.552321216318405E-02  2.7655211E-04 -5.855960600618077E-03  2.7804822E-04  1.662524684137127E-02  2.7866636E-04  6.203235895762099E-03  2.7914051E-04 -2.342523674886936E-03  2.7915625E-04 -3.685597522939382E-03  2.7980425E-04  6.786733556192817E-04  2.7880463E-04  3.004342828852922E-03  2.7907239E-04 -2.077039289978964E-03  2.7965518E-04  1.458576996647650E-05          0
 235.0  1.092980238441520E-02  2.7432263E-04 -1.569965884374452E-02  2.7639175E-04 -2.388853834195301E-03  2.7799329E-04  1.549251657797509E-02  2.7879346E-04  5.839984472749617E-03  2.7880160E-04 -1.894603815955422E-03  2.7950911E-04 -3.853825524543110E-03  2.7965083E-04  1.999078437221394E-03  2.7898505E-04  4.306254343720282E-03  2.7919986E-04 -1.244201550225170E-03  2.7953535E-04  1.449744583865030E-05          0
 240.0  7.447088664061928E-03  2.7479419E-04 -1.584452837361944E-02  2.7624543E-04  7.578674484724377E-04  2.7797420E-04  1.393335095389570E-02  2.7888822E-04  5.613091445754082E-03  2.7849542E-04 -1.681891855273870E-03  2.7982389E-04 -3.599565704762269E-03  2.7941611E-04  2.868285411765436E-03  2.7924805E-04  5.736274877427156E-03  2.7929762E-04 -1.688752552140326E-04  2.7945712E-04  1.441104715652999E-05          0
 245.0  4.175076068877993E-03  2.7524631E-04 -1.600085710188340E-02  2.7610345E-04  3.673809465914664E-03  2.7796569E-04  1.197358024526852E-02  2.7897795E-04  5.451090985199821E-03  2.7832450E-04 -1.621298480932735E-03  2.8000099E-04 -3.250131351188230E-03  2.7920223E-04  3.062974100646768E-03  2.7949094E-04  6.752463857663151E-03  2.7932089E-04  1.104858072182511E-03  2.7945429E-04  1.432238246423018E-05          0
 250.0  1.072386567736519E-03  2.7565998E-04 -1.609261306331818E-02  2.7598231E-04  6.181157425195439E-03  2.7797803E-04  9.793598027192365E-03  2.7904611E-04  5.045809030988524E-03  2.7829621E-04 -1.720520579071612E-03  2.8004035E-04 -2.824399139428289E-03  2.7909355E-04  2.752257855219601E-03  2.7962081E-04  7.316211509738669E-03  2.7939419E-04  2.155928360322599E-03  2.7940336E-04  1.423753738448050E-05          0
 255.0 -1.852418696739934E-03  2.7604283E-04 -1.613805604439810E-02  2.7587857E-04  8.309368411388412E-03  2.7805026E-04  7.413218096298973E-03  2.7905683E-04  4.520101808444889E-03  2.7835557E-04 -2.178120102199899E-03  2.8000256E-04 -2.150154279864566E-03  2.7912220E-04  1.981449242267387E-03  2.7960743E-04  7.206542145737624E-03  2.7955605E-04  2.582685337777287E-03  2.7926076E-04  1.415519463878937E-05          0
 260.0 -4.601271578129138E-03  2.7637892E-04 -1.614134768461191E-02  2.7581384E-04  9.932088214777661E-03  2.7816304E-04  4.963442248300124E-03  2.7903497E-04  3.742960589011464E-03  2.7846188E-04 -2.696851599090764E-03  2.7992606E-04 -1.438012624921831E-03  2.7917548E-04  8.742349417102560E-04  2.7956318E-04  6.381104830049216E-03  2.7963948E-04  2.551145261652886E-03  2.7919544E-04  1.407313738895754E-05          0
 265.0 -7.225604972483694E-03  2.7667286E-04 -1.609838414251858E-02  2.7578245E-04  1.110345063169030E-02  2.7831127E-04  2.577694323584836E-03  2.7898491E-04  2.890920033192110E-03  2.7862961E-04 -3.186248885739839E-03  2.7978903E-04 -7.034234404205891E-04  2.7914378E-04 -3.746182518109453E-04  2.7959817E-04  4.911641598475456E-03  2.7959922E-04  1.857012262354061E-03  2.7925122E-04  1.399334494214719E-05          0
 270.0 -9.693977609949472E-03  2.7691976E-04 -1.600400384795091E-02  2.7578766E-04  1.180998452815612E-02  2.7850642E-04  3.366280920534398E-04  2.7889566E-04  2.176225372112016E-03  2.7882709E-04 -3.499518510375164E-03  2.7962179E-04  1.723877726043464E-04  2.7910925E-04 -1.304281833854173E-03  2.7962955E-04  2.676029749978299E-03  2.7944883E-04  8.664265076478420E-04  2.7941139E-04  1.391760430161821E-05          0
 275.0 -1.206006422816101E-02  2.7713185E-04 -1.578562921570973E-02  2.7581843E-04  1.217963584842781E-02  2.7871676E-04 -1.719315854746141E-03  2.7878988E-04  1.365546405540352E-03  2.7898337E-04 -3.603960729633035E-03  2.7949202E-04  1.060596165838724E-03  2.7909176E-04 -1.818720574505989E-03  2.7963880E-04  8.068520848618279E-05  2.7930532E-04 -3.421796559622077E-04  2.7955813E-04  1.384185381031023E-05          0
 280.0 -1.427980202674888E-02  2.7731235E-04 -1.557376817233960E-02  2.7587164E-04  1.224983180811551E-02  2.7891909E-04 -3.420565573279097E-03  2.7868844E-04  4.055156124107443E-04  2.7914699E-04 -3.482835830094376E-03  2.7935201E-04  1.897417303359410E-03  2.7910726E-04 -2.007074816186352E-03  2.7961594E-04 -2.567485211640711E-03  2.7936644E-04 -1.126968833575632E-03  2.7949969E-04  1.376865648093103E-05          0
 285.0 -1.637117146284535E-02  2.7745979E-04 -1.525994431550980E-02  2.7594785E-04  1.204665052772587E-02  2.7913191E-04 -4.798853930297125E-03  2.7857219E-04 -6.267348589320807E-04  2.7929271E-04 -3.106788281672289E-03  2.7922924E-04  2.881785193050252E-03  2.7912430E-04 -1.933680879639985E-03  2.7959964E-04 -4.562066557631320E-03  2.7947564E-04 -1.598910721880571E-03  2.7938956E-04  1.369653894956384E-05          0
 290.0 -1.833956683788168E-02  2.7758704E-04 -1.485048505161984E-02  2.7603588E-04  1.168277904827581E-02  2.7934713E-04 -5.783913151168231E-03  2.7844874E-04 -1.622605584765462E-03  2.7947295E-04 -2.461104404604993E-03  2.7907005E-04  3.999486442197974E-03  2.7915808E-04 -1.531492859161279E-03  2.7957033E-04 -5.802536183386294E-03  2.7954621E-04 -1.817284480750433E-03  2.7932120E-04  1.362634814457511E-05          0
 295.0 -2.014908109840637E-02  2.7770992E-04 -1.435592326962217E-02  2.7612009E-04  1.130300486104337E-02  2.7954443E-04 -6.437824615504045E-03  2.7833379E-04 -2.477584420204415E-03  2.7962198E-04 -1.546990442849602E-03  2.7893949E-04  5.128298852684113E-03  2.7923851E-04 -8.320122490533413E-04  2.7950134E-04 -6.833918546852844E-03  2.7952376E-04 -1.915192158405043E-03  2.7934943E-04  1.355570322588944E-05          0
 300.0 -2.187264824552836E-02  2.7781997E-04 -1.374290175429885E-02  2.7620705E-04  1.088354915468508E-02  2.7969201E-04 -6.782816573282079E-03  2.7826191E-04 -3.206952107760922E-03  2.7974263E-04 -5.162447917016711E-04  2.7883509E-04  6.001423892059079E-03  2.7925314E-04  8.923326201033203E-05  2.7950396E-04 -7.122782005038873E-03  2.7949270E-04 -1.765564760127703E-03  2.7938659E-04  1.348631588466504E-05          0
 305.0 -2.351362969811216E-02  2.7791989E-04 -1.304011851423386E-02  2.7629439E-04  1.047492146356669E-02  2.7981401E-04 -6.863918913141431E-03  2.7820769E-04 -3.683299397730154E-03  2.7977825E-04  4.820677713356176E-04  2.7881590E-04  6.727463102418511E-03  2.7927624E-04  9.043956614548361E-04  2.7949768E-04 -7.009065421521711E-03  2.7955206E-04 -1.513518559067839E-03  2.7933221E-04  1.341995350726036E-05          0
 310.0 -2.507080469613883E-02  2.7800589E-04 -1.228106654298164E-02  2.7638324E-04  1.007036318158443E-02  2.7993193E-04 -6.728695617567852E-03  2.7815066E-04 -3.847514257036847E-03  2.7974382E-04  1.486088448413196E-03  2.7887065E-04  7.407694824302805E-03  2.7929171E-04  1.456249418710113E-03  2.7949804E-04 -6.457891287109240E-03  2.7973714E-04 -1.353176569436116E-03  2.7915577E-04  1.335226604567580E-05          0
 315.0 -2.650445466961648E-02  2.7806829E-04 -1.143891233990928E-02  2.7648992E-04  9.588192314121169E-03  2.7998112E-04 -6.320402354789622E-03  2.7815601E-04 -3.745758230695731E-03  2.7962368E-04  2.322113379643475E-03  2.7901140E-04  7.553425976616917E-03  2.7936971E-04  1.984557602731596E-03  2.7943694E-04 -5.815818791136261E-03  2.7976322E-04 -1.394145605139174E-03  2.7913805E-04  1.328767483330036E-05          0
 320.0 -2.780317706820723E-02  2.7812132E-04 -1.047144354394644E-02  2.7659511E-04  9.149130996807064E-03  2.7997394E-04 -5.804138087111312E-03  2.7820937E-04 -3.390107421119312E-03  2.7943273E-04  2.925050906375146E-03  2.7922355E-04  7.232556272825407E-03  2.7951335E-04  2.212013206039782E-03  2.7930662E-04 -5.090081476545397E-03  2.7966568E-04 -1.312797986153438E-03  2.7923765E-04  1.322524678413989E-05          0
 325.0 -2.897220965662040E-02  2.7816124E-04 -9.434701298523678E-03  2.7670521E-04  8.720757976504134E-03  2.7990487E-04 -5.247568935542728E-03  2.7831466E-04 -2.922538594852664E-03  2.7925934E-04  3.261789826914555E-03  2.7941704E-04  6.415430400375906E-03  2.7960429E-04  2.032615158506683E-03  2.7922609E-04 -4.072079665601642E-03  2.7957174E-04 -8.311867139378982E-04  2.7932971E-04  1.316425901615205E-05          0
 330.0 -2.999129541484227E-02  2.7818284E-04 -8.286343632601854E-03  2.7682595E-04  8.268610054819620E-03  2.7977470E-04 -4.609834086062288E-03  2.7847197E-04 -2.364107454129829E-03  2.7909951E-04  3.217007204849139E-03  2.7959725E-04  5.112787626793019E-03  2.7956699E-04  1.627430898330530E-03  2.7927442E-04 -2.935237635018856E-03  2.7947110E-04 -1.321099491978592E-05  2.7942633E-04  1.310365914544192E-05          0
 335.0 -3.083621069987393E-02  2.7819638E-04 -7.036419953300998E-03  2.7694640E-04  7.852378259312180E-03  2.7959112E-04 -4.011194377001810E-03  2.7867555E-04 -1.925262698032098E-03  2.7903409E-04  2.910560155440046E-03  2.7968321E-04  3.410982826357317E-03  2.7944583E-04  1.159126599567110E-03  2.7940643E-04 -1.835567941824969E-03  2.7942396E-04  9.430527260405568E-04  2.7947526E-04  1.304384625596363E-05          0
 340.0 -3.150648577880328E-02  2.7820328E-04 -5.684153330764713E-03  2.7706502E-04  7.463463392118834E-03  2.7937696E-04 -3.378737697904121E-03  2.7890508E-04 -1.526100733350790E-03  2.7903095E-04  2.286361189815912E-03  2.7969977E-04  1.510418392570669E-03  2.7936879E-04  5.535410104291611E-04  2.7949085E-04 -6.676743274194100E-04  2.7943099E-04  2.007608216389462E-03  2.7947385E-04  1.298407488888456E-05          0
 345.0 -3.206732260129005E-02  2.7820068E-04 -4.290571249747096E-03  2.7718371E-04  7.073576490385232E-03  2.7916394E-04 -2.685114063239430E-03  2.7913108E-04 -1.160959143674993E-03  2.7904706E-04  1.453938410565091E-03  2.7969046E-04 -3.446312602026812E-04  2.7935462E-04 -1.817993404202264E-04  2.7950734E-04  4.879654879786557E-04  2.7941880E-04  2.993544241597419E-03  2.7949578E-04  1.292769705931914E-05          0
 350.0 -3.244636610876604E-02  2.7819087E-04 -2.862173763186569E-03  2.7730102E-04  6.673208571809627E-03  2.7896180E-04 -2.093253498910660E-03  2.7934652E-04 -7.593175610991179E-04  2.7908925E-04  4.742215150390604E-04  2.7965617E-04 -2.062299886810509E-03  2.7936584E-04 -9.366806703183673E-04  2.7950004E-04  1.553150686003364E-03  2.7937293E-04  3.496269545616680E-03  2.7954898E-04  1.286912121359623E-05          0
 355.0 -3.266061504649603E-02  2.7818790E-04 -1.367203912781305E-03  2.7740488E-04  6.334238403567310E-03  2.7877553E-04 -1.678842971381593E-03  2.7954347E-04 -2.471945671046607E-04  2.7912739E-04 -3.659878422597950E-04  2.7961973E-04 -3.574693226202796E-03  2.7940508E-04 -1.541503567826551E-03  2.7946285E-04  2.789020296735398E-03  2.7939031E-04  3.836380923342953E-03  2.7953430E-04  1.281389220631813E-05          0
 360.0 -3.268540857133044E-02  2.7819289E-04  1.161575855352088E-04  2.7749139E-04  6.059921490911536E-03  2.7861012E-04 -1.456332660422430E-03  2.7971772E-04  2.678530594629211E-04  2.7913052E-04 -1.200650633253896E-03  2.7961343E-04 -4.856449677706374E-03  2.7945615E-04 -2.000537380767739E-03  2.7941093E-04  3.687456049123153E-03  2.7954350E-04  3.680366913534341E-03  2.7938224E-04  1.275803135891518E-05          0
 365.0 -3.256258123104380E-02  2.7820902E-04  1.642388797081125E-03  2.7756071E-04  5.836721580818527E-03  2.7845629E-04 -1.334421060669147E-03  2.7987922E-04  8.798011651309237E-04  2.7912951E-04 -1.865516306978388E-03  2.7960934E-04 -5.993481015708715E-03  2.7949471E-04 -2.406858332429431E-03  2.7937564E-04  4.109241997099057E-03  2.7962784E-04  3.300795991543547E-03  2.7929449E-04  1.270484184873667E-05          0
 370.0 -3.225743306386927E-02  2.7822614E-04  3.164506219751407E-03  2.7762274E-04  5.593346071719722E-03  2.7831151E-04 -1.205654867436039E-03  2.8003225E-04  1.619678323228985E-03  2.7911798E-04 -2.191555049835504E-03  2.7961621E-04 -7.022816744286109E-03  2.7950174E-04 -2.378724351170348E-03  2.7937029E-04  3.675754744789558E-03  2.7960919E-04  2.789268349244832E-03  2.7931054E-04  1.265183474894251E-05          0
 375.0 -3.176224714363435E-02  2.7824958E-04  4.693277906890732E-03  2.7767239E-04  5.343261365257897E-03  2.7823269E-04 -1.230143608374114E-03  2.8011908E-04  2.514493466700167E-03  2.7909908E-04 -2.462473248759692E-03  2.7963262E-04 -7.561805383515565E-03  2.7949979E-04 -2.336463625195890E-03  2.7937353E-04  2.624242837917255E-03  2.7952599E-04  2.241377823340072E-03  2.7939530E-04  1.260000155592684E-05          0
 380.0 -3.108130684981004E-02  2.7827651E-04  6.208938515569024E-03  2.7771228E-04  5.068868742992045E-03  2.7823463E-04 -1.363222049266661E-03  2.8012707E-04  3.240525293976631E-03  2.7908844E-04 -2.496152130217165E-03  2.7964417E-04 -7.526976527864559E-03  2.7957307E-04 -2.213191418705756E-03  2.7930515E-04  1.157981118488024E-03  2.7951920E-04  1.907678998226541E-03  2.7940659E-04  1.254757139823278E-05          0
 385.0 -3.024816689280495E-02  2.7829097E-04  7.686202953832653E-03  2.7775764E-04  4.660572506246365E-03  2.7830366E-04 -1.530535784349897E-03  2.8007125E-04  3.912958935024414E-03  2.7914399E-04 -2.159465533708064E-03  2.7959046E-04 -7.033442805791384E-03  2.7964906E-04 -2.204084330766172E-03  2.7923481E-04 -1.487963667003040E-04  2.7969680E-04  1.820427780146113E-03  2.7923541E-04  1.249726911749912E-05          0
 390.0 -2.924908714616416E-02  2.7830961E-04  9.085502748946711E-03  2.7779556E-04  4.221844667106151E-03  2.7839257E-04 -1.740712471346477E-03  2.7999892E-04  4.668736108518682E-03  2.7919356E-04 -1.600182733156936E-03  2.7954158E-04 -6.420092337398901E-03  2.7967793E-04 -2.306881050790598E-03  2.7920962E-04 -1.204914035793063E-03  2.7977398E-04  2.098586879867068E-03  2.7916549E-04  1.244767176662084E-05          0
 395.0 -2.807824199597351E-02  2.7833579E-04  1.038489378606409E-02  2.7782192E-04  3.801045975730927E-03  2.7851401E-04 -2.034353360351397E-03  2.7989476E-04  5.385558809368598E-03  2.7920579E-04 -9.215254078652191E-04  2.7953481E-04 -5.600336945703499E-03  2.7970708E-04 -2.164627058233514E-03  2.7918540E-04 -1.995678927374599E-03  2.7973108E-04  2.127252162701064E-03  2.7921287E-04  1.239741891274894E-05          0
 400.0 -2.673255862862593E-02  2.7836285E-04  1.159415737655204E-02  2.7784616E-04  3.336490001436720E-03  2.7863062E-04 -2.350404526431973E-03  2.7979726E-04  6.100146692571446E-03  2.7922635E-04 -1.356716759379663E-04  2.7952522E-04 -4.841924388438988E-03  2.7962003E-04 -1.909385613777558E-03  2.7927482E-04 -2.399341894363680E-03  2.7963145E-04  1.896491872058979E-03  2.7931383E-04  1.234814596872163E-05          0
 405.0 -2.523929111400441E-02  2.7837038E-04  1.268325077833874E-02  2.7788649E-04  2.714347266745899E-03  2.7875939E-04 -2.656983818119968E-03  2.7968726E-04  6.689941738629942E-03  2.7923630E-04  6.532658141043424E-04  2.7952625E-04 -3.992731261249261E-03  2.7951932E-04 -1.377330855062017E-03  2.7937541E-04 -2.415125379237393E-03  2.7943686E-04  1.566178976530039E-03  2.7950769E-04  1.230170216953692E-05          0
 410.0 -2.368883875254324E-02  2.7837379E-04  1.362900049653915E-02  2.7792496E-04  2.077366133025430E-03  2.7889300E-04 -2.837729240709160E-03  2.7957233E-04  7.248610870125848E-03  2.7927493E-04  1.420913616586958E-03  2.7949918E-04 -3.084217207234281E-03  2.7944220E-04 -6.723566962720030E-04  2.7945046E-04 -2.062004999313837E-03  2.7935486E-04  1.306239838950995E-03  2.7958548E-04  1.225347301039998E-05          0
 415.0 -2.209413825712435E-02  2.7837737E-04  1.446692522462903E-02  2.7796044E-04  1.454454323243597E-03  2.7901673E-04 -2.912063175595406E-03  2.7946615E-04  7.566233194475755E-03  2.7929582E-04  2.160404856055102E-03  2.7948992E-04 -2.208046333074367E-03  2.7940421E-04  9.894515144024838E-05  2.7948736E-04 -1.662436453074843E-03  2.7943067E-04  1.166044359678631E-03  2.7950300E-04  1.220663584174564E-05          0
 420.0 -2.040599313147883E-02  2.7837817E-04  1.515901652968129E-02  2.7799602E-04  8.547702191235764E-04  2.7912038E-04 -2.903176653043497E-03  2.7937661E-04  7.696599697589885E-03  2.7936748E-04  2.665082079713750E-03  2.7942776E-04 -1.427721652679470E-03  2.7939970E-04  1.109751945648181E-03  2.7949420E-04 -1.446990990495055E-03  2.7946933E-04  1.048592462215770E-03  2.7946199E-04  1.216029094599170E-05          0
 425.0 -1.863506176206779E-02  2.7837084E-04  1.578010440959575E-02  2.7803570E-04  2.673295204790569E-04  2.7924865E-04 -2.757054795635964E-03  2.7926120E-04  7.501746053318510E-03  2.7945848E-04  2.969873791951082E-03  2.7934888E-04 -4.322900735464297E-04  2.7940727E-04  2.044227850486446E-03  2.7949210E-04 -1.287136805308238E-03  2.7945619E-04  1.039566365903867E-03  2.7947437E-04  1.211511101008374E-05          0
 430.0 -1.677730241066350E-02  2.7836381E-04  1.628860422859703E-02  2.7807798E-04 -2.629197222640011E-04  2.7937009E-04 -2.461612043416534E-03  2.7915434E-04  6.945123148576798E-03  2.7955098E-04  3.044822276633668E-03  2.7926818E-04  5.288952319207679E-04  2.7938187E-04  2.946966189559518E-03  2.7952707E-04 -1.269588933590356E-03  2.7946722E-04  1.360193074227299E-03  2.7946536E-04  1.207062420744650E-05          0
 435.0 -1.488762232486469E-02  2.7835389E-04  1.666813106496046E-02  2.7812616E-04 -7.499963711475259E-04  2.7948761E-04 -2.095622798459225E-03  2.7905363E-04  6.167560283802132E-03  2.7959896E-04  3.015445420387719E-03  2.7923122E-04  1.454170352859382E-03  2.7933035E-04  3.659407528259234E-03  2.7958675E-04 -1.550960699752659E-03  2.7954812E-04  1.839346162344472E-03  2.7938967E-04  1.202539340374751E-05          0
 440.0 -1.295915195395275E-02  2.7832331E-04  1.685673547152368E-02  2.7819740E-04 -1.300062295627252E-03  2.7958467E-04 -1.595454853727685E-03  2.7897215E-04  5.310134162909123E-03  2.7958260E-04  2.794452631154269E-03  2.7925888E-04  2.218175054149364E-03  2.7927608E-04  3.987516578012175E-03  2.7964675E-04 -1.706386991705892E-03  2.7957655E-04  2.286327321741612E-03  2.7936756E-04  1.198303807134023E-05          0
 445.0 -1.107143645075933E-02  2.7828413E-04  1.692424127190813E-02  2.7827519E-04 -1.813582657556998E-03  2.7969758E-04 -9.754841250867385E-04  2.7887338E-04  4.214871643154436E-03  2.7951765E-04  2.360262636511973E-03  2.7933222E-04  3.065813190958193E-03  2.7929761E-04  4.055110377166460E-03  2.7962848E-04 -1.872692106165680E-03  2.7957806E-04  2.532021236927741E-03  2.7937065E-04  1.193826092058616E-05          0
 450.0 -9.228257147815016E-03  2.7825717E-04  1.682739692096025E-02  2.7834124E-04 -2.144247806543215E-03  2.7976683E-04 -1.919890363178650E-04  2.7881549E-04  2.881112798060488E-03  2.7939693E-04  1.763989384342328E-03  2.7945992E-04  3.569434802933267E-03  2.7943297E-04  3.771178214444663E-03  2.7949471E-04 -1.940302922323122E-03  2.7953954E-04  2.387591393914416E-03  2.7941180E-04  1.189477525814700E-05          0
 455.0 -7.440657422583149E-03  2.7822983E-04  1.661663988694498E-02  2.7840979E-04 -2.400122484603934E-03  2.7979201E-04  6.758538253412748E-04  2.7880047E-04  1.477337649751058E-03  2.7931694E-04  1.054274937285484E-03  2.7954296E-04  3.719529001343722E-03  2.7953792E-04  3.318120285381539E-03  2.7938621E-04 -1.915085826246063E-03  2.7946628E-04  1.994192598247480E-03  2.7948237E-04  1.185624662319127E-05          0
 460.0 -5.663698016490673E-03  2.7820695E-04  1.627745692339937E-02  2.7847423E-04 -2.535581668064868E-03  2.7977721E-04  1.439921382590958E-03  2.7882584E-04 -5.440401849040113E-05  2.7931514E-04  2.618100659115361E-04  2.7954554E-04  3.539737313130604E-03  2.7957119E-04  2.922539047099732E-03  2.7935025E-04 -1.726810881780287E-03  2.7941209E-04  1.405260024504593E-03  2.7953319E-04  1.181531551835286E-05          0
 465.0 -3.951980191877766E-03  2.7819601E-04  1.583402609253557E-02  2.7852582E-04 -2.517289043268412E-03  2.7972765E-04  2.145612455005404E-03  2.7888842E-04 -1.470560570992553E-03  2.7936558E-04 -5.065797978517283E-04  2.7949612E-04  3.074787914954524E-03  2.7952000E-04  2.649390982688929E-03  2.7940042E-04 -1.471149992660155E-03  2.7942413E-04  5.424898260800713E-04  2.7951982E-04  1.177403980505264E-05          0
 470.0 -2.308222229385232E-03  2.7818858E-04  1.524334491935942E-02  2.7857405E-04 -2.417210094946951E-03  2.7960219E-04  2.603316306041904E-03  2.7902903E-04 -2.917000148713517E-03  2.7941114E-04 -1.233969501978153E-03  2.7944957E-04  2.054360764985317E-03  2.7952752E-04  2.324239399486017E-03  2.7939410E-04 -1.479643643422181E-03  2.7938539E-04 -4.860371842639133E-04  2.7955918E-04  1.173343893631673E-05          0
 475.0 -7.420474758545371E-04  2.7819001E-04  1.451628353601859E-02  2.7861457E-04 -2.213870199728595E-03  2.7943886E-04  2.934911536445593E-03  2.7920983E-04 -4.071538726723561E-03  2.7945917E-04 -1.890711719802325E-03  2.7940127E-04  7.600144057124663E-04  2.7955946E-04  1.933920934261597E-03  2.7936651E-04 -1.455692417636286E-03  2.7932084E-04 -1.304050344868221E-03  2.7962685E-04  1.169390101076946E-05          0
 480.0  7.668255557653706E-04  2.7818626E-04  1.372240831323796E-02  2.7866000E-04 -2.029558704520396E-03  2.7927961E-04  3.108495581579518E-03  2.7938671E-04 -5.165095807395153E-03  2.7951252E-04 -2.217241479373244E-03  2.7934817E-04 -4.848740343394074E-04  2.7965982E-04  1.663438304575011E-03  2.7927275E-04 -1.253094857134546E-03  2.7933939E-04 -1.933602532850138E-03  2.7961156E-04  1.165536697863034E-05          0
 485.0  2.218720752952375E-03  2.7817594E-04  1.285470754732226E-02  2.7870958E-04 -1.880712375609635E-03  2.7915350E-04  3.173079929343967E-03  2.7952890E-04 -6.128324045042097E-03  2.7953148E-04 -2.353668851768081E-03  2.7932953E-04 -1.469950202781898E-03  2.7978503E-04  1.635413186771026E-03  2.7915511E-04 -1.005910026727275E-03  2.7932857E-04 -2.271922369838653E-03  2.7962802E-04  1.161694611553054E-05          0
 490.0  3.588753796042630E-03  2.7818636E-04  1.191891841901183E-02  2.7873865E-04 -1.588142370266972E-03  2.7907647E-04  3.137377784663770E-03  2.7961933E-04 -6.686893701906972E-03  2.7951876E-04 -2.331523507463481E-03  2.7934371E-04 -2.077436631881111E-03  2.7982276E-04  1.496948103456372E-03  2.7912428E-04 -9.973922664951174E-04  2.7932909E-04 -2.494935939580072E-03  2.7962951E-04  1.157777633462129E-05          0
 495.0  4.925911871037245E-03  2.7821008E-04  1.086770503525420E-02  2.7875656E-04 -1.225381706470050E-03  2.7899824E-04  3.054689282518185E-03  2.7971035E-04 -6.970268113906317E-03  2.7948724E-04 -2.192456156016640E-03  2.7937707E-04 -2.678264786226654E-03  2.7972246E-04  1.651520932103363E-03  2.7922831E-04 -7.317062134862925E-04  2.7926131E-04 -2.633509879998702E-03  2.7969726E-04  1.153934526991830E-05          0
 500.0  6.154798648041794E-03  2.7823674E-04  9.813543848387318E-03  2.7877249E-04 -8.795563376652956E-04  2.7895426E-04  2.925349068849970E-03  2.7976536E-04 -7.142852998700679E-03  2.7949907E-04 -2.111532465160952E-03  2.7936733E-04 -3.011574024550634E-03  2.7959854E-04  1.860155252895737E-03  2.7935148E-04 -4.203631983976797E-04  2.7929729E-04 -2.533834631513094E-03  2.7965972E-04  1.150267280419316E-05          0
 505.0  7.311213224623485E-03  2.7825841E-04  8.667219655508790E-03  2.7879327E-04 -6.045342072112811E-04  2.7897370E-04  2.669649484131492E-03  2.7975659E-04 -7.256219099921409E-03  2.7953349E-04 -2.115231228155465E-03  2.7933700E-04 -2.875517306051671E-03  2.7944312E-04  2.032934157659129E-03  2.7950312E-04  1.539644718142935E-04  2.7937927E-04 -2.385282143537510E-03  2.7957661E-04  1.146632430188063E-05          0
 510.0  8.377323930205658E-03  2.7829157E-04  7.535349038783718E-03  2.7880363E-04 -3.107499933618563E-04  2.7897531E-04  2.268516647938989E-03  2.7976209E-04 -7.169230175809099E-03  2.7956507E-04 -2.158547609624999E-03  2.7931052E-04 -2.855618242341750E-03  2.7939888E-04  1.944348455761221E-03  2.7954235E-04  9.196963672404692E-04  2.7948019E-04 -2.119108855647716E-03  2.7947657E-04  1.142900747323301E-05          0
 515.0  9.342979202996298E-03  2.7832015E-04  6.368374420666453E-03  2.7881990E-04 -1.063720461139402E-04  2.7899761E-04  1.727282235487835E-03  2.7974516E-04 -6.848913207084259E-03  2.7960831E-04 -2.070856991099003E-03  2.7927231E-04 -2.690852495095564E-03  2.7936562E-04  1.823802044382510E-03  2.7956808E-04  1.432482424942993E-03  2.7965107E-04 -1.671988709302007E-03  2.7930889E-04  1.139394889007758E-05          0
 520.0  1.022334009382490E-02  2.7835341E-04  5.215873850575797E-03  2.7883091E-04  8.400574215430899E-05  2.7903612E-04  1.040685400496891E-03  2.7971095E-04 -6.399892102302363E-03  2.7967093E-04 -1.854764093293083E-03  2.7921529E-04 -2.419707526311688E-03  2.7941798E-04  1.764535317024528E-03  2.7950886E-04  1.667827212913924E-03  2.7972153E-04 -1.204053713506664E-03  2.7924410E-04  1.135855877789663E-05          0
 525.0  1.103047766847748E-02  2.7839679E-04  4.105524566968179E-03  2.7883261E-04  2.845108938803108E-04  2.7906803E-04  4.214381429960940E-04  2.7968195E-04 -5.944479398500895E-03  2.7970750E-04 -1.600611947929897E-03  2.7918389E-04 -2.206860296323814E-03  2.7945721E-04  1.535115270829032E-03  2.7946650E-04  1.431263009980026E-03  2.7971653E-04 -7.440106592009587E-04  2.7925567E-04  1.132289563103678E-05          0
 530.0  1.175266394272954E-02  2.7844191E-04  3.050716155278710E-03  2.7883319E-04  4.431724269074685E-04  2.7910159E-04 -1.644851862741014E-04  2.7965168E-04 -5.444668586180061E-03  2.7965623E-04 -1.325177918348742E-03  2.7923937E-04 -1.999719807359246E-03  2.7944241E-04  1.476725176548508E-03  2.7948326E-04  9.228621308108797E-04  2.7963900E-04 -3.134383744837694E-04  2.7934014E-04  1.128875948297069E-05          0
 535.0  1.238724096313795E-02  2.7849345E-04  2.009559887366038E-03  2.7882990E-04  6.034047953800679E-04  2.7913018E-04 -6.539054317728531E-04  2.7962522E-04 -4.979323236839342E-03  2.7957077E-04 -1.066900900751946E-03  2.7932678E-04 -1.826822113281289E-03  2.7941392E-04  1.580271642353906E-03  2.7951663E-04  3.551114855659481E-04  2.7957639E-04  5.661389803633890E-04  2.7940850E-04  1.125296359049373E-05          0
 540.0  1.287840390781484E-02  2.7855884E-04  9.816141076762286E-04  2.7881181E-04  8.266693841183099E-04  2.7914617E-04 -1.126202779227194E-03  2.7960868E-04 -4.410797177774631E-03  2.7947979E-04 -6.772973855229967E-04  2.7941731E-04 -1.735020193641318E-03  2.7940231E-04  1.639121549914588E-03  2.7953304E-04 -3.208749787412796E-04  2.7958560E-04  1.500485326073484E-03  2.7940155E-04  1.121957724748379E-05          0
 545.0  1.325163196650707E-02  2.7863408E-04 -2.276586794135518E-05  2.7878558E-04  1.088039800868445E-03  2.7915210E-04 -1.513589793741850E-03  2.7959899E-04 -3.753468184602607E-03  2.7935651E-04 -3.714414586155671E-04  2.7953865E-04 -1.700211533986313E-03  2.7949626E-04  1.921650297773357E-03  2.7944449E-04 -9.667171183772681E-04  2.7955968E-04  2.223623706846908E-03  2.7942608E-04  1.118500734748356E-05          0
 550.0  1.350704401324217E-02  2.7872056E-04 -9.671098496632060E-04  2.7874864E-04  1.407248229882355E-03  2.7914672E-04 -1.765540748198238E-03  2.7960008E-04 -3.129077778255310E-03  2.7926804E-04  6.642932655391239E-05  2.7962578E-04 -1.735671306248927E-03  2.7959621E-04  2.264410453484737E-03  2.7934951E-04 -1.144243875857218E-03  2.7951287E-04  2.435307882748716E-03  2.7946757E-04  1.115090238672724E-05          0
 555.0  1.364311321969826E-02  2.7881902E-04 -1.862850811597777E-03  2.7869870E-04  1.814636608045365E-03  2.7914806E-04 -1.928585533654190E-03  2.7959396E-04 -2.408034717035054E-03  2.7928058E-04  4.945395320724996E-04  2.7961311E-04 -1.709874016534653E-03  2.7962141E-04  2.437435840425873E-03  2.7932879E-04 -9.591993495710982E-04  2.7949308E-04  2.620220578419120E-03  2.7948218E-04  1.111726038883101E-05          0
 560.0  1.367715718623214E-02  2.7891751E-04 -2.721066972690023E-03  2.7864839E-04  2.223550483910950E-03  2.7914241E-04 -1.948654870844709E-03  2.7959441E-04 -1.605833466725491E-03  2.7928191E-04  1.169699471926379E-03  2.7961357E-04 -1.730293696212745E-03  2.7957029E-04  2.509458213347901E-03  2.7938145E-04 -7.717964304822830E-04  2.7944560E-04  2.643496785647764E-03  2.7952549E-04  1.108476815017317E-05          0
 565.0  1.363086107724112E-02  2.7902031E-04 -3.505012736221326E-03  2.7859476E-04  2.663487234335955E-03  2.7910441E-04 -1.819692406606702E-03  2.7962692E-04 -8.476677876272418E-04  2.7929142E-04  1.744053998774924E-03  2.7960699E-04 -1.969623768851647E-03  2.7951043E-04  2.430582589255075E-03  2.7943872E-04 -2.941346433296552E-04  2.7946868E-04  2.488173820317202E-03  2.7950002E-04  1.105369146238653E-05          0
 570.0  1.356327577399746E-02  2.7912824E-04 -4.160829032682846E-03  2.7853493E-04  3.168613118543341E-03  2.7908464E-04 -1.540225027454891E-03  2.7964280E-04 -1.105360024414310E-04  2.7933857E-04  2.242289896594063E-03  2.7956353E-04 -2.074378012736134E-03  2.7949903E-04  2.219169984363533E-03  2.7944527E-04  1.135384358448329E-04  2.7950254E-04  1.932152483124919E-03  2.7946584E-04  1.101947136911437E-05          0
 575.0  1.344271179352441E-02  2.7924650E-04 -4.707108096330749E-03  2.7846474E-04  3.767008824874594E-03  2.7907908E-04 -1.199860082554961E-03  2.7964485E-04  6.766838126840585E-04  2.7936632E-04  2.631555465377684E-03  2.7953980E-04 -2.073413267676407E-03  2.7948361E-04  1.706460913378830E-03  2.7945735E-04  3.943237477008559E-04  2.7952187E-04  1.262969151461255E-03  2.7945193E-04  1.098846205938812E-05          0
 580.0  1.323509480224814E-02  2.7936073E-04 -5.203694045812132E-03  2.7839875E-04  4.358861955524429E-03  2.7908161E-04 -8.125567350808862E-04  2.7964074E-04  1.606271398413498E-03  2.7939241E-04  3.006963198079691E-03  2.7951845E-04 -2.014520126362364E-03  2.7945069E-04  9.380227883742148E-04  2.7948958E-04  4.085804122364782E-04  2.7943886E-04  7.209387400822856E-04  2.7954185E-04  1.095771495137595E-05          0
 585.0  1.296521904901098E-02  2.7948057E-04 -5.687588944011505E-03  2.7832470E-04  5.027784599792058E-03  2.7911216E-04 -3.746973857626925E-04  2.7961031E-04  2.533280014079132E-03  2.7939575E-04  3.349812948424758E-03  2.7951904E-04 -1.758442329580295E-03  2.7945948E-04  6.226363832868481E-05  2.7948148E-04  2.279514193579552E-04  2.7940319E-04  2.501068718225874E-04  2.7958088E-04  1.092620459950474E-05          0
 590.0  1.265845116821728E-02  2.7960030E-04 -6.103549562655568E-03  2.7825058E-04  5.717000921147452E-03  2.7913952E-04  6.456331680961333E-05  2.7958694E-04  3.328134208606609E-03  2.7939609E-04  3.668203579099903E-03  2.7952164E-04 -1.538358606704335E-03  2.7939197E-04 -5.679774747830990E-04  2.7955033E-04 -7.578041473986345E-05  2.7933882E-04  7.808201945582594E-05  2.7964559E-04  1.089422191637618E-05          0
 595.0  1.235932138392652E-02  2.7970939E-04 -6.467446863113902E-03  2.7818339E-04  6.368993701856649E-03  2.7916495E-04  5.638720335803219E-04  2.7956975E-04  4.073078488264694E-03  2.7942266E-04  3.748295006980720E-03  2.7949767E-04 -1.346958658084146E-03  2.7936629E-04 -9.588810771283663E-04  2.7958011E-04 -2.298073515161616E-04  2.7939220E-04  2.798407892605531E-04  2.7959146E-04  1.086511671046822E-05          0
 600.0  1.203609809336162E-02  2.7980265E-04 -6.743534480984357E-03  2.7813032E-04  6.929933400014201E-03  2.7919718E-04  1.126705226939857E-03  2.7954610E-04  4.562473559768366E-03  2.7948291E-04  3.728981439591733E-03  2.7943973E-04 -1.114295777858011E-03  2.7940718E-04 -1.212266018231141E-03  2.7954357E-04 -2.008356080581790E-04  2.7951030E-04  5.878298947781379E-04  2.7947147E-04  1.083498824262567E-05          0
 605.0  1.174122905437231E-02  2.7988945E-04 -6.912242302701339E-03  2.7808228E-04  7.455915539707604E-03  2.7924898E-04  1.734180098421019E-03  2.7950339E-04  4.705388589622795E-03  2.7955904E-04  3.736302991316616E-03  2.7936432E-04 -7.537438830373854E-04  2.7940970E-04 -1.422861462218553E-03  2.7954555E-04 -1.238643236234477E-04  2.7956162E-04  9.504932664174512E-04  2.7941694E-04  1.080619575614702E-05          0
 610.0  1.146689791232905E-02  2.7997572E-04 -7.016043507892053E-03  2.7803242E-04  7.987042305248221E-03  2.7929266E-04  2.205874443811463E-03  2.7946905E-04  4.622752393269380E-03  2.7956916E-04  3.521666044752220E-03  2.7935319E-04 -4.565459124347480E-04  2.7939053E-04 -1.554010853774758E-03  2.7956961E-04  3.206999791385828E-05  2.7957594E-04  1.016323468082830E-03  2.7940088E-04  1.077634181999234E-05          0
 615.0  1.123379149934138E-02  2.8005705E-04 -7.029844424608372E-03  2.7798503E-04  8.490558362554220E-03  2.7934645E-04  2.596570075331162E-03  2.7942428E-04  4.354945930966820E-03  2.7959566E-04  3.331638930686645E-03  2.7932531E-04 -8.791132847816736E-05  2.7937600E-04 -1.585357747091385E-03  2.7958613E-04  6.299872908985463E-04  2.7953115E-04  9.661526857486967E-04  2.7944592E-04  1.074645140224382E-05          0
 620.0  1.099508138797430E-02  2.8012828E-04 -7.026019113356163E-03  2.7794449E-04  8.919771544577891E-03  2.7941247E-04  2.869081922651254E-03  2.7936666E-04  3.785321410767221E-03  2.7958942E-04  3.050633607731386E-03  2.7933106E-04  3.673480404932256E-04  2.7934945E-04 -1.743453329353068E-03  2.7961264E-04  1.242763570267666E-03  2.7952848E-04  1.103536897218632E-03  2.7944969E-04  1.071753302836523E-05          0
 625.0  1.080213670640361E-02  2.8017530E-04 -6.889878576537799E-03  2.7792541E-04  9.169293674348218E-03  2.7948692E-04  3.075148575535347E-03  2.7930023E-04  2.964028997331743E-03  2.7959883E-04  2.783326852493682E-03  2.7932346E-04  8.772348332814026E-04  2.7929617E-04 -1.820423299503159E-03  2.7966342E-04  1.570791561484095E-03  2.7957549E-04  8.137671654299952E-04  2.7940547E-04  1.068723709729514E-05          0
 630.0  1.063922340707295E-02  2.8019541E-04 -6.715198970036643E-03  2.7792953E-04  9.224188328256064E-03  2.7952750E-04  3.214242243688155E-03  2.7926702E-04  2.071910273607783E-03  2.7957496E-04  2.587909450330275E-03  2.7934997E-04  1.142072892728211E-03  2.7933003E-04 -1.925753140019557E-03  2.7962591E-04  1.370291968110225E-03  2.7955767E-04  5.580583196961311E-04  2.7942727E-04  1.065929242271674E-05          0
 635.0  1.050482099335408E-02  2.8019442E-04 -6.495367737731511E-03  2.7795099E-04  9.121725523897424E-03  2.7954562E-04  3.311517089567204E-03  2.7925492E-04  1.070557351878161E-03  2.7960378E-04  2.457850084859697E-03  2.7932444E-04  1.246689394302667E-03  2.7945683E-04 -2.019204614637711E-03  2.7949371E-04  1.156952962132065E-03  2.7951785E-04  3.278019406174139E-05  2.7947154E-04  1.063117490142132E-05          0
