   1.0.0 # v: lpa-xrd version
5.00e+13 # d: dislocation density [m^-2]
 1  1  0 # z: direction of 'l' (line vector) [uvw]
 1  1  0 # b: Burgers vector direction [uvw]
 2  0  0 # g: diffraction vector direction (hkl)
0.250000 # C: contrast coefficient [1]
0.404940 # a: cell parameter [nm]
    6400 # s: side of the region of interest [nm] PBC1
0.345000 # nu: Poisson's number [1]
    2048 # nd: number of dislocations in the input file
  200000 # np: number of random points
#    L                   cos1       err_cos1                   sin1       err_sin1                   cos2       err_cos2                   sin2       err_sin2                   cos3       err_cos3                   sin3       err_sin3                   cos4       err_cos4                   sin4       err_sin4                   cos5       err_cos5                   sin5       err_sin5                   eps2       nrpo
   5.0  9.922452282939653E-01  1.7419454E-05 -3.972132185571201E-03  4.4608751E-05  9.729970742321348E-01  3.5459144E-05 -7.708069217761401E-03  8.1254885E-05  9.447354812767598E-01  5.6261444E-05 -1.102528746889690E-02  1.1241473E-04  9.096329168264956E-01  7.7983540E-05 -1.378492540798638E-02  1.3871341E-04  8.695106541671115E-01  9.9437119E-05 -1.593327414597571E-02  1.6085749E-04  2.766193889677523E-05          0
  10.0  9.723350291179876E-01  3.7475418E-05 -7.714455185340773E-03  8.1589846E-05  9.089428178726240E-01  7.9072695E-05 -1.379454289342502E-02  1.3881611E-04  8.254773183276941E-01  1.2027067E-04 -1.740789915900929E-02  1.7956707E-04  7.336399025085207E-01  1.5563188E-04 -1.868926606882131E-02  2.0874550E-04  6.411566490551914E-01  1.8419611E-04 -1.808733203407301E-02  2.2986355E-04  2.537525012368944E-05          0
  15.0  9.430635625359723E-01  5.9573312E-05 -1.104194723721861E-02  1.1291902E-04  8.246034006609386E-01  1.2111609E-04 -1.742631637532476E-02  1.7964617E-04  6.865997454749164E-01  1.7107368E-04 -1.859456069388951E-02  2.2016247E-04  5.524331451566132E-01  2.0688465E-04 -1.614788033405567E-02  2.4515863E-04  4.328176257230273E-01  2.3184584E-04 -1.189986100259727E-02  2.6024936E-04  2.406295734235687E-05          0
  20.0  9.067360937681991E-01  8.2243457E-05 -1.382201961322124E-02  1.3926183E-04  7.321560049865571E-01  1.5665931E-04 -1.867941032643925E-02  2.0883505E-04  5.520857461690605E-01  2.0701448E-04 -1.610293172758509E-02  2.4519068E-04  3.966482839608087E-01  2.3838710E-04 -1.048785501649039E-02  2.6372911E-04  2.732041355443846E-01  2.5705116E-04 -5.358622566588866E-03  2.7250573E-04  2.315281838734543E-05          0
  25.0  8.654442815416890E-01  1.0412442E-04 -1.597045530017828E-02  1.6140044E-04  6.393851306921112E-01  1.8511375E-04 -1.803906107249661E-02  2.2995902E-04  4.323066136350705E-01  2.3200520E-04 -1.202418676538735E-02  2.6027571E-04  2.730278317757241E-01  2.5707834E-04 -5.304702184449350E-03  2.7252365E-04  1.611120394871237E-01  2.6997771E-04 -1.872555242261769E-03  2.7597818E-04  2.243331287757594E-05          0
  30.0  8.208918634772205E-01  1.2457422E-04 -1.746871054182418E-02  1.8002169E-04  5.510090093114677E-01  2.0748747E-04 -1.612882861379509E-02  2.4521529E-04  3.305792262888931E-01  2.4905399E-04 -7.760005397599607E-03  2.6903221E-04  1.801023773146214E-01  2.6800595E-04 -2.230954071355918E-03  2.7572973E-04  8.732931429206574E-02  2.7629349E-04 -1.351072126063570E-03  2.7633408E-04  2.184816560412007E-05          0
  35.0  7.745037605159636E-01  1.4319512E-04 -1.839281243239373E-02  1.9576196E-04  4.693918374188358E-01  2.2501994E-04 -1.342620740767888E-02  2.5611867E-04  2.469128301769873E-01  2.6039405E-04 -4.286848315685798E-03  2.7373208E-04  1.130128437105512E-01  2.7433970E-04 -1.417860581992526E-03  2.7631522E-04  4.129420896795369E-02  2.7875699E-04 -1.412807828456567E-03  2.7663380E-04  2.134657784460418E-05          0
  40.0  7.274309583717455E-01  1.5987835E-04 -1.875534005363426E-02  2.0911056E-04  3.956728203334908E-01  2.3866858E-04 -1.045787307105632E-02  2.6377118E-04  1.799736338662535E-01  2.6801530E-04 -2.271577845210622E-03  2.7573052E-04  6.622074593068743E-02  2.7760897E-04 -1.581715843706090E-03  2.7640578E-04  1.474477219886938E-02  2.7927221E-04 -2.783640119132856E-04  2.7738920E-04  2.091265123546778E-05          0
  45.0  6.805601569512333E-01  1.7465125E-04 -1.864487415677539E-02  2.2047616E-04  3.300845550541033E-01  2.4916023E-04 -7.618141065798740E-03  2.6906192E-04  1.276430004168800E-01  2.7311390E-04 -1.464579080573686E-03  2.7625412E-04  3.455804549909872E-02  2.7898089E-04 -1.465627540807961E-03  2.7674882E-04  2.951046842612834E-03  2.7894645E-04  1.136898269633703E-03  2.7835410E-04  2.053421622244246E-05          0
  50.0  6.345083294954225E-01  1.8769160E-04 -1.807275371246444E-02  2.3016177E-04  2.724980383545966E-01  2.5717552E-04 -5.248439931585583E-03  2.7254589E-04  8.739698926947718E-02  2.7630386E-04 -1.442220139206429E-03  2.7633319E-04  1.474647211615003E-02  2.7929334E-04 -3.126939350668509E-04  2.7736486E-04  1.304328437755005E-03  2.7883612E-04  6.406622037734874E-04  2.7885511E-04  2.019412983598258E-05          0
  55.0  5.897571378902413E-01  1.9917414E-04 -1.720708578781303E-02  2.3840457E-04  2.225198065388043E-01  2.6333235E-04 -3.517366611194823E-03  2.7463903E-04  5.689030605485227E-02  2.7808990E-04 -1.522533597100816E-03  2.7648212E-04  4.403033873765399E-03  2.7901190E-04  1.014838735600810E-03  2.7818259E-04  4.222537240595675E-03  2.7930108E-04 -1.779103321658093E-03  2.7869132E-04  1.988170806925614E-05          0
  60.0  5.465789485266064E-01  2.0933017E-04 -1.616612839236343E-02  2.4538201E-04  1.797155473469015E-01  2.6808473E-04 -2.395190781916090E-03  2.7571172E-04  3.433129814523766E-02  2.7895973E-04 -1.284243381085653E-03  2.7678796E-04  1.221385576694182E-03  2.7877691E-04  1.107373863978403E-03  2.7876848E-04  7.561113356368754E-03  2.7967089E-04 -4.245368107936106E-03  2.7855707E-04  1.959606390763723E-05          0
  65.0  5.051563803992110E-01  2.1831172E-04 -1.488357267982251E-02  2.5128317E-04  1.433340360986606E-01  2.7169411E-04 -1.806326974085455E-03  2.7617577E-04  1.852165447024508E-02  2.7926645E-04 -6.382436403953107E-04  2.7721212E-04  2.155298238493773E-03  2.7898154E-04 -1.709507025988498E-04  2.7883438E-04  9.642477251656211E-03  2.7959277E-04 -4.735116422696979E-03  2.7880329E-04  1.933085906939414E-05          0
  70.0  4.656446624111997E-01  2.2623863E-04 -1.348459701854513E-02  2.5625927E-04  1.126090722319482E-01  2.7441611E-04 -1.650052861067898E-03  2.7629042E-04  8.368175674414547E-03  2.7917393E-04  3.336314852890663E-04  2.7777899E-04  5.086622874359030E-03  2.7944203E-04 -2.382130955489109E-03  2.7860037E-04  1.016830442307277E-02  2.7965992E-04 -3.384830165963016E-03  2.7884141E-04  1.908403782466844E-05          0
  75.0  4.281066821459572E-01  2.3325431E-04 -1.198099073775725E-02  2.6042434E-04  8.696590124864981E-02  2.7632654E-04 -1.683292337158058E-03  2.7634931E-04  2.867185703540754E-03  2.7894976E-04  1.002073180451221E-03  2.7833482E-04  7.729785256039840E-03  2.7967246E-04 -4.195924280432471E-03  2.7855188E-04  9.194659855209888E-03  2.7966537E-04 -1.146469261318451E-03  2.7887990E-04  1.885285135576931E-05          0
  80.0  3.925839601520973E-01  2.3943670E-04 -1.049268333040995E-02  2.6390018E-04  6.567863851265668E-02  2.7764220E-04 -1.692692759884477E-03  2.7641384E-04  9.180096568468470E-04  2.7881453E-04  9.782442038197782E-04  2.7872143E-04  9.568683873905352E-03  2.7961924E-04 -4.580970412701921E-03  2.7874374E-04  7.368023722464495E-03  2.7948212E-04  4.232079377209082E-04  2.7906592E-04  1.863021975843355E-05          0
  85.0  3.591091861798620E-01  2.4487656E-04 -9.046783589929544E-03  2.6677000E-04  4.827862169045920E-02  2.7850372E-04 -1.574817895330624E-03  2.7653705E-04  1.444098062677634E-03  2.7893041E-04  1.582073668581273E-04  2.7881811E-04  1.036877446393139E-02  2.7963581E-04 -3.754052912459943E-03  2.7882363E-04  4.959180028203956E-03  2.7947471E-04  9.307783362698546E-04  2.7907351E-04  1.841842764244625E-05          0
  90.0  3.276495251793928E-01  2.4964717E-04 -7.700005226055901E-03  2.6913056E-04  3.420024375539444E-02  2.7901697E-04 -1.259329378493292E-03  2.7673627E-04  3.338392146477564E-03  2.7923694E-04 -1.209000886823652E-03  2.7870048E-04  1.019260940540785E-02  2.7970368E-04 -2.228376311735438E-03  2.7881267E-04  2.333893578783162E-03  2.7947614E-04  1.079922982557527E-03  2.7909488E-04  1.821459724297405E-05          0
  95.0  2.981618045260245E-01  2.5383153E-04 -6.454629845586545E-03  2.7104384E-04  2.309512938347665E-02  2.7923933E-04 -7.568224030635941E-04  2.7703461E-04  5.704068460299144E-03  2.7951905E-04 -2.598889499640842E-03  2.7858127E-04  9.036001487441471E-03  2.7963764E-04 -7.545020769616283E-04  2.7890501E-04  4.905786556483687E-04  2.7942668E-04  1.531918287323942E-03  2.7919118E-04  1.802426564454864E-05          0
 100.0  2.706259699158186E-01  2.5748732E-04 -5.367718768393034E-03  2.7257423E-04  1.457213075941049E-02  2.7925911E-04 -1.097133341046593E-04  2.7740267E-04  7.750178127678769E-03  2.7963903E-04 -3.668440020232231E-03  2.7859357E-04  7.240936023322643E-03  2.7950903E-04  3.531445248696366E-04  2.7904118E-04  1.174009969324072E-04  2.7956473E-04  2.514635110697882E-03  2.7911840E-04  1.784105418423955E-05          0
 105.0  2.449528368129607E-01  2.6068187E-04 -4.422605528560917E-03  2.7377520E-04  8.309684784090105E-03  2.7916029E-04  5.799973347280895E-04  2.7779308E-04  9.301009341195559E-03  2.7961327E-04 -4.254406013846603E-03  2.7872261E-04  5.187516398661692E-03  2.7949834E-04  7.977963836636173E-04  2.7905304E-04  1.140354911268566E-03  2.7965576E-04  3.607622332517105E-03  2.7909729E-04  1.766067909461771E-05          0
 110.0  2.211115692645805E-01  2.6349320E-04 -3.647263646615004E-03  2.7467556E-04  4.156931917677320E-03  2.7901116E-04  1.106560954232206E-03  2.7817057E-04  1.024124662099619E-02  2.7959686E-04 -4.068145552224506E-03  2.7882187E-04  3.144765292018357E-03  2.7951975E-04  8.221856776950414E-04  2.7904379E-04  2.735245274024317E-03  2.7948012E-04  4.520413370944213E-03  2.7933167E-04  1.748956339546569E-05          0
 115.0  1.990055874693813E-01  2.6597065E-04 -3.023199556530167E-03  2.7532637E-04  1.766432137171964E-03  2.7888514E-04  1.354635434156324E-03  2.7848737E-04  1.054171268320633E-02  2.7964605E-04 -3.271119416907534E-03  2.7883364E-04  1.467748561241319E-03  2.7945022E-04  8.043440110578466E-04  2.7914387E-04  3.805317568623449E-03  2.7940635E-04  4.696083028834163E-03  2.7943744E-04  1.732312507772095E-05          0
 120.0  1.785591262921690E-01  2.6815100E-04 -2.553836810833902E-03  2.7577306E-04  8.016703189241306E-04  2.7883695E-04  1.239940841646784E-03  2.7870191E-04  1.024744201334914E-02  2.7967256E-04 -2.251855444289500E-03  2.7884660E-04  4.824773194055332E-04  2.7945504E-04  1.425060639034128E-03  2.7917871E-04  3.812857926501365E-03  2.7938009E-04  4.340982784485717E-03  2.7947288E-04  1.716624720408692E-05          0
 125.0  1.597254695071528E-01  2.7006425E-04 -2.252174119733384E-03  2.7605179E-04  9.497842931231200E-04  2.7889774E-04  7.147410470865537E-04  2.7878956E-04  9.388308407219489E-03  2.7966764E-04 -1.303592021186987E-03  2.7886932E-04  3.990523760303447E-04  2.7953732E-04  2.391163832778555E-03  2.7914938E-04  3.244889592806304E-03  2.7926121E-04  4.107502894200388E-03  2.7958650E-04  1.701786424249581E-05          0
 130.0  1.424261220915401E-01  2.7172499E-04 -2.034097443171340E-03  2.7621770E-04  1.814342217792903E-03  2.7905110E-04 -1.098038956809898E-04  2.7877006E-04  8.199403851797422E-03  2.7956365E-04 -3.498352102556113E-04  2.7897885E-04  1.066672029079303E-03  2.7967423E-04  3.530642888725760E-03  2.7906994E-04  2.590455856656072E-03  2.7916810E-04  3.791623290700841E-03  2.7967270E-04  1.687192229973375E-05          0
 135.0  1.265382574272556E-01  2.7315626E-04 -1.917785099417753E-03  2.7630994E-04  3.105164818434223E-03  2.7925968E-04 -1.092824507361478E-03  2.7868334E-04  6.847617410980493E-03  2.7944691E-04  3.295340817700591E-04  2.7909680E-04  2.191076453320420E-03  2.7960994E-04  4.356659983274342E-03  2.7918421E-04  2.349893342659164E-03  2.7918321E-04  3.445818448013194E-03  2.7966219E-04  1.673268686648875E-05          0
 140.0  1.119987404482874E-01  2.7438893E-04 -1.827660073685801E-03  2.7634550E-04  4.653150688738211E-03  2.7945664E-04 -2.183055934562343E-03  2.7859473E-04  5.435521599111084E-03  2.7946102E-04  7.089083738085805E-04  2.7908436E-04  3.264358287562723E-03  2.7945840E-04  4.622231596388544E-03  2.7937089E-04  2.346931501919214E-03  2.7918111E-04  2.835953643247962E-03  2.7967864E-04  1.659949100061734E-05          0
 145.0  9.872085827668797E-02  2.7542799E-04 -1.776893799897842E-03  2.7636233E-04  6.159426340630648E-03  2.7959431E-04 -3.093430062769497E-03  2.7855635E-04  3.968731635658731E-03  2.7949294E-04  7.483301664894205E-04  2.7906045E-04  3.903723596955127E-03  2.7944898E-04  4.721717809884730E-03  2.7939807E-04  2.363052426240706E-03  2.7904708E-04  1.850919179576964E-03  2.7982946E-04  1.646990841783619E-05          0
 150.0  8.663345976431260E-02  2.7628849E-04 -1.775230518274306E-03  2.7638205E-04  7.463156088310910E-03  2.7965326E-04 -3.784789875689234E-03  2.7858606E-04  2.472232922513453E-03  2.7947260E-04  7.209248730486444E-04  2.7910100E-04  3.969377616654342E-03  2.7937755E-04  4.447454663441681E-03  2.7947813E-04  1.995676636168441E-03  2.7903553E-04  9.727950912710318E-04  2.7985486E-04  1.634629855325549E-05          0
 155.0  7.560070025903838E-02  2.7699152E-04 -1.766304559495429E-03  2.7641897E-04  8.460736239339692E-03  2.7964560E-04 -4.267829002310587E-03  2.7866990E-04  1.285349619906784E-03  2.7943819E-04  8.145073848022619E-04  2.7916328E-04  3.570366430952328E-03  2.7935019E-04  4.087756748634336E-03  2.7950358E-04  1.518176155179880E-03  2.7912045E-04  5.931665213907402E-04  2.7977942E-04  1.622840366006083E-05          0
 160.0  6.559296496361909E-02  2.7756492E-04 -1.735411287050650E-03  2.7646391E-04  9.206967138801326E-03  2.7958623E-04 -4.477442734011364E-03  2.7879267E-04  5.921785084962079E-04  2.7938150E-04  1.388758130932752E-03  2.7925455E-04  2.837907756459724E-03  2.7922378E-04  3.926502275664582E-03  2.7962554E-04  1.010168950705880E-03  2.7926785E-04  6.075295578014299E-04  2.7963644E-04  1.611113944974944E-05          0
 165.0  5.649968490339509E-02  2.7802860E-04 -1.676055776352876E-03  2.7652391E-04  9.678737922740216E-03  2.7955730E-04 -4.390373497254730E-03  2.7887456E-04  2.564669555305311E-04  2.7941403E-04  2.157464457789271E-03  2.7926062E-04  2.376172963122478E-03  2.7920417E-04  3.634690885553732E-03  2.7964402E-04  8.456441953897009E-04  2.7935874E-04  7.973602107750660E-04  2.7955018E-04  1.599886826718626E-05          0
 170.0  4.827207217285451E-02  2.7840090E-04 -1.588550393780004E-03  2.7659699E-04  9.904107195861772E-03  2.7958510E-04 -4.036089627006138E-03  2.7888785E-04  4.903297008808870E-04  2.7951991E-04  3.081584254701574E-03  2.7919752E-04  2.374775725736840E-03  2.7921101E-04  3.270811444306577E-03  2.7963947E-04  9.597207991978630E-04  2.7941564E-04  9.981372244694886E-04  2.7950189E-04  1.589150896221536E-05          0
 175.0  4.088141820321838E-02  2.7869101E-04 -1.462341255895760E-03  2.7668487E-04  9.909594789331606E-03  2.7960813E-04 -3.460106649696199E-03  2.7889557E-04  1.121541016086370E-03  2.7962835E-04  3.775798136179706E-03  2.7913248E-04  2.370738725747444E-03  2.7916039E-04  2.785788664154827E-03  2.7969608E-04  1.253900474197505E-03  2.7935743E-04  9.031209967104289E-04  2.7956761E-04  1.578530351904588E-05          0
 180.0  3.427349247213016E-02  2.7890707E-04 -1.264129697063746E-03  2.7679520E-04  9.682853247666063E-03  2.7962261E-04 -2.647183409078028E-03  2.7890257E-04  2.028251527729799E-03  2.7959175E-04  4.392512034368713E-03  2.7920526E-04  2.330121626607519E-03  2.7905927E-04  2.104519916907639E-03  2.7980594E-04  1.129845618999341E-03  2.7941694E-04  7.254605623910245E-04  2.7951359E-04  1.568749711314685E-05          0
 185.0  2.840120653753367E-02  2.7905985E-04 -1.051126070366690E-03  2.7692301E-04  9.273899991252331E-03  2.7959986E-04 -1.841010059191428E-03  2.7893823E-04  2.961261379110203E-03  2.7952426E-04  4.668649135208293E-03  2.7929916E-04  2.046791909445849E-03  2.7900051E-04  1.343093718412546E-03  2.7987621E-04  8.090793695392430E-04  2.7948372E-04  6.916345674586509E-04  2.7945011E-04  1.558801677652058E-05          0
 190.0  2.326100789377060E-02  2.7915456E-04 -7.711928958285233E-04  2.7707164E-04  8.679121880190469E-03  2.7953375E-04 -1.051728836613300E-03  2.7901019E-04  3.717323434941678E-03  2.7948287E-04  4.551469032394868E-03  2.7935851E-04  1.497877377069165E-03  2.7910390E-04  6.080634844556594E-04  2.7978299E-04  6.782438328068116E-04  2.7943139E-04  7.824804441237488E-04  2.7950414E-04  1.549444447849795E-05          0
 195.0  1.874070422677116E-02  2.7919726E-04 -4.857456855743843E-04  2.7723835E-04  7.913532166502930E-03  2.7947841E-04 -4.151151827829749E-04  2.7906727E-04  4.004695859086355E-03  2.7943404E-04  4.453919481047029E-03  2.7941946E-04  1.059502513588215E-03  2.7921043E-04  2.341806534941686E-04  2.7968399E-04  6.375452559966910E-04  2.7943913E-04  4.730911924857289E-04  2.7950152E-04  1.540147329477861E-05          0
 200.0  1.484715899609847E-02  2.7920792E-04 -1.537669029001393E-04  2.7741052E-04  7.084840528858273E-03  2.7942938E-04  6.450330553310103E-05  2.7911506E-04  3.868933527817109E-03  2.7934221E-04  4.218429836503678E-03  2.7951627E-04  7.021522432364687E-04  2.7925552E-04  1.512755067953959E-04  2.7964629E-04  8.122530093834092E-04  2.7931953E-04 -6.307175826327622E-05  2.7962747E-04  1.531432915407608E-05          0
 205.0  1.153431614402595E-02  2.7918218E-04  1.673448024710933E-04  2.7759775E-04  6.147573597976615E-03  2.7941343E-04  3.940145368011324E-04  2.7912848E-04  3.516781399096828E-03  2.7929578E-04  3.984400884252056E-03  2.7956170E-04  6.062447986114939E-04  2.7929433E-04  2.304789275952549E-04  2.7961442E-04  1.198585916751852E-03  2.7921200E-04 -8.971252503934774E-04  2.7974263E-04  1.522668843441593E-05          0
 210.0  8.801555464588126E-03  2.7912646E-04  4.517038658281374E-04  2.7779500E-04  5.114606787022221E-03  2.7943773E-04  5.701216337606245E-04  2.7910387E-04  3.008389847861233E-03  2.7925938E-04  4.071458776149403E-03  2.7959402E-04  8.114906658093598E-04  2.7937610E-04  6.232218177362698E-04  2.7953732E-04  1.384350729845252E-03  2.7930875E-04 -1.508150735019340E-03  2.7965225E-04  1.514064376586573E-05          0
 215.0  6.585240460572463E-03  2.7905761E-04  7.077020597025478E-04  2.7798855E-04  4.082065567346806E-03  2.7948565E-04  6.575852991974683E-04  2.7905966E-04  2.594282982512960E-03  2.7922086E-04  4.059036231437280E-03  2.7962802E-04  1.185887984108299E-03  2.7939087E-04  8.393466763187436E-04  2.7952880E-04  1.225064549048817E-03  2.7935509E-04 -1.371115622897947E-03  2.7960867E-04  1.505590136232547E-05          0
 220.0  4.873010733412894E-03  2.7899036E-04  9.393944813119444E-04  2.7817027E-04  3.123866922710752E-03  2.7952181E-04  6.663051325030334E-04  2.7903125E-04  2.347919666522958E-03  2.7918918E-04  3.825799458032827E-03  2.7965873E-04  1.462009309906621E-03  2.7938667E-04  9.414307235597769E-04  2.7953993E-04  7.825529972748183E-04  2.7944332E-04 -7.422137332049662E-04  2.7951818E-04  1.497421521178314E-05          0
 225.0  3.627811220341770E-03  2.7893578E-04  1.140508925610237E-03  2.7832807E-04  2.305308607408253E-03  2.7952511E-04  6.552508909575812E-04  2.7903963E-04  2.241054669244955E-03  2.7918465E-04  3.521483292221536E-03  2.7966611E-04  1.497135744383818E-03  2.7946790E-04  9.531238486271545E-04  2.7946433E-04  2.855846506406533E-04  2.7961934E-04  2.595423824670351E-04  2.7933644E-04  1.489539119578118E-05          0
 230.0  2.765336970701915E-03  2.7889506E-04  1.270971742634573E-03  2.7846383E-04  1.631104521813811E-03  2.7948046E-04  7.138797648850784E-04  2.7910294E-04  2.101893582216040E-03  2.7918828E-04  3.096738111026553E-03  2.7966682E-04  1.163519305262943E-03  2.7951536E-04  1.022290906669384E-03  2.7941794E-04 -1.973777354753774E-04  2.7957089E-04  1.115718953155610E-03  2.7938368E-04  1.481908885100647E-05          0
 235.0  2.211530523219464E-03  2.7886920E-04  1.310419762332757E-03  2.7857914E-04  1.092287959216438E-03  2.7942601E-04  9.368374238152132E-04  2.7917769E-04  1.928412192971220E-03  2.7916489E-04  2.634784342224186E-03  2.7969589E-04  7.423605042221918E-04  2.7945832E-04  1.080283108770927E-03  2.7947487E-04 -4.014358785458524E-04  2.7944562E-04  1.953072413109087E-03  2.7951264E-04  1.474464021429857E-05          0
 240.0  1.946051629081639E-03  2.7886275E-04  1.242586352260597E-03  2.7866713E-04  7.293381952967261E-04  2.7941069E-04  1.287446026315086E-03  2.7921703E-04  1.755013625385754E-03  2.7907117E-04  2.012465248281808E-03  2.7979749E-04  5.856359786906812E-04  2.7943417E-04  9.646612216870423E-04  2.7950109E-04 -7.668553807906291E-04  2.7938258E-04  2.371763564962754E-03  2.7958156E-04  1.467250587133576E-05          0
 245.0  1.914621237799993E-03  2.7888516E-04  1.078610912980747E-03  2.7871928E-04  6.091725107544766E-04  2.7945123E-04  1.776668352545319E-03  2.7920161E-04  1.419362198457149E-03  2.7901831E-04  1.353315237422032E-03  2.7985914E-04  8.101261927252550E-04  2.7939085E-04  6.665979069761075E-04  2.7954826E-04 -1.125358422789637E-03  2.7939341E-04  2.443945138188980E-03  2.7957764E-04  1.459916870174633E-05          0
 250.0  2.102490647505151E-03  2.7893231E-04  8.196986899191565E-04  2.7874432E-04  6.897871794053307E-04  2.7950044E-04  2.271793375857798E-03  2.7918107E-04  1.112919607572231E-03  2.7905932E-04  8.654714992539723E-04  2.7982651E-04  1.075229626984154E-03  2.7932263E-04  1.458905393447214E-04  2.7962253E-04 -1.287094761671943E-03  2.7942852E-04  1.936423034436697E-03  2.7954971E-04  1.452960105833455E-05          0
 255.0  2.452192325069988E-03  2.7900192E-04  4.925725079368238E-04  2.7874416E-04  9.565277847507554E-04  2.7955589E-04  2.782043939627494E-03  2.7915594E-04  9.079898107999045E-04  2.7913662E-04  5.242801943964965E-04  2.7975469E-04  1.364958933736131E-03  2.7923746E-04 -4.020695113093683E-04  2.7971625E-04 -1.458222446557775E-03  2.7950028E-04  1.461836863204410E-03  2.7948407E-04  1.446203448850299E-05          0
 260.0  2.925750714652953E-03  2.7908699E-04  1.136966365141224E-04  2.7872384E-04  1.358031013063336E-03  2.7961822E-04  3.295682731833797E-03  2.7912409E-04  8.373926044087916E-04  2.7921625E-04  3.942245311751635E-04  2.7967985E-04  1.690946166140251E-03  2.7927836E-04 -9.654232810898158E-04  2.7968126E-04 -1.718751693799584E-03  2.7952131E-04  7.865696486966962E-04  2.7946650E-04  1.439455966665308E-05          0
 265.0  3.449245432639932E-03  2.7918164E-04 -3.330442389945850E-04  2.7869222E-04  1.842718179885295E-03  2.7964473E-04  3.724783409145216E-03  2.7912510E-04  7.901006708562570E-04  2.7924102E-04  3.743318168099436E-04  2.7965931E-04  1.762985645146882E-03  2.7933054E-04 -1.286212021420669E-03  2.7963084E-04 -1.514236064186957E-03  2.7953491E-04  7.016473707384695E-05  2.7945729E-04  1.432915528046224E-05          0
 270.0  4.027456058866713E-03  2.7927759E-04 -7.879787692965663E-04  2.7865565E-04  2.353201011837971E-03  2.7963229E-04  4.061403324028687E-03  2.7916276E-04  7.627548765662315E-04  2.7926257E-04  3.874572498861683E-04  2.7963963E-04  1.564754289147364E-03  2.7937783E-04 -1.063974313228209E-03  2.7958350E-04 -1.507588978140137E-03  2.7950162E-04 -4.056223330542528E-04  2.7949139E-04  1.426446452384857E-05          0
 275.0  4.680903527388351E-03  2.7936427E-04 -1.272229316297317E-03  2.7862534E-04  2.801911963243533E-03  2.7959680E-04  4.253402494315011E-03  2.7922043E-04  9.961829233288634E-04  2.7931492E-04  4.523315955409900E-04  2.7958734E-04  1.222498440198235E-03  2.7949010E-04 -5.879693075654757E-04  2.7946915E-04 -1.406705080214376E-03  2.7938589E-04 -7.242126944977787E-04  2.7960667E-04  1.420171976048549E-05          0
 280.0  5.322362021784361E-03  2.7943656E-04 -1.785818407992452E-03  2.7860673E-04  3.145457828767787E-03  2.7954879E-04  4.378051284599986E-03  2.7928655E-04  1.282576329313525E-03  2.7931797E-04  5.172794844516067E-04  2.7958550E-04  8.150605659112274E-04  2.7959983E-04  1.983196391026406E-04  2.7935647E-04 -1.683161871877770E-03  2.7942700E-04 -8.400299520418789E-04  2.7956331E-04  1.413998544405150E-05          0
 285.0  5.948537932498181E-03  2.7949126E-04 -2.274964281514279E-03  2.7860320E-04  3.364690700333792E-03  2.7950941E-04  4.531381109261948E-03  2.7933971E-04  1.533189751758606E-03  2.7934183E-04  5.228865620875439E-04  2.7956542E-04  4.953385467380499E-04  2.7962058E-04  1.258896748254898E-03  2.7933521E-04 -2.139211072334613E-03  2.7948497E-04 -9.596901283815510E-04  2.7950129E-04  1.407943496687283E-05          0
 290.0  6.560752000396321E-03  2.7953236E-04 -2.741590231411409E-03  2.7860934E-04  3.487357686739897E-03  2.7945710E-04  4.613664189950495E-03  2.7940038E-04  1.787445846611535E-03  2.7931568E-04  4.424243519057254E-04  2.7959596E-04  1.079959725806365E-04  2.7956016E-04  2.147694482147729E-03  2.7939523E-04 -2.589243482835877E-03  2.7950603E-04 -8.702051148330978E-04  2.7947688E-04  1.402054214266394E-05          0
 295.0  7.125770381838031E-03  2.7955503E-04 -3.192351384044713E-03  2.7863227E-04  3.470206674693797E-03  2.7941026E-04  4.630552705638557E-03  2.7945134E-04  1.956482057100572E-03  2.7931399E-04  3.988864425114794E-04  2.7960327E-04 -2.209975105391818E-04  2.7947703E-04  2.759344477572715E-03  2.7948157E-04 -2.829276196114344E-03  2.7941308E-04 -2.726685984680427E-04  2.7956595E-04  1.396102657564269E-05          0
 300.0  7.612028595884623E-03  2.7956141E-04 -3.567527156261471E-03  2.7866952E-04  3.330664127140187E-03  2.7936030E-04  4.623740868021599E-03  2.7950189E-04  1.925107908880130E-03  2.7938775E-04  4.422356246395492E-04  2.7953425E-04 -5.563870227922598E-04  2.7945806E-04  3.045505927962944E-03  2.7950727E-04 -2.785549989565990E-03  2.7943343E-04  2.407935580717778E-04  2.7954464E-04  1.390360250286358E-05          0
 305.0  8.050130297055501E-03  2.7956119E-04 -3.821974413092585E-03  2.7870964E-04  3.151177009786340E-03  2.7931735E-04  4.577812092305388E-03  2.7954197E-04  1.620729869244928E-03  2.7943755E-04  5.132563607646342E-04  2.7948880E-04 -8.287207100988531E-04  2.7941067E-04  2.909112994338040E-03  2.7956158E-04 -2.333104779466725E-03  2.7947713E-04  4.109960844859358E-04  2.7950284E-04  1.384723340488192E-05          0
 310.0  8.441753487647478E-03  2.7956639E-04 -4.018942311648747E-03  2.7873943E-04  3.021855630177439E-03  2.7927811E-04  4.618666150769709E-03  2.7957480E-04  1.258886748125947E-03  2.7942775E-04  6.367972856523381E-04  2.7950221E-04 -1.066218754963803E-03  2.7935548E-04  2.526230792418217E-03  2.7962215E-04 -1.862115057127006E-03  2.7948959E-04  4.991109391559236E-04  2.7949263E-04  1.379130526365738E-05          0
 315.0  8.773734027072405E-03  2.7955789E-04 -4.130085455961018E-03  2.7878082E-04  2.800452660031087E-03  2.7924422E-04  4.679108097956871E-03  2.7960241E-04  9.949296302993638E-04  2.7941968E-04  7.727551010202976E-04  2.7951280E-04 -1.269146312011306E-03  2.7941032E-04  1.940407478497177E-03  2.7957244E-04 -1.747973222067921E-03  2.7946395E-04  4.842684406292729E-04  2.7952135E-04  1.373680822117661E-05          0
 320.0  8.982333123232197E-03  2.7954947E-04 -4.151148008941089E-03  2.7881918E-04  2.591373079578033E-03  2.7921575E-04  4.737621884526284E-03  2.7962592E-04  7.269834065178748E-04  2.7939024E-04  8.391614261931332E-04  2.7954457E-04 -1.447402309687258E-03  2.7954052E-04  1.140505658114688E-03  2.7944676E-04 -1.689800959180614E-03  2.7950499E-04  2.409312716967857E-04  2.7948358E-04  1.368439956901686E-05          0
 325.0  9.116679814406810E-03  2.7953996E-04 -4.108705015171043E-03  2.7885572E-04  2.383722203230501E-03  2.7922293E-04  4.638002176061025E-03  2.7961512E-04  5.780474393145262E-04  2.7936823E-04  9.177382198499192E-04  2.7957003E-04 -1.382886644600530E-03  2.7955469E-04  4.587409360064709E-04  2.7943530E-04 -1.476863642207338E-03  2.7954844E-04 -9.704291825985036E-06  2.7944388E-04  1.363309999232090E-05          0
 330.0  9.176771597751845E-03  2.7953412E-04 -4.008380529837030E-03  2.7888780E-04  2.208630869010703E-03  2.7925319E-04  4.477162169376313E-03  2.7958296E-04  6.499277372837588E-04  2.7932369E-04  8.441499242478436E-04  2.7961872E-04 -1.170414822507023E-03  2.7953903E-04 -1.060414723104078E-04  2.7945289E-04 -1.420713039612290E-03  2.7955624E-04 -3.872409694502230E-04  2.7943776E-04  1.358122728792423E-05          0
 335.0  9.151150644154138E-03  2.7954992E-04 -3.835161693247370E-03  2.7889660E-04  2.198220163571971E-03  2.7928205E-04  4.304808668069506E-03  2.7955413E-04  8.072813240969465E-04  2.7928147E-04  5.849683076067727E-04  2.7966534E-04 -9.826514603810338E-04  2.7952805E-04 -6.495139905288699E-04  2.7946535E-04 -1.416205138771871E-03  2.7955026E-04 -5.384749688715707E-04  2.7944390E-04  1.353024270554861E-05          0
 340.0  9.097900085565007E-03  2.7956814E-04 -3.590426504712174E-03  2.7889873E-04  2.222902860478615E-03  2.7929871E-04  4.046164902487973E-03  2.7953819E-04  9.601832463223126E-04  2.7926361E-04  1.626767986352998E-04  2.7968793E-04 -8.891535784512606E-04  2.7955512E-04 -1.038900342780637E-03  2.7943793E-04 -1.366700824208415E-03  2.7958196E-04 -6.777723714056591E-04  2.7941209E-04  1.347977151497747E-05          0
 345.0  9.009193075518448E-03  2.7958963E-04 -3.282893560150999E-03  2.7889478E-04  2.280039020376052E-03  2.7931234E-04  3.595996942656355E-03  2.7952750E-04  1.072747055417373E-03  2.7928815E-04 -2.999449425783583E-04  2.7966697E-04 -8.261798932048612E-04  2.7949034E-04 -1.334615573554909E-03  2.7950066E-04 -1.242618524678428E-03  2.7956961E-04 -8.368135448631196E-04  2.7942440E-04  1.343091561768140E-05          0
 350.0  8.860574213091275E-03  2.7961396E-04 -2.927327458070260E-03  2.7888646E-04  2.360761891825070E-03  2.7930038E-04  3.150178314438734E-03  2.7954247E-04  1.096873365328185E-03  2.7933531E-04 -4.779010891082774E-04  2.7962137E-04 -9.484848080769030E-04  2.7947221E-04 -1.304789707209194E-03  2.7951491E-04 -1.157916253693786E-03  2.7956594E-04 -6.916967405171491E-04  2.7942854E-04  1.338227108414818E-05          0
 355.0  8.625398691158867E-03  2.7963028E-04 -2.546104996070493E-03  2.7888370E-04  2.390190415364541E-03  2.7926727E-04  2.676102367640659E-03  2.7957938E-04  1.112024551440505E-03  2.7938143E-04 -4.517957110437608E-04  2.7957494E-04 -1.222602236754431E-03  2.7945403E-04 -1.138413891153579E-03  2.7952961E-04 -8.582464597678090E-04  2.7948578E-04 -2.393936488324510E-04  2.7950984E-04  1.333505142050187E-05          0
 360.0  8.348623995875892E-03  2.7963187E-04 -2.141606902935995E-03  2.7889241E-04  2.323359592568439E-03  2.7921071E-04  2.222418761845990E-03  2.7964117E-04  1.064149492504488E-03  2.7941024E-04 -2.183365370923491E-04  2.7954402E-04 -1.673511723337479E-03  2.7948180E-04 -8.281746588788674E-04  2.7949802E-04 -5.227122567169674E-04  2.7950395E-04 -2.261027869705713E-06  2.7949366E-04  1.328797323498997E-05          0
 365.0  8.041092397810246E-03  2.7961979E-04 -1.743711748922516E-03  2.7891303E-04  2.168300166591253E-03  2.7917887E-04  1.736910673466256E-03  2.7967860E-04  8.129897195763568E-04  2.7942923E-04  1.769609660545925E-04  2.7952169E-04 -1.950501802708172E-03  2.7944099E-04 -5.142100570577786E-04  2.7953630E-04 -1.260677296392144E-04  2.7953531E-04 -1.990525526756613E-04  2.7946344E-04  1.324212071470480E-05          0
 370.0  7.685658536795304E-03  2.7959090E-04 -1.315680956766557E-03  2.7894777E-04  1.904373451592984E-03  2.7917175E-04  1.299362283662500E-03  2.7969143E-04  5.694724668630339E-04  2.7948582E-04  7.215795761479315E-04  2.7946269E-04 -2.042223877047554E-03  2.7950234E-04 -2.365828813574204E-04  2.7947313E-04  1.495441200462205E-04  2.7954215E-04 -4.658406487804616E-04  2.7945794E-04  1.319629853910837E-05          0
 375.0  7.308225394820391E-03  2.7955519E-04 -8.578389328650273E-04  2.7898721E-04  1.603302438840228E-03  2.7917452E-04  9.988212324037675E-04  2.7969461E-04  2.528654636893808E-04  2.7955845E-04  1.314621531212770E-03  2.7938869E-04 -2.051680077842030E-03  2.7957370E-04 -4.066608183792068E-05  2.7940012E-04  6.136977881637888E-05  2.7948166E-04 -4.281680037936097E-04  2.7951978E-04  1.315094926546153E-05          0
 380.0  6.937320991473291E-03  2.7950495E-04 -4.754655724446117E-04  2.7903841E-04  1.213636612518407E-03  2.7920866E-04  8.151227775024679E-04  2.7966584E-04 -1.775237086290954E-05  2.7958031E-04  1.833856157040338E-03  2.7936665E-04 -1.816394901238421E-03  2.7960092E-04  2.531484714739522E-04  2.7937320E-04 -2.800652450234027E-04  2.7948492E-04 -4.236226854717433E-04  2.7951691E-04  1.310605248933899E-05          0
 385.0  6.531515043180031E-03  2.7946222E-04 -1.110170692538183E-04  2.7908100E-04  8.873394615877385E-04  2.7923142E-04  7.931503655140875E-04  2.7964746E-04 -3.023723059189100E-04  2.7955700E-04  2.298620239263078E-03  2.7939227E-04 -1.644985283677489E-03  2.7958651E-04  5.961860408202489E-04  2.7938901E-04 -3.812945328130335E-04  2.7948309E-04 -4.338866213735114E-04  2.7951817E-04  1.306211107758122E-05          0
 390.0  6.153117401840220E-03  2.7943445E-04  2.565406526827050E-04  2.7910653E-04  6.858559549549430E-04  2.7924585E-04  9.256027733185653E-04  2.7963775E-04 -5.631960011218193E-04  2.7950904E-04  2.761106642288391E-03  2.7944451E-04 -1.529757408440810E-03  2.7962476E-04  8.852471725393028E-04  2.7935559E-04 -4.351873620862606E-04  2.7950251E-04 -5.826115695053695E-04  2.7949860E-04  1.301938360992533E-05          0
 395.0  5.747694010855016E-03  2.7942617E-04  5.790996862442665E-04  2.7911161E-04  6.364692834600361E-04  2.7925137E-04  1.082270743947660E-03  2.7963689E-04 -7.313472107545703E-04  2.7948242E-04  3.102226111284900E-03  2.7947683E-04 -1.478718241218982E-03  2.7962532E-04  6.219294385358491E-04  2.7936017E-04 -7.006511716506786E-04  2.7955181E-04 -5.669037252790365E-04  2.7944976E-04  1.297654137503297E-05          0
 400.0  5.345715087514255E-03  2.7943325E-04  8.693205007951240E-04  2.7910057E-04  7.065129583017716E-04  2.7923029E-04  1.250034275812326E-03  2.7966175E-04 -7.877125916320559E-04  2.7941545E-04  3.323406066182461E-03  2.7954939E-04 -1.621135372274984E-03  2.7963921E-04  3.468628933861051E-04  2.7935010E-04 -1.060643397258139E-03  2.7956110E-04 -2.015576133255126E-04  2.7944062E-04  1.293392116085775E-05          0
 405.0  4.948630182107586E-03  2.7944341E-04  1.076038367187991E-03  2.7908464E-04  8.081479285991916E-04  2.7920164E-04  1.329169509604359E-03  2.7969388E-04 -9.172061493657548E-04  2.7937673E-04  3.331749782487299E-03  2.7959281E-04 -1.819934738429602E-03  2.7963337E-04  1.271083246746478E-04  2.7935858E-04 -1.245195751294193E-03  2.7951835E-04  2.619544558470733E-04  2.7948354E-04  1.289328679011168E-05          0
 410.0  4.547218029584211E-03  2.7946069E-04  1.212095129051480E-03  2.7906137E-04  9.671134231661893E-04  2.7917089E-04  1.373610124279243E-03  2.7972694E-04 -1.060566372993886E-03  2.7936589E-04  3.165245732833376E-03  2.7960794E-04 -2.033025881711085E-03  2.7963760E-04 -1.847918381989462E-04  2.7935421E-04 -1.384473513971491E-03  2.7942464E-04  8.466452073488722E-04  2.7957660E-04  1.285241188758532E-05          0
 415.0  4.138137956948905E-03  2.7948040E-04  1.316335462639518E-03  2.7903543E-04  1.148674984757544E-03  2.7916437E-04  1.367473891653284E-03  2.7973506E-04 -1.238292603493659E-03  2.7943801E-04  2.757453330673646E-03  2.7954026E-04 -2.071100625324501E-03  2.7963060E-04 -3.985242923614058E-04  2.7936006E-04 -1.224618049132250E-03  2.7940608E-04  1.234277406674556E-03  2.7959422E-04  1.281213310244602E-05          0
 420.0  3.700894413142096E-03  2.7949249E-04  1.397803414306746E-03  2.7901885E-04  1.274849127202436E-03  2.7917184E-04  1.172848286517819E-03  2.7973003E-04 -1.478146412856046E-03  2.7948702E-04  2.254094279029969E-03  2.7949465E-04 -2.011835964302511E-03  2.7960738E-04 -6.991169630559943E-04  2.7938172E-04 -7.892890760538171E-04  2.7930934E-04  1.383907470836688E-03  2.7969051E-04  1.277216061044954E-05          0
 425.0  3.276040375478048E-03  2.7950044E-04  1.473017193654940E-03  2.7900704E-04  1.372309257553497E-03  2.7917723E-04  8.441304804317003E-04  2.7972819E-04 -1.643692088156308E-03  2.7954393E-04  1.742239131500922E-03  2.7944011E-04 -1.972084409791498E-03  2.7959953E-04 -9.146798307721756E-04  2.7939036E-04 -5.532148361028897E-04  2.7930028E-04  1.149302597543782E-03  2.7970030E-04  1.273316559566331E-05          0
 430.0  2.905351926139677E-03  2.7950551E-04  1.506708465968185E-03  2.7899895E-04  1.446413841628216E-03  2.7917614E-04  5.809752204797626E-04  2.7973340E-04 -1.718964575044203E-03  2.7957448E-04  1.159435640915902E-03  2.7941108E-04 -1.979374670732753E-03  2.7958234E-04 -7.941316243659632E-04  2.7940873E-04 -6.605630491406863E-04  2.7939303E-04  1.202013636161243E-03  2.7960822E-04  1.269442064745090E-05          0
 435.0  2.519393974913150E-03  2.7949885E-04  1.527391322817235E-03  2.7900518E-04  1.428216316068746E-03  2.7920468E-04  3.011741021428531E-04  2.7970822E-04 -1.607242176128810E-03  2.7957966E-04  5.100009187550543E-04  2.7940660E-04 -1.776999896512990E-03  2.7953503E-04 -2.741959417143339E-04  2.7945789E-04 -4.805696520218671E-04  2.7949524E-04  1.164447479363527E-03  2.7950669E-04  1.265537659959252E-05          0
 440.0  2.125038263430660E-03  2.7947991E-04  1.571884198095485E-03  2.7902514E-04  1.315483652214190E-03  2.7924926E-04  1.255377376351321E-04  2.7966647E-04 -1.349057315207516E-03  2.7960057E-04 -3.772486927226736E-05  2.7938710E-04 -1.462154175795679E-03  2.7948441E-04  1.850071214162891E-04  2.7950994E-04 -2.858238572771330E-05  2.7953839E-04  1.181099725258118E-03  2.7946377E-04  1.261754794994776E-05          0
 445.0  1.749796896996936E-03  2.7945810E-04  1.590763355408814E-03  2.7905009E-04  1.171722611322527E-03  2.7929483E-04  6.716766731262381E-05  2.7962335E-04 -1.080580757102122E-03  2.7957424E-04 -4.771757351669938E-04  2.7941395E-04 -1.143362811938385E-03  2.7944221E-04  5.698585834792850E-04  2.7955318E-04  7.217145243506507E-04  2.7955485E-04  9.022342960413154E-04  2.7944808E-04  1.257947925825273E-05          0
 450.0  1.365657561977133E-03  2.7944842E-04  1.624772722753387E-03  2.7906552E-04  1.106169732326927E-03  2.7932366E-04  1.099511753536053E-04  2.7959582E-04 -9.480678032286621E-04  2.7954898E-04 -7.302767570089290E-04  2.7943916E-04 -9.466745064308596E-04  2.7946851E-04  8.348458478362058E-04  2.7952592E-04  1.087922246104936E-03  2.7953649E-04  3.364097479621604E-04  2.7946715E-04  1.254095104649214E-05          0
 455.0  1.044615906996299E-03  2.7945223E-04  1.719516609915387E-03  2.7906932E-04  1.131743777746469E-03  2.7934468E-04  2.284235736746945E-04  2.7957616E-04 -8.955500202763122E-04  2.7950021E-04 -8.207816660105630E-04  2.7948768E-04 -8.039361562857757E-04  2.7948175E-04  8.904485977310884E-04  2.7951197E-04  1.022064682197013E-03  2.7952073E-04 -2.862236781031140E-04  2.7948227E-04  1.250537598580929E-05          0
 460.0  7.256288131791335E-04  2.7944576E-04  1.817523841895859E-03  2.7908502E-04  1.075875271278138E-03  2.7934786E-04  3.572177440844238E-04  2.7957391E-04 -1.009819617834026E-03  2.7942828E-04 -7.801044541968870E-04  2.7955856E-04 -7.867250872590037E-04  2.7946754E-04  6.874896038257678E-04  2.7952693E-04  7.949638226296110E-04  2.7950765E-04 -3.649500572701251E-04  2.7949412E-04  1.247024308913541E-05          0
 465.0  4.727035128076453E-04  2.7943603E-04  1.940891103701061E-03  2.7910657E-04  9.853722699177891E-04  2.7932613E-04  5.428067186536807E-04  2.7959648E-04 -1.233250209246559E-03  2.7939002E-04 -6.771064156815593E-04  2.7959516E-04 -9.473758979622453E-04  2.7942746E-04  4.112436240152901E-04  2.7956922E-04  6.238985460038011E-04  2.7947481E-04 -5.672094799476296E-05  2.7952552E-04  1.243441405077566E-05          0
 470.0  2.871786295626436E-04  2.7941953E-04  2.096627987007881E-03  2.7913498E-04  8.433766803710653E-04  2.7931920E-04  7.660883436861011E-04  2.7960461E-04 -1.482402683925604E-03  2.7937510E-04 -3.895694462745014E-04  2.7960798E-04 -1.000763157280441E-03  2.7943675E-04  1.342092784697974E-04  2.7956158E-04  3.486884546423447E-04  2.7945299E-04  1.850390136160166E-04  2.7954608E-04  1.239910236951307E-05          0
 475.0  1.847735413770846E-04  2.7940370E-04  2.260563182179722E-03  2.7916412E-04  7.026657422451899E-04  2.7935038E-04  1.052448141653004E-03  2.7957518E-04 -1.672822821986907E-03  2.7942037E-04 -1.535584429555191E-04  2.7956051E-04 -7.804432246278631E-04  2.7946226E-04 -1.543448885711780E-04  2.7953734E-04  2.864328451986989E-04  2.7944678E-04  4.006450254591544E-04  2.7955149E-04  1.236509286185116E-05          0
 480.0  1.095024860182323E-04  2.7938963E-04  2.469470752069950E-03  2.7919196E-04  5.720010284051080E-04  2.7940174E-04  1.246205182396769E-03  2.7952615E-04 -1.763136155541026E-03  2.7945272E-04  1.221003616133802E-04  2.7952538E-04 -4.129470716256189E-04  2.7943056E-04 -2.350836326351322E-04  2.7956964E-04  1.140663735920294E-04  2.7951095E-04  4.734111936693439E-04  2.7948690E-04  1.233079377527388E-05          0
 485.0  8.072259464011886E-05  2.7937906E-04  2.701968232155140E-03  2.7921617E-04  4.595152247626832E-04  2.7940892E-04  1.301870471725656E-03  2.7952091E-04 -1.799955835429979E-03  2.7944079E-04  4.128403094664424E-04  2.7953564E-04 -3.585169377606561E-04  2.7944182E-04 -3.161417215714787E-04  2.7955904E-04 -2.415210255554413E-04  2.7960573E-04  3.467536404598059E-04  2.7939345E-04  1.229736335531131E-05          0
 490.0  1.250620936491383E-04  2.7937621E-04  2.924714786529601E-03  2.7923234E-04  3.995864952736442E-04  2.7939456E-04  1.271160711173058E-03  2.7953816E-04 -1.547154069152442E-03  2.7940295E-04  6.578942591142894E-04  2.7957221E-04 -4.599713319807965E-04  2.7946373E-04 -3.877544264165920E-04  2.7953760E-04 -3.697013381989834E-04  2.7958296E-04  3.313961072593661E-04  2.7941810E-04  1.226395204087583E-05          0
 495.0  2.193624992359260E-04  2.7940142E-04  3.130829834766397E-03  2.7922075E-04  5.375354419808874E-04  2.7937190E-04  1.220706162725390E-03  2.7956449E-04 -1.307659180070139E-03  2.7939699E-04  8.791601851791600E-04  2.7957657E-04 -6.269774689520015E-04  2.7949204E-04 -4.377793672326818E-04  2.7950862E-04 -6.773917081567761E-05  2.7952703E-04  4.982771564412530E-04  2.7947614E-04  1.223063589400580E-05          0
 500.0  3.551106415972705E-04  2.7943960E-04  3.329987201293475E-03  2.7919688E-04  7.606005356032529E-04  2.7931361E-04  1.206757515975484E-03  2.7962662E-04 -1.091424909283142E-03  2.7940942E-04  9.951866199295306E-04  2.7956347E-04 -1.053758431895839E-03  2.7950114E-04 -3.605153245583080E-04  2.7949881E-04  5.035758117400176E-04  2.7945076E-04  5.629207718935488E-04  2.7955419E-04  1.219815845819986E-05          0
 505.0  5.267581501614788E-04  2.7948690E-04  3.503448274968533E-03  2.7916446E-04  1.040065711335024E-03  2.7927354E-04  1.229850257829125E-03  2.7967010E-04 -9.224634556256138E-04  2.7943083E-04  9.921944794993849E-04  2.7954191E-04 -1.348490748467129E-03  2.7945331E-04  8.053677440541806E-05  2.7954772E-04  8.691711363654315E-04  2.7948344E-04  6.218913956782423E-04  2.7952298E-04  1.216622010371271E-05          0
 510.0  7.563163466307993E-04  2.7952607E-04  3.653672556891939E-03  2.7914046E-04  1.254251274382874E-03  2.7924909E-04  1.214112125522824E-03  2.7969687E-04 -8.299982208036702E-04  2.7944929E-04  8.845011485004181E-04  2.7952361E-04 -1.531121800618444E-03  2.7940257E-04  3.900583692563409E-04  2.7959926E-04  1.197333123589943E-03  2.7950549E-04  6.983769498292147E-04  2.7950166E-04  1.213489135299593E-05          0
 515.0  1.020770487011513E-03  2.7955806E-04  3.741284714919929E-03  2.7912366E-04  1.416435117836638E-03  2.7925051E-04  1.204062909150070E-03  2.7969640E-04 -8.469136067060179E-04  2.7949280E-04  8.822759010435560E-04  2.7948138E-04 -1.525037904196961E-03  2.7936288E-04  5.598994900806878E-04  2.7963875E-04  1.179134674489594E-03  2.7946948E-04  5.419744014357772E-04  2.7953868E-04  1.210392401789395E-05          0
 520.0  1.317741290919677E-03  2.7958909E-04  3.835994721617981E-03  2.7910691E-04  1.572162286127793E-03  2.7927117E-04  1.222529203978264E-03  2.7967568E-04 -9.075662674855315E-04  2.7950081E-04  8.062447464691976E-04  2.7947552E-04 -1.377264952123672E-03  2.7934605E-04  7.408477589810845E-04  2.7965545E-04  8.438335077238776E-04  2.7941635E-04  2.924045183968293E-04  2.7959263E-04  1.207284750976631E-05          0
 525.0  1.619898532858605E-03  2.7961149E-04  3.916191351555483E-03  2.7909958E-04  1.665055237827953E-03  2.7930226E-04  1.327715658745353E-03  2.7964394E-04 -8.942573738363796E-04  2.7949644E-04  8.142256038905077E-04  2.7948324E-04 -1.155305634927757E-03  2.7929413E-04  8.488720845823480E-04  2.7970790E-04  7.075050370029588E-04  2.7941604E-04  2.437647768151087E-04  2.7959278E-04  1.204198501483711E-05          0
 530.0  1.933338129097500E-03  2.7960941E-04  3.982621145935400E-03  2.7911705E-04  1.583485356488072E-03  2.7932511E-04  1.404182559862811E-03  2.7961936E-04 -8.568440683164699E-04  2.7949282E-04  8.754441224342027E-04  2.7949038E-04 -9.904552746518194E-04  2.7930810E-04  8.956634581538474E-04  2.7969425E-04  5.937592970389825E-04  2.7945552E-04  4.198704819805012E-04  2.7955318E-04  1.201106047324369E-05          0
 535.0  2.228397672677071E-03  2.7959207E-04  4.034342396117210E-03  2.7914818E-04  1.400206090314194E-03  2.7933707E-04  1.516163646167636E-03  2.7960572E-04 -9.007387709143975E-04  2.7945177E-04  1.093496239743042E-03  2.7953370E-04 -9.088544809426668E-04  2.7937931E-04  8.652220133218958E-04  2.7962283E-04  5.580474367334323E-04  2.7948628E-04  2.933999219613536E-04  2.7952275E-04  1.197931954017237E-05          0
 540.0  2.511458528228670E-03  2.7957368E-04  4.062228347021436E-03  2.7917968E-04  1.212186066020421E-03  2.7934194E-04  1.659646891069755E-03  2.7959883E-04 -1.054651454784497E-03  2.7944407E-04  1.253235277103140E-03  2.7954249E-04 -8.762984593438781E-04  2.7941789E-04  8.623399850361357E-04  2.7958418E-04  6.613954542998929E-04  2.7947139E-04  3.316735225503174E-04  2.7953658E-04  1.194904268777265E-05          0
 545.0  2.783769786820342E-03  2.7955696E-04  4.069062391937459E-03  2.7920821E-04  1.042475325295088E-03  2.7936170E-04  1.808788009559170E-03  2.7957771E-04 -1.185377278464540E-03  2.7945523E-04  1.282570786947392E-03  2.7953196E-04 -7.387208756497666E-04  2.7946585E-04  1.024318011284402E-03  2.7953661E-04  5.822348949898552E-04  2.7951239E-04  4.343261566336777E-04  2.7949443E-04  1.191875230124275E-05          0
 550.0  2.963336062817907E-03  2.7953010E-04  4.113519019241850E-03  2.7924663E-04  8.053483650837831E-04  2.7944302E-04  1.990937447527873E-03  2.7949567E-04 -1.420133801522798E-03  2.7945229E-04  1.245219334808394E-03  2.7953492E-04 -1.625225327539247E-04  2.7942797E-04  1.031745279368924E-03  2.7957462E-04  2.818607390957114E-04  2.7955191E-04  4.234241544935988E-04  2.7945362E-04  1.188897836465928E-05          0
 555.0  3.140751705245005E-03  2.7949622E-04  4.161132168530062E-03  2.7929121E-04  5.255327154129471E-04  2.7953607E-04  2.202368221845405E-03  2.7940292E-04 -1.543274263790828E-03  2.7947540E-04  1.016682295623988E-03  2.7951204E-04  4.924359690640965E-04  2.7942497E-04  8.862206180554772E-04  2.7957774E-04  1.920530847423233E-04  2.7958638E-04  2.979713776111116E-04  2.7941792E-04  1.185994754670353E-05          0
 560.0  3.252394660867592E-03  2.7946066E-04  4.217594595315677E-03  2.7933689E-04  2.382906242679052E-04  2.7959599E-04  2.459832094503611E-03  2.7934369E-04 -1.701605920184200E-03  2.7951204E-04  7.808670092628836E-04  2.7947548E-04  9.075234559362110E-04  2.7942847E-04  5.871489156307041E-04  2.7957369E-04  1.187414531542684E-04  2.7956831E-04  1.242364724783791E-04  2.7943573E-04  1.183127990778381E-05          0
 565.0  3.333152490855462E-03  2.7941955E-04  4.281085070292091E-03  2.7938754E-04 -8.375180655345338E-05  2.7962811E-04  2.751747043635689E-03  2.7931257E-04 -1.949724290989858E-03  2.7950608E-04  6.551070994545549E-04  2.7948161E-04  1.120640386897600E-03  2.7947458E-04  2.034238167085029E-04  2.7952717E-04  4.544018279114857E-05  2.7950879E-04  1.826546740157244E-05  2.7949581E-04  1.180336263942335E-05          0
 570.0  3.408872907598310E-03  2.7937708E-04  4.327075888368966E-03  2.7943794E-04 -4.044461958979350E-04  2.7962633E-04  3.054591139374070E-03  2.7931581E-04 -2.096949758658020E-03  2.7949837E-04  7.350468383501552E-04  2.7949061E-04  1.090325004462523E-03  2.7947537E-04 -1.161213634797181E-04  2.7952580E-04  2.495898333168723E-05  2.7947680E-04 -3.971475499391821E-04  2.7952825E-04  1.177445040511800E-05          0
 575.0  3.428834025811978E-03  2.7933549E-04  4.375454321599672E-03  2.7948715E-04 -7.162661397923965E-04  2.7960376E-04  3.340095739426853E-03  2.7934112E-04 -1.901870989096292E-03  2.7954242E-04  7.263258427056864E-04  2.7944864E-04  9.037570883446321E-04  2.7947803E-04 -3.817287949000142E-04  2.7952282E-04  2.017351374817699E-05  2.7949174E-04 -7.945907999342011E-04  2.7951443E-04  1.174664227087563E-05          0
 580.0  3.420633132697495E-03  2.7929891E-04  4.430532564827913E-03  2.7952966E-04 -9.842494648318397E-04  2.7954738E-04  3.624358860200573E-03  2.7939939E-04 -1.673533206703129E-03  2.7953764E-04  7.997141408003041E-04  2.7945495E-04  4.801048188990890E-04  2.7947882E-04 -3.937729807083432E-04  2.7952183E-04 -8.200057002620263E-05  2.7942122E-04 -8.261844854229861E-04  2.7958537E-04  1.171866336425753E-05          0
 585.0  3.427724986549404E-03  2.7925940E-04  4.489091274627175E-03  2.7957389E-04 -1.267171510642132E-03  2.7952410E-04  3.929876356359416E-03  2.7942515E-04 -1.329891847519719E-03  2.7949162E-04  7.562235841466062E-04  2.7950210E-04  2.951294443275988E-04  2.7945757E-04 -4.471057418254708E-04  2.7954146E-04 -1.500976992373070E-04  2.7947251E-04 -8.152049611628003E-04  2.7953398E-04  1.169098286645565E-05          0
 590.0  3.383294517162344E-03  2.7923216E-04  4.539626243192081E-03  2.7960406E-04 -1.457888364452939E-03  2.7953025E-04  4.253011762311040E-03  2.7942076E-04 -9.802742632407846E-04  2.7949992E-04  6.550580534677540E-04  2.7949461E-04  3.289253372931029E-04  2.7942703E-04 -5.906204989324300E-04  2.7957056E-04 -1.381135907724505E-04  2.7956459E-04 -7.540945045762890E-04  2.7944281E-04  1.166294240841421E-05          0
 595.0  3.376779715138699E-03  2.7922295E-04  4.546477974912526E-03  2.7961506E-04 -1.512025016772432E-03  2.7952539E-04  4.413841831880431E-03  2.7942738E-04 -7.592383049532398E-04  2.7953926E-04  5.522349202878286E-04  2.7945530E-04  2.890795017439080E-04  2.7940611E-04 -7.614846045077615E-04  2.7959140E-04 -2.843070796324533E-05  2.7957140E-04 -1.005738712768057E-03  2.7943654E-04  1.163625072515902E-05          0
 600.0  3.408596029093240E-03  2.7921852E-04  4.572369642600041E-03  2.7962001E-04 -1.527317103996580E-03  2.7951217E-04  4.486604083866714E-03  2.7944238E-04 -6.584030755658778E-04  2.7957144E-04  3.788811145484505E-04  2.7942280E-04  1.935794608770447E-04  2.7944964E-04 -8.588474752599968E-04  2.7954835E-04 -7.047303319431192E-06  2.7952802E-04 -1.278045549746835E-03  2.7948037E-04  1.160975675466268E-05          0
 605.0  3.387390731838954E-03  2.7921378E-04  4.624524763796206E-03  2.7962380E-04 -1.539013187270111E-03  2.7950300E-04  4.441376743867400E-03  2.7945386E-04 -6.114337559888191E-04  2.7958318E-04  2.753721667926403E-04  2.7941120E-04  1.244942691100142E-04  2.7944669E-04 -8.319101300560574E-04  2.7955252E-04  9.001430834834655E-05  2.7954509E-04 -1.522433584046147E-03  2.7946401E-04  1.158341389046947E-05          0
 610.0  3.376113974249392E-03  2.7920361E-04  4.659452940793918E-03  2.7963101E-04 -1.580192620910221E-03  2.7949956E-04  4.279700831585296E-03  2.7946030E-04 -5.874751696708988E-04  2.7952591E-04  2.213958231223901E-04  2.7946856E-04  9.316351824190667E-05  2.7947472E-04 -1.000073158829945E-03  2.7952570E-04 -1.281034352418391E-05  2.7955682E-04 -1.232807725162827E-03  2.7945195E-04  1.155698075490201E-05          0
 615.0  3.392105976849670E-03  2.7918322E-04  4.694968119397831E-03  2.7964853E-04 -1.693647235258733E-03  2.7951984E-04  4.038195349413047E-03  2.7944276E-04 -5.896909298906693E-04  2.7947805E-04  9.697972634950640E-05  2.7951689E-04  2.338989467873452E-04  2.7951950E-04 -1.110933494632392E-03  2.7948218E-04 -4.193306326329875E-05  2.7955384E-04 -6.079266839579098E-04  2.7945386E-04  1.153069473346037E-05          0
 620.0  3.388842289644400E-03  2.7916755E-04  4.749793945671770E-03  2.7966117E-04 -1.775180949566263E-03  2.7955485E-04  3.706324136094422E-03  2.7941071E-04 -5.546447007926307E-04  2.7946647E-04  3.221659373791814E-05  2.7952995E-04  4.782252664357060E-04  2.7952713E-04 -1.113174239884899E-03  2.7947528E-04  2.438712623405872E-05  2.7952031E-04 -1.856540947041150E-04  2.7948757E-04  1.150496622520029E-05          0
 625.0  3.342603564132820E-03  2.7916137E-04  4.764767141952101E-03  2.7966421E-04 -1.789455594628214E-03  2.7958846E-04  3.451995708824654E-03  2.7937955E-04 -3.555188781500668E-04  2.7947539E-04  4.324735004045708E-05  2.7952277E-04  7.158616128784244E-04  2.7954468E-04 -9.122884732433931E-04  2.7945766E-04  1.433879833869566E-04  2.7954405E-04  6.056451023156052E-05  2.7946482E-04  1.147903797691267E-05          0
 630.0  3.336510608804075E-03  2.7917268E-04  4.789661768680018E-03  2.7964949E-04 -1.678849993300212E-03  2.7961790E-04  3.203811509066461E-03  2.7935216E-04 -1.298160136923214E-05  2.7945722E-04 -7.707522886379284E-05  2.7954198E-04  9.262104835082690E-04  2.7953487E-04 -7.143819342971136E-04  2.7946719E-04  1.344689063936450E-04  2.7953930E-04  4.685023752697122E-04  2.7947020E-04  1.145413569113375E-05          0
 635.0  3.314151259539867E-03  2.7919004E-04  4.799826763619473E-03  2.7962833E-04 -1.525518013323943E-03  2.7963438E-04  2.973209376065651E-03  2.7933727E-04  2.151467720729589E-04  2.7947480E-04 -1.167048542260677E-04  2.7952516E-04  1.044918867402512E-03  2.7952121E-04 -6.559682615989400E-04  2.7948158E-04  2.536306042789498E-05  2.7952544E-04  6.450971533930629E-04  2.7948420E-04  1.142915613176405E-05          0
