   1.0.0 # v: lpa-xrd version
8.00e+14 # d: dislocation density [m^-2]
 1  1  0 # z: direction of 'l' (line vector) [uvw]
 1  1  0 # b: Burgers vector direction [uvw]
 2  0  0 # g: diffraction vector direction (hkl)
0.250000 # C: contrast coefficient [1]
0.404940 # a: cell parameter [nm]
    6400 # s: side of the region of interest [nm] PBC1
0.345000 # nu: Poisson's number [1]
   32768 # nd: number of dislocations in the input file
  200000 # np: number of random points
#    L                   cos1       err_cos1                   sin1       err_sin1                   cos2       err_cos2                   sin2       err_sin2                   cos3       err_cos3                   sin3       err_sin3                   cos4       err_cos4                   sin4       err_sin4                   cos5       err_cos5                   sin5       err_sin5                   eps2       nrpo
   3.5  9.381318128348742E-01  5.3002419E-05 -1.461020607452905E-02  1.2333732E-04  7.963532268031037E-01  1.1537190E-04 -2.452420342116642E-02  2.0430995E-04  6.181184953143880E-01  1.7833532E-04 -2.796622607551410E-02  2.4859038E-04  4.414631860093504E-01  2.2608547E-04 -2.609730796224815E-02  2.6816422E-04  2.914308731466684E-01  2.5514079E-04 -2.109939926751524E-02  2.7551129E-04  4.606125242325243E-04          0
   7.0  7.919737520659574E-01  1.1911934E-04 -2.439618773609969E-02  2.0489129E-04  4.386997460291177E-01  2.2688107E-04 -2.585472321126675E-02  2.6827846E-04  1.770716764958337E-01  2.6992305E-04 -1.485921359338646E-02  2.7812928E-04  5.333783660553111E-02  2.7848922E-04 -5.415814777727397E-03  2.7928739E-04  1.207823622482104E-02  2.7942836E-04 -8.128741557466169E-04  2.7948096E-04  4.241208281513600E-04          0
  10.5  6.090168470955026E-01  1.8253955E-04 -2.764333138950425E-02  2.4925129E-04  1.751506720887934E-01  2.7014474E-04 -1.473202123656229E-02  2.7815334E-04  2.594475133553908E-02  2.7930076E-04 -2.540294808647954E-03  2.7935581E-04  1.701954966779435E-03  2.7945583E-04  7.189146134262006E-04  2.7955001E-04  3.067526453837868E-04  2.7951089E-04  1.055847205992715E-03  2.7950247E-04  4.030857854553387E-04          0
  14.0  4.292455810948582E-01  2.2951887E-04 -2.541109677400935E-02  2.6865833E-04  5.184174347084649E-02  2.7860294E-04 -5.273032263852468E-03  2.7924500E-04  1.553496721568450E-03  2.7946799E-04  4.555263995842886E-04  2.7953770E-04  5.694395450948263E-04  2.7949056E-04  7.314334907328758E-04  2.7952283E-04  1.571066624534638E-04  2.7949171E-04 -2.423282298747108E-04  2.7952272E-04  3.881148193118944E-04          0
  17.5  2.782840313164662E-01  2.5744173E-04 -2.023059649992782E-02  2.7583149E-04  1.134585992214336E-02  2.7946375E-04 -9.084796266849240E-04  2.7945849E-04  3.502179714948910E-04  2.7948192E-04  7.815039092365064E-04  2.7953132E-04  1.570959759356600E-04  2.7948855E-04 -1.651470620906539E-04  2.7952575E-04  1.193323010170204E-05  2.7949126E-04 -3.667534735153964E-04  2.7952301E-04  3.766205269107397E-04          0
  21.0  1.663701333937633E-01  2.7108207E-04 -1.433212557022294E-02  2.7829113E-04  1.560322153223854E-03  2.7948004E-04  5.499998673862216E-04  2.7952617E-04  3.588846682570736E-04  2.7947852E-04  7.590561591255837E-06  2.7953567E-04 -1.666195141638602E-04  2.7947435E-04 -3.833859762077387E-04  2.7953957E-04 -7.668019750653191E-05  2.7949836E-04 -4.786319988372366E-04  2.7951769E-04  3.672624961667611E-04          0
  24.5  9.185134215039710E-02  2.7674074E-04 -9.007896799213893E-03  2.7907123E-04  2.252330872762284E-04  2.7950243E-04  8.708558691311886E-04  2.7951005E-04 -7.485769003086810E-05  2.7952555E-04 -4.579301994976736E-04  2.7948850E-04 -2.869663553376588E-05  2.7946645E-04 -4.984374670425978E-04  2.7954917E-04 -1.124823111609976E-04  2.7946881E-04  1.024902826106057E-04  2.7954714E-04  3.592818314786645E-04          0
  28.0  4.677313058381369E-02  2.7878284E-04 -4.943014642024480E-03  2.7928146E-04  5.435239046778389E-04  2.7952248E-04  5.197505598060080E-04  2.7949093E-04 -2.482933946109985E-04  2.7953163E-04 -3.601747404146395E-04  2.7948260E-04  1.139082279146778E-04  2.7948922E-04 -3.159368346022396E-04  2.7952762E-04  2.452991789464918E-04  2.7952076E-04 -1.193353799612420E-04  2.7949560E-04  3.524468691109984E-04          0
  31.5  2.197363711296293E-02  2.7939434E-04 -2.219325152100687E-03  2.7936271E-04  6.396958381322056E-04  2.7954021E-04 -2.821133265104087E-04  2.7947326E-04 -1.567623623789257E-04  2.7946228E-04 -3.434325365891418E-04  2.7955328E-04  2.400856591238492E-04  2.7951046E-04  3.554621828917022E-04  2.7950590E-04 -8.668348547382802E-07  2.7956435E-04  9.846985809658737E-05  2.7945203E-04  3.464530797514414E-04          0
  35.0  9.456797425382926E-03  2.7951352E-04 -5.421845897902373E-04  2.7943586E-04  3.652145684224753E-04  2.7956582E-04 -9.029309235275324E-04  2.7944804E-04  8.091939100549589E-05  2.7949801E-04 -8.099878090532042E-04  2.7951805E-04  4.192565470459870E-04  2.7949923E-04  5.678676671591109E-04  2.7951675E-04 -5.856646187027133E-04  2.7948568E-04 -2.072381242903289E-04  2.7953050E-04  3.411269134733654E-04          0
  38.5  3.686630330955573E-03  2.7950553E-04  4.739671339243180E-04  2.7949225E-04  5.258839121948364E-05  2.7955538E-04 -8.184842328063204E-04  2.7945915E-04  1.428512982502279E-04  2.7948074E-04 -5.299912751129287E-04  2.7953566E-04  3.456226017868397E-04  2.7955754E-04  1.168384255455645E-04  2.7945905E-04 -4.824161368013768E-04  2.7950481E-04 -4.527465077187065E-04  2.7951200E-04  3.362692070766392E-04          0
  42.0  1.210198744686402E-03  2.7949799E-04  1.098575599154339E-03  2.7951161E-04 -5.333752425072010E-05  2.7948149E-04 -4.241717620100602E-04  2.7953305E-04 -4.973447324578874E-05  2.7948638E-04  1.395637421013365E-04  2.7952955E-04 -1.805833897936323E-04  2.7951795E-04 -1.086457845179193E-04  2.7949878E-04 -3.983327580033133E-04  2.7953635E-04 -1.296235521814018E-04  2.7947993E-04  3.318498663919637E-04          0
  45.5  3.376536002114544E-04  2.7949945E-04  1.388423381218599E-03  2.7951273E-04 -5.101460720002732E-05  2.7943575E-04  2.038339389054373E-04  2.7957859E-04 -1.273230569373019E-04  2.7951523E-04 -1.426364051260223E-04  2.7950094E-04 -5.096366520217525E-04  2.7957042E-04  4.361397969103593E-04  2.7944616E-04  3.074450617538305E-04  2.7951895E-04 -8.956848285179650E-05  2.7949793E-04  3.277877022295643E-04          0
  49.0  2.096621281961740E-04  2.7950876E-04  1.456123879516970E-03  2.7950394E-04  1.479100375713490E-05  2.7954500E-04  2.935738518677026E-04  2.7946955E-04  2.926529916179651E-04  2.7948532E-04 -3.900883366093490E-05  2.7953095E-04  2.686193282392020E-04  2.7955155E-04  6.091031476669871E-04  2.7946456E-04 -2.932036731621125E-05  2.7946621E-04 -9.414101735188735E-05  2.7955077E-04  3.240168787051342E-04          0
  52.5  3.205189425934699E-04  2.7955242E-04  1.446345395964535E-03  2.7946017E-04  3.292743017299621E-04  2.7953616E-04  5.279091220672879E-05  2.7947905E-04  5.663728119582830E-04  2.7954430E-04  1.919111834976796E-04  2.7947203E-04  2.026781464930873E-04  2.7948975E-04  2.625688934918396E-04  2.7952677E-04 -4.672605973459080E-04  2.7947032E-04 -3.656396969555094E-07  2.7954614E-04  3.204725931974404E-04          0
  56.0  5.371325009366544E-04  2.7955949E-04  1.219351026864818E-03  2.7945262E-04  3.833075875296087E-04  2.7948156E-04 -3.034152473956940E-04  2.7953361E-04 -1.188123312458297E-04  2.7950989E-04 -8.592007530407697E-05  2.7950675E-04 -1.855094523843604E-04  2.7947252E-04  1.138652531647596E-04  2.7954377E-04 -5.426737909350068E-04  2.7953139E-04 -4.056287809807848E-04  2.7948487E-04  3.171726530996158E-04          0
  59.5  6.141833193012747E-04  2.7953731E-04  8.423567532437356E-04  2.7947451E-04  2.253192517994775E-04  2.7949372E-04 -6.222449116603125E-04  2.7952057E-04 -1.711770561929571E-04  2.7954314E-04 -6.629686603628296E-05  2.7947338E-04 -9.465631852124579E-05  2.7953302E-04  2.727143252140812E-04  2.7948368E-04 -2.941903865755596E-04  2.7947897E-04 -5.784699363630434E-04  2.7953788E-04  3.140568133591644E-04          0
  63.0  5.926321432882076E-04  2.7953087E-04  4.093422776078421E-04  2.7948073E-04  1.790451782330467E-04  2.7945463E-04 -5.765332182716860E-04  2.7955906E-04  3.109343039258412E-04  2.7954321E-04  1.323088500316572E-04  2.7947285E-04 -3.726963900796489E-04  2.7956612E-04  2.362229490045441E-04  2.7945039E-04 -1.092700188299295E-04  2.7959504E-04  1.540591712013728E-05  2.7942176E-04  3.111234968646761E-04          0
  66.5  4.212499791477648E-04  2.7952738E-04  1.504824468258184E-05  2.7948435E-04  1.530546254762905E-04  2.7952302E-04 -4.331225853884956E-04  2.7949147E-04  2.528302468716567E-04  2.7944658E-04  3.256376689782743E-04  2.7956902E-04  1.141424808722547E-04  2.7942101E-04  2.760800926325498E-04  2.7959536E-04 -2.618075556876680E-04  2.7952761E-04 -2.251887999873515E-04  2.7948918E-04  3.083561291826447E-04          0
  70.0  3.029450319204265E-04  2.7953105E-04 -1.951726916732858E-04  2.7948150E-04  1.759969633470583E-04  2.7951414E-04 -1.377590197339863E-04  2.7950144E-04  1.707651434934989E-04  2.7949481E-04  1.473575666086198E-04  2.7952155E-04  4.708638764670288E-05  2.7952605E-04  1.391706965483761E-04  2.7949029E-04 -5.707914877028842E-04  2.7951606E-04 -1.730009634845534E-04  2.7950020E-04  3.057330490784045E-04          0
  73.5  1.735597912890761E-04  2.7951885E-04 -4.148914335605063E-04  2.7949497E-04  8.446084575165549E-05  2.7946655E-04 -1.159796733751603E-04  2.7954966E-04  1.881517322288574E-04  2.7950173E-04  1.671432653927184E-04  2.7951456E-04 -2.958918762734004E-04  2.7952744E-04 -2.162404339128246E-04  2.7948912E-04  2.762640671999016E-05  2.7943948E-04  1.205422528439313E-04  2.7957794E-04  3.032300419722831E-04          0
  77.0  1.558468357166228E-04  2.7950172E-04 -5.079850461015218E-04  2.7951308E-04 -4.138264292950958E-05  2.7946620E-04 -6.750731614562078E-05  2.7954995E-04 -1.369251309139851E-04  2.7958912E-04  2.762138196594056E-05  2.7942722E-04 -2.983769978731859E-04  2.7954122E-04 -4.071662742199171E-04  2.7947507E-04 -1.256355605706872E-04  2.7954203E-04  4.524690729445350E-04  2.7947448E-04  3.008542358886523E-04          0
  80.5  1.762493166835135E-04  2.7950348E-04 -5.725334081756194E-04  2.7951121E-04 -2.794187104137124E-05  2.7944623E-04 -2.764970608082375E-04  2.7956931E-04 -4.255709762579861E-05  2.7955189E-04 -3.202390916094841E-04  2.7946455E-04 -4.401307077475546E-04  2.7947480E-04  6.430976603589509E-05  2.7954178E-04  9.032573714590153E-05  2.7944780E-04 -2.038844008544271E-04  2.7956918E-04  2.985769763553325E-04          0
  84.0  2.337490724300902E-04  2.7954153E-04 -5.470145796241195E-04  2.7947245E-04  2.482680470286256E-04  2.7952674E-04 -1.191296777689327E-04  2.7948891E-04  6.983623016613738E-05  2.7945298E-04 -1.735725436661119E-05  2.7956329E-04  1.350109319166830E-04  2.7949012E-04  5.353927943166123E-04  2.7952652E-04 -1.483101310025287E-04  2.7947495E-04 -1.133166239902453E-04  2.7954181E-04  2.963830537021066E-04          0
  87.5  2.006183060580002E-04  2.7957326E-04 -3.955283616821017E-04  2.7943990E-04  4.790992644013452E-04  2.7953077E-04  1.185031172016990E-04  2.7948546E-04  6.187969981613539E-05  2.7954694E-04  1.545700173043061E-04  2.7946914E-04  1.624146567784474E-04  2.7942867E-04 -2.973155817215962E-04  2.7958811E-04 -7.760295569364260E-05  2.7954921E-04  5.881709669044464E-04  2.7946748E-04  2.942841016813126E-04          0
  91.0  2.500490046162315E-04  2.7958460E-04 -9.871173830254038E-05  2.7942802E-04  5.627759819445009E-04  2.7951065E-04  2.126428109724378E-04  2.7950523E-04 -6.092442767290301E-05  2.7947338E-04  2.404691278913839E-05  2.7954315E-04  2.144381255919538E-05  2.7948078E-04 -3.934576402380720E-04  2.7953640E-04  5.047427652878896E-05  2.7943982E-04  2.753244426170755E-04  2.7957640E-04  2.922654290263357E-04          0
  94.5  2.840352261660542E-04  2.7957600E-04  1.677085183656031E-04  2.7943654E-04  5.024878809988246E-04  2.7953701E-04  4.814710391309594E-05  2.7947870E-04 -4.764187900209192E-04  2.7944903E-04  3.969526182938729E-04  2.7956781E-04  2.111643476623192E-04  2.7942480E-04  4.459025580868623E-05  2.7959208E-04 -1.320608082893202E-04  2.7949685E-04  2.681310207870097E-04  2.7951970E-04  2.903209229309121E-04          0
  98.0  3.191056569993791E-04  2.7957942E-04  3.044641860552496E-04  2.7943363E-04  5.249616653919968E-04  2.7952908E-04 -3.221266420060802E-05  2.7948713E-04 -3.762374293284938E-04  2.7953627E-04  7.849280758643257E-04  2.7948042E-04  1.513661689898485E-04  2.7949200E-04  2.856959853461035E-05  2.7952453E-04 -2.748587441359324E-04  2.7955781E-04  7.604038186596003E-04  2.7945864E-04  2.884445525077343E-04          0
 101.5  3.084376338807213E-04  2.7957913E-04  3.387601751326599E-04  2.7943452E-04  5.205451812127812E-04  2.7952091E-04  1.697083100923287E-04  2.7949542E-04 -1.733449962230799E-04  2.7953251E-04  5.549709724803592E-04  2.7948396E-04  9.191071810349481E-05  2.7946186E-04 -1.508617884452677E-04  2.7955477E-04 -1.107012881188929E-05  2.7955408E-04  9.096389125894637E-05  2.7946257E-04  2.866371190316908E-04          0
 105.0  3.715412079337361E-04  2.7958785E-04  1.248058391216861E-04  2.7942626E-04  5.804491930935256E-04  2.7951702E-04  1.057925204260384E-04  2.7949917E-04  4.507396734133303E-05  2.7958065E-04  1.103910578962470E-05  2.7943563E-04  6.604633696470795E-05  2.7952881E-04 -2.691751984667148E-05  2.7948819E-04 -1.229267027902060E-04  2.7947095E-04 -2.022047422897434E-04  2.7954597E-04  2.848933901742328E-04          0
 108.5  3.371412916168231E-04  2.7953096E-04 -1.757725567356398E-04  2.7948352E-04  1.704230742952119E-04  2.7950277E-04  8.182060114820738E-05  2.7951275E-04  1.087063660621679E-04  2.7953116E-04 -3.096779855961838E-04  2.7948479E-04 -3.384863397175714E-05  2.7948330E-04 -2.957543132422891E-04  2.7953300E-04 -1.533751176414944E-04  2.7953207E-04 -9.512798817785385E-05  2.7948463E-04  2.832067221472756E-04          0
 112.0  1.498222158718294E-04  2.7946545E-04 -4.373136684927232E-04  2.7954910E-04 -3.004045068215389E-04  2.7953204E-04  2.763304530106705E-04  2.7948312E-04 -3.419213674095444E-05  2.7949898E-04 -2.943067112216917E-04  2.7951761E-04  1.736953176680119E-04  2.7948184E-04 -4.068434819430889E-04  2.7953426E-04  4.512892373431498E-04  2.7947183E-04  3.674143896760827E-05  2.7954512E-04  2.815808929037504E-04          0
 115.5 -1.168903719128687E-04  2.7945453E-04 -5.892603493005592E-04  2.7955999E-04 -3.794228063244374E-04  2.7957187E-04  2.147902464134674E-04  2.7944365E-04 -2.521006335181546E-04  2.7945097E-04 -2.226550837301025E-04  2.7956585E-04  4.571964387735172E-04  2.7946893E-04 -1.016467292699470E-04  2.7954769E-04  7.676920904962773E-05  2.7950756E-04 -6.565428173545765E-04  2.7950911E-04  2.800055956273665E-04          0
 119.0 -2.536804048201844E-04  2.7950630E-04 -4.847381348752665E-04  2.7950842E-04 -9.303397791949329E-06  2.7952867E-04 -8.794077400932183E-05  2.7948710E-04 -2.635889889716190E-04  2.7949681E-04 -2.485971957194446E-04  2.7951951E-04  1.449447765584568E-04  2.7945999E-04 -4.695026800514274E-05  2.7955661E-04  3.995564061211572E-04  2.7952459E-04 -2.577485610626386E-04  2.7949235E-04  2.784662559565439E-04          0
 122.5 -3.106012782576408E-04  2.7953204E-04 -1.989128198994243E-04  2.7948282E-04  1.755253408371985E-04  2.7951346E-04 -4.962888967419122E-04  2.7950232E-04  1.953728712834996E-04  2.7952695E-04 -4.820532160373861E-05  2.7948926E-04  3.649854419090448E-05  2.7953782E-04  4.266257126883902E-04  2.7947903E-04  6.993808124017751E-04  2.7948134E-04  1.489298370110380E-04  2.7953526E-04  2.769764850157015E-04          0
 126.0 -3.402712537721312E-04  2.7956550E-04  3.180227572077782E-04  2.7944951E-04  4.163870580356771E-04  2.7950488E-04 -7.324088671864513E-04  2.7951091E-04  6.732893357553123E-04  2.7950828E-04 -2.858056837274565E-04  2.7950796E-04 -2.171992063735772E-05  2.7943279E-04  6.106938365091180E-05  2.7958377E-04  3.785973110201998E-04  2.7940305E-04  4.659359846706710E-04  2.7961365E-04  2.755308406084866E-04          0
 129.5 -1.203078155874631E-04  2.7956531E-04  7.198130644000695E-04  2.7944981E-04  4.157954520513329E-04  2.7949698E-04 -8.981997551942465E-04  2.7951854E-04  3.559420810702417E-04  2.7953788E-04 -7.012810924812697E-04  2.7947870E-04 -7.730273136532327E-05  2.7952376E-04 -3.319834857933900E-04  2.7949292E-04  3.046845114061262E-04  2.7945659E-04  1.391800435442845E-04  2.7955980E-04  2.741209982881709E-04          0
 133.0  7.917641598765817E-05  2.7952984E-04  9.770146845150323E-04  2.7948544E-04  1.614639309221883E-04  2.7949049E-04 -6.997704362606452E-04  2.7952515E-04  9.259976493645521E-05  2.7955614E-04 -8.348353452685716E-04  2.7946017E-04 -1.251112847273164E-04  2.7951747E-04 -3.478586037769841E-04  2.7949926E-04 -8.136622729581424E-04  2.7952001E-04  2.495222099424878E-04  2.7949694E-04  2.727469563522740E-04          0
 136.5  2.343074666123590E-04  2.7949839E-04  1.048129281797208E-03  2.7951678E-04 -6.418687482627824E-05  2.7950640E-04 -3.334606696251756E-04  2.7950981E-04 -1.493411735324735E-04  2.7951596E-04 -5.911334065837293E-04  2.7950053E-04 -1.179858988410479E-05  2.7942268E-04  6.587711689252096E-04  2.7959419E-04  3.629723746673733E-04  2.7949377E-04 -2.851679057645211E-04  2.7952270E-04  2.714175821390736E-04          0
 140.0  3.974709355312035E-04  2.7954106E-04  1.011224384515410E-03  2.7947384E-04  2.405225252729979E-04  2.7955538E-04 -1.478715703932775E-04  2.7946116E-04  2.011580382797998E-05  2.7952869E-04 -3.087123180899244E-04  2.7948813E-04  3.372982964839567E-04  2.7946028E-04  5.461306339403252E-04  2.7955641E-04  2.540852572627543E-04  2.7955876E-04 -2.647462890597596E-04  2.7945803E-04  2.701283007048781E-04          0
 143.5  5.272027525929433E-04  2.7959172E-04  8.923964266579863E-04  2.7942264E-04  6.042287227585212E-04  2.7952493E-04 -1.395076138182767E-04  2.7949155E-04  7.327128731553396E-05  2.7953856E-04  1.952601522688879E-04  2.7947794E-04  1.193919543202843E-04  2.7941434E-04 -6.361504726928433E-04  2.7960271E-04  1.733331435935068E-04  2.7948638E-04 -1.252336414453649E-04  2.7953098E-04  2.688549851835806E-04          0
 147.0  5.485640910891003E-04  2.7957269E-04  6.582499148940690E-04  2.7944115E-04  4.697961059162430E-04  2.7944354E-04 -6.993351104710906E-05  2.7957350E-04  2.294461600469057E-04  2.7956975E-04  3.242225667705417E-04  2.7944643E-04 -4.654274308820140E-04  2.7953964E-04 -4.965684585807412E-04  2.7947724E-04  6.593568721232408E-04  2.7944631E-04 -5.735760105313643E-05  2.7957052E-04  2.676095710212786E-04          0
 150.5  4.782417391642623E-04  2.7950893E-04  3.163594108887132E-04  2.7950457E-04  1.421918194420824E-05  2.7947202E-04  1.219573332252486E-04  2.7954512E-04  1.800971802842321E-04  2.7949551E-04  3.028799856781163E-04  2.7952073E-04 -2.620731534507581E-04  2.7951680E-04 -1.134448424494979E-04  2.7950025E-04  7.822016207344078E-04  2.7946555E-04 -4.300770890309407E-04  2.7955139E-04  2.664019811370302E-04          0
 154.0  5.034563493693842E-04  2.7946529E-04 -6.649964813271442E-05  2.7954816E-04 -2.987334894400470E-04  2.7954175E-04  1.306820927283502E-04  2.7947488E-04 -1.356777609538169E-04  2.7949614E-04  1.398907429898621E-04  2.7952069E-04  2.406079162018580E-04  2.7946080E-04 -7.138306621722382E-05  2.7955573E-04  2.153159115234194E-04  2.7953917E-04  1.691835356599234E-04  2.7947780E-04  2.652189494220291E-04          0
 157.5  6.880052200244270E-04  2.7947227E-04 -2.751625092217083E-04  2.7954110E-04 -2.486130293858759E-04  2.7950327E-04 -1.848122864521266E-05  2.7951283E-04 -2.148835334670146E-04  2.7945214E-04  9.539925732321425E-05  2.7956432E-04 -3.274405941828180E-05  2.7946085E-04 -1.186754259561906E-04  2.7955589E-04  1.046486922904985E-04  2.7956774E-04  4.147318279849669E-04  2.7944873E-04  2.640554275446236E-04          0
