   1.0.0 # v: lpa-xrd version
1.28e+16 # d: dislocation density [m^-2]
 1  1  0 # z: direction of 'l' (line vector) [uvw]
 1  1  0 # b: Burgers vector direction [uvw]
 2  0  0 # g: diffraction vector direction (hkl)
0.250000 # C: contrast coefficient [1]
0.404600 # a: cell parameter [nm]
    6400 # s: side of the region of interest [nm] PBC1
0.345000 # nu: Poisson's number [1]
  524288 # nd: number of dislocations in the input file
  200000 # np: number of random points
#    L                   cos1       err_cos1                   sin1       err_sin1                   cos2       err_cos2                   sin2       err_sin2                   cos3       err_cos3                   sin3       err_sin3                   cos4       err_cos4                   sin4       err_sin4                   cos5       err_cos5                   sin5       err_sin5                   eps2       nrpo
   1.5  8.193797268989701E-01  1.0600296E-04  1.099612715623654E-02  1.9721033E-04  4.872116614648638E-01  2.1547670E-04  1.106974934045531E-02  2.6635307E-04  2.155715778280161E-01  2.6639075E-04  4.932166420417473E-03  2.7785647E-04  7.185415538315280E-02  2.7796041E-04  8.812154782184554E-04  2.7929121E-04  1.815732000688116E-02  2.7934670E-04 -2.875375172912807E-04  2.7954037E-04  7.776126281031603E-03          0
   3.0  4.794419519860400E-01  2.1792651E-04  1.074583778308293E-02  2.6667826E-04  7.030934086691476E-02  2.7803603E-04  7.161925781360987E-04  2.7929060E-04  3.490072201708455E-03  2.7952817E-04 -2.450875029440273E-04  2.7948143E-04  1.206131524311455E-04  2.7949080E-04 -2.758897316954183E-04  2.7952528E-04 -6.171107533471651E-05  2.7953523E-04  8.860380407368606E-05  2.7948149E-04  7.206090319452407E-03          0
   4.5  2.060420524045695E-01  2.6756680E-04  4.656015581140878E-03  2.7798082E-04  3.335900756868911E-03  2.7952855E-04 -2.130122629101204E-04  2.7948194E-04  4.378961038626269E-05  2.7956550E-04  9.985895139037075E-05  2.7945103E-04  1.822822179491269E-04  2.7954807E-04 -7.864599789962722E-05  2.7946869E-04 -6.604587039633784E-04  2.7953953E-04 -5.093976587679740E-05  2.7947717E-04  6.871827414498660E-03          0
   6.0  6.547974280805126E-02  2.7821670E-04  8.347333817288944E-04  2.7933271E-04  6.397413695297277E-06  2.7946879E-04  7.499614533352622E-05  2.7954773E-04  3.384739638595076E-06  2.7952852E-04 -1.887149657465330E-04  2.7948808E-04 -2.817693141038275E-04  2.7952157E-04 -5.774635323167986E-05  2.7949503E-04  2.091215078979281E-05  2.7953943E-04 -5.117538459600878E-04  2.7947713E-04  6.636238026888841E-03          0
   7.5  1.550071849148048E-02  2.7942619E-04 -9.406850698405167E-05  2.7949574E-04 -4.924342647679221E-06  2.7949708E-04  1.247991453136476E-04  2.7951982E-04 -7.292364682912288E-04  2.7953848E-04  2.284355483668092E-04  2.7947789E-04 -8.108395658430719E-05  2.7950465E-04 -3.776585215456433E-04  2.7951200E-04 -3.985921099345588E-04  2.7950801E-04  1.143455992757747E-04  2.7950791E-04  6.452492774133431E-03          0
   9.0  2.878135266727734E-03  2.7949573E-04 -1.430283062741254E-04  2.7951654E-04 -6.470287659049891E-05  2.7946964E-04 -1.311122317988610E-04  2.7954729E-04  4.613759850463250E-04  2.7948000E-04 -3.284296937506209E-04  2.7953698E-04 -2.781519045051695E-04  2.7945978E-04 -1.836879366101184E-04  2.7955712E-04 -1.729707082300970E-04  2.7949147E-04  2.213071877882061E-04  2.7952523E-04  6.303447657484832E-03          0
  10.5  6.198332391730256E-04  2.7948299E-04 -8.621549387695397E-05  2.7953356E-04 -1.811443184340465E-04  2.7938343E-04  1.476201781941453E-04  2.7963331E-04  7.994787771337570E-06  2.7956086E-04  4.188503494366676E-04  2.7945583E-04 -8.934078824731658E-04  2.7952919E-04 -1.359990819071121E-04  2.7948667E-04  6.682626964715465E-05  2.7954397E-04 -5.256031502826257E-04  2.7947270E-04  6.177228660162591E-03          0
  12.0  3.633127891670216E-04  2.7952374E-04 -1.146298438703995E-05  2.7949300E-04  1.096591362109774E-04  2.7953460E-04  1.951399017137964E-04  2.7948220E-04 -1.336374216569232E-04  2.7948729E-04 -1.082349217922995E-04  2.7952932E-04  1.881173869696081E-04  2.7958185E-04 -1.665742750342131E-04  2.7943497E-04  4.446313494524847E-04  2.7956417E-04  7.344850482757784E-05  2.7945263E-04  6.067745549160778E-03          0
  13.5  2.224545883099413E-04  2.7960097E-04 -1.051393023180306E-04  2.7941525E-04  6.651751112240371E-04  2.7950095E-04 -2.310217540513034E-04  2.7951566E-04 -6.855111333483926E-04  2.7947888E-04  4.509109531348717E-05  2.7953744E-04 -5.131945621333863E-05  2.7951236E-04 -1.987503234456256E-04  2.7950453E-04  2.646047841531419E-04  2.7951550E-04 -1.703278265523460E-04  2.7950100E-04  5.970951822550319E-03          0
  15.0  4.721269235262530E-05  2.7958855E-04 -2.218743769723774E-04  2.7942777E-04  5.757521876420569E-04  2.7949640E-04 -5.498774972970730E-04  2.7952048E-04 -1.927767590071088E-04  2.7953639E-04  2.179885873781865E-04  2.7948038E-04 -8.483954265520149E-05  2.7955762E-04 -1.358691253777234E-04  2.7945911E-04 -8.021783960066677E-04  2.7956836E-04 -2.274738228271155E-04  2.7944859E-04  5.884592063866404E-03          0
  16.5 -2.023547684880338E-04  2.7952520E-04  4.206019170019824E-05  2.7949128E-04  1.214034132055701E-04  2.7948580E-04 -1.498082782867785E-04  2.7953058E-04 -3.291319311045425E-05  2.7950537E-04  3.668391516128814E-04  2.7951160E-04 -1.600012432830558E-04  2.7952915E-04 -1.329487389370395E-04  2.7948748E-04  1.239546147448069E-04  2.7944313E-04  3.348322934811852E-04  2.7957343E-04  5.806813144987352E-03          0
  18.0 -3.946640538170535E-04  2.7950506E-04  3.648603255278245E-04  2.7951161E-04 -2.274211095314100E-05  2.7951778E-04 -2.432990619574299E-05  2.7949921E-04 -1.492221854013486E-04  2.7943585E-04  1.206295996873947E-04  2.7958086E-04  6.695418874706173E-05  2.7949988E-04 -1.910235292637695E-04  2.7951709E-04 -1.337315297538007E-04  2.7949746E-04  4.690372340765635E-04  2.7951911E-04  5.736075974780406E-03          0
  19.5 -6.141709771332084E-04  2.7948611E-04  4.169965099660879E-04  2.7953055E-04 -1.583500100505339E-04  2.7949730E-04  4.862725006684648E-05  2.7951984E-04  2.789563307870161E-04  2.7958168E-04 -1.424939486164827E-04  2.7943512E-04 -8.123576683701658E-05  2.7949620E-04  2.254327201005970E-04  2.7952056E-04  2.807315041251552E-04  2.7945086E-04  4.073746576299641E-05  2.7956626E-04  5.670638891025664E-03          0
  21.0 -6.726068501318512E-04  2.7946548E-04  1.473066116282155E-04  2.7955115E-04 -3.057225999380973E-04  2.7951926E-04  3.418784475341128E-04  2.7949748E-04 -4.055041563091349E-04  2.7950784E-04 -2.425749949025583E-04  2.7950874E-04  7.820987747513572E-05  2.7957058E-04 -5.177706430326304E-04  2.7944615E-04 -3.479793705773721E-04  2.7957837E-04  3.776318913971087E-04  2.7943868E-04  5.609586282522420E-03          0
  22.5 -5.519404555551834E-04  2.7951577E-04 -1.856293003854415E-04  2.7950089E-04  5.361549254747377E-05  2.7950521E-04  2.283621600023361E-04  2.7951157E-04 -3.555359576119767E-04  2.7946329E-04  5.046815741001834E-06  2.7955381E-04 -2.155882338808604E-05  2.7942547E-04 -1.439031313071678E-04  2.7959135E-04  2.592855812100424E-04  2.7950524E-04  2.442274838455944E-04  2.7951173E-04  5.553006635533014E-03          0
  24.0 -1.349391553729604E-05  2.7955043E-04 -1.950944621256792E-04  2.7946626E-04  3.007778404519262E-04  2.7953593E-04  4.138455501380409E-04  2.7948086E-04 -1.319523941810596E-04  2.7951770E-04 -2.155884334930559E-04  2.7949929E-04  1.975316100995982E-04  2.7939875E-04 -1.175916098163820E-04  2.7961838E-04 -5.297889444590893E-04  2.7948627E-04  6.003806261920333E-04  2.7953063E-04  5.499898372215433E-03          0
  25.5  4.918944641443521E-04  2.7959832E-04 -8.829734039454794E-05  2.7941818E-04  6.452146875878733E-04  2.7956597E-04  7.071829810035492E-05  2.7945117E-04 -8.385764687207687E-05  2.7956446E-04  3.360550618988193E-04  2.7945269E-04  4.105523332924410E-04  2.7949783E-04 -3.209413233482612E-06  2.7951922E-04 -2.881756483634197E-04  2.7951793E-04 -4.334179477058293E-05  2.7949876E-04  5.450045375835889E-03          0
  27.0  6.241685502100444E-04  2.7957955E-04  2.072294817890034E-06  2.7943713E-04  5.109914447299972E-04  2.7950629E-04  2.704739025532310E-04  2.7951030E-04 -1.082064818048101E-04  2.7949553E-04 -2.536430045166086E-04  2.7952112E-04 -1.466397233292114E-05  2.7942643E-04 -8.435430806709537E-06  2.7959037E-04  7.025022136622991E-05  2.7951766E-04  4.594230289814075E-04  2.7949913E-04  5.403118172229235E-03          0
  28.5  4.492701146862121E-04  2.7953720E-04 -6.192391546314433E-05  2.7947983E-04  2.059588751952701E-04  2.7952273E-04  1.458391127643346E-04  2.7949433E-04 -3.366139382431699E-04  2.7953506E-04  1.741341354626630E-04  2.7948186E-04  1.022395768454047E-04  2.7950884E-04 -3.126819093236152E-04  2.7950760E-04  3.848812047486441E-04  2.7946159E-04  1.333901133121254E-04  2.7955498E-04  5.358656103042432E-03          0
  30.0  1.152622283200515E-04  2.7951369E-04  4.141785292720313E-06  2.7950338E-04  3.690599927286297E-05  2.7950071E-04  1.935600408486873E-05  2.7951607E-04 -3.803860612482510E-04  2.7949952E-04  3.877253055613846E-04  2.7951759E-04 -5.404663422624882E-05  2.7951539E-04 -1.131376956179421E-04  2.7950148E-04  2.690486137630386E-04  2.7947991E-04 -5.159065060344602E-04  2.7953715E-04  5.316351801913802E-03          0
  31.5 -2.216537018388280E-04  2.7953386E-04  1.141396830327251E-04  2.7948322E-04  1.809490029880853E-04  2.7949811E-04 -1.387293169512803E-04  2.7951813E-04 -1.401878845137347E-04  2.7944461E-04 -3.126708811171468E-04  2.7957202E-04 -7.282234517657020E-05  2.7943208E-04  3.923487836430956E-05  2.7958501E-04 -1.432354908789581E-04  2.7939608E-04 -2.241231500632694E-04  2.7962053E-04  5.276263589865871E-03          0
  33.0 -3.963146542648917E-04  2.7949714E-04  1.660673804179970E-04  2.7951989E-04 -8.126043919298785E-05  2.7951281E-04 -2.303129125247079E-04  2.7950403E-04  1.440895818039809E-04  2.7952340E-04 -2.287123232481187E-04  2.7949330E-04  3.142770428103672E-05  2.7946134E-04 -1.638598888774527E-04  2.7955536E-04  4.796398816508695E-04  2.7954083E-04  2.040978225562094E-04  2.7947575E-04  5.238032888924276E-03          0
  34.5 -8.330588839611114E-05  2.7956982E-04  1.389826089513474E-04  2.7944721E-04  4.392904208143813E-04  2.7950705E-04  3.040714867929773E-04  2.7950958E-04  3.057872736021428E-04  2.7952705E-04 -3.088566844997265E-04  2.7948981E-04 -8.981608545694804E-06  2.7949796E-04  7.874664491768373E-05  2.7951858E-04  2.237883694832028E-04  2.7949627E-04 -1.015045427061256E-05  2.7952054E-04  5.201349561257559E-03          0
  36.0  4.185949867370931E-07  2.7955206E-04 -1.263155123200062E-04  2.7946493E-04  3.125975500540071E-04  2.7953343E-04  4.888419126804674E-04  2.7948275E-04  2.980863470762248E-04  2.7950506E-04  6.161208933917033E-06  2.7951187E-04  1.783720284353814E-04  2.7944714E-04 -1.416467687986535E-04  2.7956970E-04 -2.958431193903064E-04  2.7953480E-04  1.399509296917235E-04  2.7948187E-04  5.166155669614986E-03          0
  37.5 -8.982069394381997E-05  2.7957445E-04 -4.155375325759491E-04  2.7944212E-04  4.746157712561928E-04  2.7948694E-04  2.366557773331960E-04  2.7952989E-04  3.355757984647398E-04  2.7949452E-04 -7.376139704297588E-05  2.7952249E-04 -1.536874637603475E-04  2.7949241E-04 -3.211623299296088E-04  2.7952491E-04  1.235068338718912E-04  2.7948853E-04 -1.002373972223325E-04  2.7952859E-04  5.132407031809158E-03          0
  39.0 -1.567573562363319E-04  2.7951408E-04 -5.590874070938202E-04  2.7950214E-04  4.339249900721805E-05  2.7953868E-04  3.024313143772200E-04  2.7947781E-04 -2.736777861175381E-05  2.7949027E-04  5.834766277983429E-04  2.7952674E-04  2.173660512911072E-04  2.7952120E-04 -1.848441719684827E-05  2.7949594E-04 -3.593874334706341E-04  2.7954302E-04 -9.021008939450244E-05  2.7947356E-04  5.100036104840670E-03          0
