   1.0.0 # v: lpa-xrd version
8.00e+14 # d: dislocation density [m^-2]
 1  1  0 # z: direction of 'l' (line vector) [uvw]
 1  1  0 # b: Burgers vector direction [uvw]
 2  0  0 # g: diffraction vector direction (hkl)
0.250000 # C: contrast coefficient [1]
0.404940 # a: cell parameter [nm]
    6400 # s: side of the region of interest [nm] PBC1
0.345000 # nu: Poisson's number [1]
   32768 # nd: number of dislocations in the input file
  200000 # np: number of random points
#    L                   cos1       err_cos1                   sin1       err_sin1                   cos2       err_cos2                   sin2       err_sin2                   cos3       err_cos3                   sin3       err_sin3                   cos4       err_cos4                   sin4       err_sin4                   cos5       err_cos5                   sin5       err_sin5                   eps2       nrpo
   3.5  9.411750974210095E-01  5.9405000E-05 -1.711075547283945E-02  1.1642975E-04  8.169706956364653E-01  1.2464441E-04 -2.953268756318651E-02  1.8467686E-04  6.734556485867382E-01  1.7583219E-04 -3.616806548073165E-02  2.2544612E-04  5.358295974272616E-01  2.1100771E-04 -3.810216248041271E-02  2.5015816E-04  4.134971832987208E-01  2.3552590E-04 -3.689856002397063E-02  2.6415391E-04  4.525185186093477E-04          0
   7.0  8.138249243573887E-01  1.2755302E-04 -2.940220832161609E-02  1.8491350E-04  5.349008017863991E-01  2.1140485E-04 -3.797622752763950E-02  2.5017104E-04  3.090725598806235E-01  2.5269028E-04 -3.358324868048661E-02  2.7134213E-04  1.557590141123648E-01  2.7116269E-04 -2.373954401119127E-02  2.7640652E-04  6.748605341534016E-02  2.7737254E-04 -1.303741788053599E-02  2.7778938E-04  4.165440385804815E-04          0
  10.5  6.689882023152802E-01  1.7841125E-04 -3.584906944970221E-02  2.2559915E-04  3.087394685189643E-01  2.5277834E-04 -3.346566333800829E-02  2.7132776E-04  1.044251218610479E-01  2.7521480E-04 -1.827509856352067E-02  2.7726366E-04  2.559646779916579E-02  2.7874637E-04 -5.466088034561591E-03  2.7872691E-04  5.440460955355328E-03  2.7929020E-04 -2.891312435031382E-03  2.7920216E-04  3.953744663725824E-04          0
  14.0  5.319065778405706E-01  2.1258510E-04 -3.769036281799089E-02  2.5024775E-04  1.555883418762758E-01  2.7115777E-04 -2.373135394728309E-02  2.7642849E-04  2.558048791193020E-02  2.7875223E-04 -5.534845019617495E-03  2.7871900E-04  3.213927521973466E-03  2.7941739E-04 -3.273253476357717E-03  2.7920933E-04  1.642641021646248E-03  2.7957294E-04 -3.332545774130376E-03  2.7923423E-04  3.805199707518537E-04          0
  17.5  4.108465523432354E-01  2.3631625E-04 -3.656657796940428E-02  2.6417271E-04  6.770794713500249E-02  2.7739530E-04 -1.303794668014935E-02  2.7776693E-04  5.237052302626782E-03  2.7922802E-04 -2.831393422645739E-03  2.7926266E-04  1.614369248401656E-03  2.7956275E-04 -3.467492018731732E-03  2.7924057E-04 -5.024313973911979E-04  2.7960458E-04  2.494502867642169E-03  2.7926578E-04  3.689786520421048E-04          0
  21.0  3.076252781868217E-01  2.5301354E-04 -3.342789661582116E-02  2.7131543E-04  2.568121674364830E-02  2.7877798E-04 -5.477435836442627E-03  2.7869577E-04  1.902285404167146E-03  2.7956777E-04 -3.503866812013376E-03  2.7919281E-04 -2.709066772915064E-04  2.7956146E-04  1.281202419467509E-03  2.7929569E-04 -4.175640426250005E-05  2.7975727E-04  2.741516118039593E-03  2.7913344E-04  3.595950546891191E-04          0
  24.5  2.226772939875157E-01  2.6420931E-04 -2.883572207302938E-02  2.7476385E-04  8.894798980215297E-03  2.7913711E-04 -2.940297012586127E-03  2.7915051E-04  1.352930321034848E-03  2.7949121E-04 -2.757082780283492E-03  2.7932621E-04 -3.281789658501976E-04  2.7975245E-04  3.818204246824190E-03  2.7913345E-04  1.103677161912128E-03  2.7971306E-04 -6.359768345438341E-04  2.7921302E-04  3.516772755365025E-04          0
  28.0  1.553547038758520E-01  2.7115403E-04 -2.361000748673229E-02  2.7645715E-04  3.054666416901070E-03  2.7937234E-04 -3.101712040795211E-03  2.7925567E-04 -1.781181750325537E-05  2.7956010E-04  1.380637697300932E-03  2.7930059E-04  5.761801655382075E-04  2.7974876E-04  1.681360406725606E-03  2.7914998E-04  1.453058550179341E-03  2.7943520E-04 -2.723617336423229E-03  2.7953141E-04  3.448741708431577E-04          0
  31.5  1.043201864706830E-01  2.7519228E-04 -1.818266852650173E-02  2.7729698E-04  1.624982681951480E-03  2.7956676E-04 -3.647627350459915E-03  2.7919896E-04 -4.587164936867144E-04  2.7975686E-04  3.829780391993160E-03  2.7912634E-04  1.535114638039401E-03  2.7970223E-04 -1.079777160214719E-03  2.7923369E-04  5.740786493730441E-04  2.7937955E-04 -1.724640814311842E-03  2.7959225E-04  3.387959935816278E-04          0
  35.0  6.762166686924691E-02  2.7737853E-04 -1.302440137599946E-02  2.7778301E-04  1.484031095392144E-03  2.7960879E-04 -3.481661657253397E-03  2.7919650E-04  1.132712666774888E-04  2.7972092E-04  2.955372106855406E-03  2.7917099E-04  1.616968560090497E-03  2.7947287E-04 -2.636175603202629E-03  2.7949507E-04  1.074577996335867E-03  2.7959925E-04 -1.123534225330082E-03  2.7938651E-04  3.332519598036049E-04          0
  38.5  4.239713760626004E-02  2.7837044E-04 -8.763277937014112E-03  2.7826051E-04  6.773815613987042E-04  2.7949685E-04 -1.828999871173137E-03  2.7933175E-04  1.160485112497314E-03  2.7974134E-04  1.204462188060624E-03  2.7916934E-04  5.983731303921723E-04  2.7930713E-04 -2.064183518664097E-03  2.7966483E-04  2.175000158820881E-03  2.7959995E-04 -2.738814419395128E-03  2.7938611E-04  3.281814835375993E-04          0
  42.0  2.584460466975669E-02  2.7874414E-04 -5.678399869552360E-03  2.7872326E-04 -4.711612891641158E-04  2.7950826E-04  1.134997182538325E-03  2.7934721E-04  1.456844620122376E-03  2.7968386E-04 -6.293562366580477E-04  2.7925197E-04  4.756961437597045E-04  2.7953241E-04 -7.707630491781128E-04  2.7944507E-04  2.187871125213285E-03  2.7934155E-04  1.513276695506603E-04  2.7964799E-04  3.235442347513313E-04          0
  45.5  1.545125584554991E-02  2.7898688E-04 -3.798176345913264E-03  2.7898434E-04 -5.386045372590298E-04  2.7969455E-04  3.230137763048137E-03  2.7917973E-04  1.786606950814664E-03  2.7948790E-04 -2.223647894674381E-03  2.7947434E-04  1.719598713386479E-03  2.7964738E-04 -2.006863912905459E-03  2.7933969E-04  2.302692603712568E-03  2.7953475E-04  2.599224405167493E-03  2.7945446E-04  3.192182113236469E-04          0
  49.0  9.088285007225659E-03  2.7913239E-04 -3.002146705894268E-03  2.7915628E-04 -3.602849748938794E-04  2.7973036E-04  3.683786196070698E-03  2.7915367E-04  9.038567788338350E-04  2.7937959E-04 -2.791932444667008E-03  2.7959076E-04  2.003431307385030E-03  2.7949229E-04 -2.158645365296382E-03  2.7949483E-04  1.850610915994758E-03  2.7947433E-04  1.171083155348353E-03  2.7951213E-04  3.151772416404136E-04          0
  52.5  5.218561002630292E-03  2.7923187E-04 -2.770291263646061E-03  2.7925851E-04 -9.742633102438955E-05  2.7972884E-04  3.106372214335463E-03  2.7915658E-04  5.856875147864911E-04  2.7938501E-04 -1.357474321640324E-03  2.7958744E-04  2.083539624193359E-03  2.7936117E-04  3.544258019909404E-04  2.7962993E-04  1.249277694226733E-03  2.7952381E-04  1.847296533297729E-04  2.7947189E-04  3.114168133770699E-04          0
  56.0  2.949516115537982E-03  2.7936822E-04 -2.991949239678531E-03  2.7925504E-04  5.742611831839584E-04  2.7973868E-04  1.889003609227418E-03  2.7915920E-04  8.438391978501866E-04  2.7956136E-04 -6.142083836775563E-04  2.7941749E-04  2.173185406840614E-03  2.7959030E-04  2.438152707983399E-03  2.7940234E-04  1.896148160121873E-04  2.7950048E-04 -8.506469399750307E-04  2.7950601E-04  3.079091919626210E-04          0
  59.5  1.945162912007184E-03  2.7948831E-04 -3.377278993442379E-03  2.7921968E-04  1.197368548170520E-03  2.7975910E-04  5.243474037132663E-04  2.7915870E-04  1.462791797084723E-03  2.7962721E-04 -1.492850784643961E-03  2.7935840E-04  2.262995858257913E-03  2.7947621E-04  1.767106959167894E-03  2.7950979E-04 -8.397336155443855E-04  2.7970731E-04 -1.996687411969298E-04  2.7930085E-04  3.045592300814552E-04          0
  63.0  1.690860107842915E-03  2.7957274E-04 -3.683757649235126E-03  2.7918726E-04  1.594916396193107E-03  2.7968341E-04 -8.849718322084219E-04  2.7925076E-04  2.179751105530677E-03  2.7956656E-04 -2.678771547785324E-03  2.7941897E-04  1.647484061628943E-03  2.7946416E-04  1.156090404660877E-03  2.7952199E-04 -6.945834110020201E-04  2.7946858E-04  5.199427531100853E-04  2.7953705E-04  3.013879866148784E-04          0
  66.5  1.774267205972904E-03  2.7958962E-04 -3.686978682712221E-03  2.7919804E-04  1.575396240445604E-03  2.7954157E-04 -1.991341306403902E-03  2.7941038E-04  2.169388145448003E-03  2.7943071E-04 -1.591331485533039E-03  2.7955588E-04  5.324970886480729E-04  2.7951283E-04 -8.134473513020959E-05  2.7948664E-04  1.305725007697933E-04  2.7959692E-04 -1.058505054064248E-03  2.7940795E-04  2.984098401303425E-04          0
  70.0  1.641103487692306E-03  2.7956872E-04 -3.499390072964302E-03  2.7923484E-04  1.326917058633813E-03  2.7945655E-04 -2.598809943179787E-03  2.7950904E-04  1.926612960284835E-03  2.7936176E-04  3.101125846406800E-04  2.7962925E-04 -1.674977899406425E-04  2.7947719E-04 -7.270430281474340E-04  2.7952946E-04  7.304603275498201E-04  2.7950306E-04 -5.722489869264840E-04  2.7950559E-04  2.955729833329736E-04          0
  73.5  1.218868000065273E-03  2.7951454E-04 -2.866583546162821E-03  2.7930175E-04  8.411630900064656E-04  2.7938851E-04 -2.390920857351559E-03  2.7958421E-04  1.645486294511118E-03  2.7951376E-04  1.848257990358724E-03  2.7947975E-04 -7.086557535040704E-04  2.7964321E-04 -4.660048977286217E-04  2.7936581E-04  9.053466198362159E-04  2.7950234E-04 -5.134380307117641E-04  2.7950470E-04  2.928811299857184E-04          0
  77.0  7.663205273225270E-04  2.7950454E-04 -1.675767749535367E-03  2.7932425E-04  6.552135327383595E-04  2.7938484E-04 -1.701814272335741E-03  2.7958772E-04  2.028814619903271E-03  2.7955927E-04  2.451023041919216E-03  2.7942841E-04 -7.403764970753605E-04  2.7955072E-04  1.486861468375881E-04  2.7945645E-04  3.052798891846589E-04  2.7950625E-04 -1.032039406750997E-03  2.7950323E-04  2.903096174438085E-04          0
  80.5  2.658938486463200E-04  2.7952787E-04 -2.256922764098163E-04  2.7931525E-04  6.973362906596999E-04  2.7942977E-04 -7.929498545469236E-04  2.7954359E-04  1.954273542654999E-03  2.7952548E-04  1.915804185960628E-03  2.7945716E-04 -4.261558377474505E-04  2.7951612E-04 -1.165102641249472E-04  2.7948947E-04 -1.232597140636826E-03  2.7949276E-04 -9.745346326588153E-04  2.7951876E-04  2.878435457564960E-04          0
  84.0 -8.688924199305216E-05  2.7958700E-04  1.245955559639492E-03  2.7926924E-04  1.010472538400670E-03  2.7953498E-04 -4.895796265480389E-04  2.7944390E-04  1.679243859446407E-03  2.7948055E-04  8.825282808112517E-04  2.7950411E-04  2.994695961555188E-04  2.7956538E-04 -9.698445740784010E-04  2.7944091E-04 -5.800014972681172E-04  2.7955936E-04 -3.640220246648572E-04  2.7945383E-04  2.854941256091506E-04          0
  87.5 -1.980617057833244E-04  2.7965293E-04  2.441319974886000E-03  2.7921259E-04  1.414285585464446E-03  2.7958847E-04 -1.030166192419372E-03  2.7939758E-04  1.019113063851121E-03  2.7949403E-04  6.209575060120505E-05  2.7949873E-04  6.723938492705047E-04  2.7950629E-04 -3.576932929196670E-04  2.7950340E-04 -1.287207896514017E-04  2.7948003E-04  3.932388220926902E-04  2.7953052E-04  2.832571132747551E-04          0
  91.0 -2.135791301466668E-04  2.7970844E-04  3.210675268684091E-03  2.7916521E-04  1.785963487910085E-03  2.7959708E-04 -1.921791856997895E-03  2.7939030E-04  2.181930467975558E-04  2.7945715E-04 -3.829851817738135E-04  2.7954642E-04  7.510534950100716E-04  2.7950733E-04 -2.099171245181457E-04  2.7950060E-04  4.305064956940343E-04  2.7954387E-04  2.267957388862003E-05  2.7946734E-04  2.811255628535210E-04          0
  94.5 -1.857151616171882E-04  2.7975639E-04  3.539320608192823E-03  2.7912370E-04  2.139729311202584E-03  2.7953285E-04 -2.622628421519134E-03  2.7945341E-04 -4.671923087401953E-04  2.7946868E-04 -1.070608826794496E-03  2.7953953E-04  3.067067092256446E-04  2.7947666E-04 -1.280568725623627E-04  2.7953125E-04  4.540124083436390E-04  2.7936112E-04 -2.155782152072250E-04  2.7965224E-04  2.791016861585626E-04          0
  98.0 -1.883368491934904E-04  2.7973991E-04  3.508257562255288E-03  2.7914416E-04  2.062952061997376E-03  2.7945108E-04 -2.160538364040342E-03  2.7953500E-04 -8.878893801116336E-04  2.7962394E-04 -5.467079599379770E-04  2.7938491E-04 -2.672917673444038E-04  2.7952508E-04 -5.290340808016302E-04  2.7948396E-04  4.541104642700994E-04  2.7945479E-04  2.146438439720149E-04  2.7955866E-04  2.771463847704969E-04          0
 101.5 -3.517229140715257E-05  2.7972086E-04  3.360406996758522E-03  2.7916614E-04  1.978665788681534E-03  2.7932998E-04 -8.494929819402884E-04  2.7965602E-04 -9.701567695433553E-04  2.7966958E-04  5.633348314385410E-04  2.7933793E-04 -1.131708811000250E-03  2.7953924E-04 -8.798424231394239E-04  2.7947208E-04  4.761286162655142E-04  2.7953777E-04 -1.679032432603434E-04  2.7947656E-04  2.752592583605302E-04          0
 105.0  3.711447171627954E-04  2.7970463E-04  3.005116564080686E-03  2.7918456E-04  1.911306815328400E-03  2.7939947E-04  4.518956792761081E-04  2.7959067E-04 -9.837678788694672E-04  2.7939963E-04  8.539075201069959E-04  2.7960506E-04 -6.584086047880224E-04  2.7950073E-04 -2.119365758273308E-05  2.7951205E-04  4.025926847633065E-04  2.7942106E-04 -1.041084114547637E-03  2.7959253E-04  2.734002469239250E-04          0
 108.5  8.135500607286928E-04  2.7970421E-04  2.400667800894173E-03  2.7918780E-04  1.941285936536143E-03  2.7947838E-04  1.688841153922989E-03  2.7951379E-04 -2.647233066177128E-04  2.7941738E-04 -2.746510459916419E-06  2.7958720E-04 -1.087508876993770E-04  2.7947718E-04  2.176820137342095E-04  2.7953494E-04 -1.188119948052698E-04  2.7960967E-04 -5.884602471367549E-04  2.7940372E-04  2.716377690515792E-04          0
 112.0  1.227621430304154E-03  2.7972653E-04  1.688354285049319E-03  2.7917044E-04  2.109778164445666E-03  2.7958597E-04  2.300562703778898E-03  2.7940377E-04  1.055464271042846E-04  2.7962319E-04 -1.082706681316175E-03  2.7938263E-04  6.666589804497655E-04  2.7953379E-04  2.365691454842098E-04  2.7947780E-04  1.020265136610011E-04  2.7958586E-04 -2.164292571477205E-04  2.7942828E-04  2.699274139346683E-04          0
 115.5  1.486530812547372E-03  2.7973126E-04  9.781859962587787E-04  2.7917364E-04  2.120100804839529E-03  2.7960368E-04  2.300629090024548E-03  2.7938220E-04  5.320483057825553E-04  2.7957733E-04 -8.966875324679524E-04  2.7943039E-04  7.977560858544050E-04  2.7946085E-04  1.122075511703292E-04  2.7955113E-04  6.870087660023275E-04  2.7948089E-04 -4.137693610838527E-04  2.7953364E-04  2.682533265292845E-04          0
 119.0  1.587141772103643E-03  2.7968727E-04  3.471263153807152E-04  2.7922723E-04  1.759537214387117E-03  2.7957815E-04  1.818945176474617E-03  2.7940351E-04  7.258698763308771E-04  2.7950967E-04 -7.166905717036602E-05  2.7949836E-04  6.194194413101972E-04  2.7944232E-04 -4.146589292632584E-05  2.7957014E-04  1.344515467101685E-03  2.7946679E-04 -2.933228080534584E-04  2.7954755E-04  2.666342079068234E-04          0
 122.5  1.552770757783640E-03  2.7967323E-04 -2.769193412669424E-04  2.7925188E-04  1.602529972165042E-03  2.7953474E-04  1.175703247363000E-03  2.7944568E-04  8.882092657840886E-04  2.7948219E-04  2.889307252729044E-05  2.7952587E-04  3.102445899078498E-04  2.7942412E-04 -1.362886486335925E-04  2.7959049E-04  7.378335080476734E-04  2.7946320E-04 -3.200772263227769E-04  2.7955021E-04  2.650654480303535E-04          0
 126.0  1.403597342656395E-03  2.7966608E-04 -7.943287422754754E-04  2.7927036E-04  1.493540171008408E-03  2.7949032E-04  7.897068162154605E-04  2.7949350E-04  5.511106274786924E-04  2.7952782E-04  3.844534396133923E-05  2.7948039E-04 -1.957328802051423E-05  2.7951301E-04 -9.542603270461266E-05  2.7950123E-04 -5.112904341359698E-04  2.7950851E-04 -1.251612704326386E-04  2.7950417E-04  2.635750022970015E-04          0
 129.5  1.325819224545417E-03  2.7959431E-04 -1.246794510235954E-03  2.7935390E-04  9.222491407126448E-04  2.7950362E-04  2.953518361657492E-04  2.7948869E-04  1.559223043366749E-04  2.7953601E-04 -3.217039459067869E-04  2.7947253E-04  5.070567042688952E-05  2.7946793E-04 -6.760951437422305E-04  2.7954593E-04 -2.508354164848607E-04  2.7947673E-04  7.272937887490144E-04  2.7953657E-04  2.620989299156829E-04          0
 133.0  1.304169490255631E-03  2.7956454E-04 -1.622546505378691E-03  2.7939333E-04  6.609102523559033E-04  2.7947744E-04  1.478704121465034E-07  2.7952184E-04 -2.943705075262460E-04  2.7952392E-04 -9.066122277455341E-04  2.7948570E-04 -1.552737498303224E-04  2.7942426E-04 -9.501877289493916E-04  2.7958899E-04  3.836517762926305E-04  2.7951315E-04  8.536479917830187E-04  2.7950166E-04  2.606774107584691E-04          0
 136.5  1.309410874043712E-03  2.7953243E-04 -2.086386569363629E-03  2.7943209E-04  3.937235406457855E-04  2.7945341E-04 -3.660033200490318E-04  2.7955061E-04 -5.655341007582324E-04  2.7948782E-04 -6.596975019871624E-04  2.7952361E-04 -3.389818525909720E-04  2.7947718E-04 -3.642876031170644E-04  2.7953461E-04  5.776880838673841E-04  2.7947069E-04  2.047379037532183E-04  2.7954395E-04  2.593087238560316E-04          0
 140.0  1.067933983874575E-03  2.7946740E-04 -2.529259185974910E-03  2.7950114E-04 -9.975626536842800E-05  2.7947824E-04 -6.895594313929827E-04  2.7952861E-04 -7.921241173937803E-05  2.7947391E-04 -2.379797993056034E-04  2.7953823E-04 -1.687027558383000E-04  2.7953542E-04 -5.354082563801952E-04  2.7947737E-04  1.393438636661205E-04  2.7950363E-04 -6.336240880542438E-06  2.7951206E-04  2.579488716826727E-04          0
 143.5  9.024855071691906E-04  2.7942354E-04 -2.880062636546982E-03  2.7954592E-04 -4.318175503595057E-04  2.7955126E-04 -8.179793950286783E-04  2.7945617E-04 -2.366977050228099E-04  2.7954969E-04  3.725529660505641E-04  2.7946157E-04  3.504148413444330E-04  2.7943602E-04 -5.557064824494950E-04  2.7957867E-04 -3.720253501775102E-05  2.7960547E-04 -4.406552053708336E-04  2.7940983E-04  2.566328352274491E-04          0
 147.0  7.448671187056911E-04  2.7938303E-04 -2.829366515017225E-03  2.7958644E-04 -7.276830029033143E-04  2.7961348E-04 -4.350087477787976E-04  2.7939421E-04  1.903384111276500E-04  2.7951830E-04  4.055105508077745E-04  2.7949180E-04  7.884216002160823E-04  2.7947327E-04 -1.804414228137259E-04  2.7954150E-04 -1.033800698797786E-04  2.7954822E-04  5.000972841709912E-04  2.7946686E-04  2.553516475417233E-04          0
 150.5  5.630622809895862E-04  2.7934674E-04 -2.533641594330252E-03  2.7962200E-04 -9.842734040156878E-04  2.7965898E-04 -6.009398675621319E-05  2.7934863E-04  5.205866833226146E-04  2.7957412E-04  2.584150085747503E-04  2.7943663E-04  1.108935968795641E-03  2.7944864E-04 -1.104257189454042E-04  2.7956580E-04 -2.147458323319593E-05  2.7952637E-04  2.396411715905427E-04  2.7948851E-04  2.541067882605881E-04          0
 154.0  4.728541050775300E-04  2.7937507E-04 -2.047172884965995E-03  2.7959349E-04 -7.830996355661453E-04  2.7952019E-04  8.650495692665087E-05  2.7948737E-04  8.950260644692103E-04  2.7945006E-04 -9.922113628201535E-05  2.7956106E-04  1.150236987685871E-04  2.7948728E-04 -3.525236367205123E-04  2.7952690E-04  1.115359436735295E-05  2.7952449E-04  1.215019780655725E-04  2.7949016E-04  2.529041532206991E-04          0
 157.5  4.326227775456410E-04  2.7941588E-04 -1.544289351345214E-03  2.7955353E-04 -5.013436069120088E-04  2.7943231E-04  1.374753409431823E-04  2.7957434E-04  6.100553597204785E-04  2.7937933E-04 -2.009503417443977E-04  2.7963197E-04 -5.058960324131219E-04  2.7956779E-04 -4.235032302953452E-04  2.7944570E-04 -2.064561840245057E-04  2.7952212E-04  4.711877999240853E-05  2.7949300E-04  2.517028358759854E-04          0
