   1.0.0 # v: lpa-xrd version
1.28e+16 # d: dislocation density [m^-2]
 1  1  0 # z: direction of 'l' (line vector) [uvw]
 1  1  0 # b: Burgers vector direction [uvw]
 2  0  0 # g: diffraction vector direction (hkl)
0.250000 # C: contrast coefficient [1]
0.404940 # a: cell parameter [nm]
    6400 # s: side of the region of interest [nm] PBC1
0.345000 # nu: Poisson's number [1]
  524288 # nd: number of dislocations in the input file
  200000 # np: number of random points
#    L                   cos1       err_cos1                   sin1       err_sin1                   cos2       err_cos2                   sin2       err_sin2                   cos3       err_cos3                   sin3       err_sin3                   cos4       err_cos4                   sin4       err_sin4                   cos5       err_cos5                   sin5       err_sin5                   eps2       nrpo
   1.5  8.288972159256562E-01  1.1460122E-04  1.163569352434241E-02  1.8574700E-04  5.427407868465729E-01  2.0773816E-04  1.219839888085781E-02  2.5465808E-04  3.021392002067673E-01  2.5541821E-04  5.602334608043286E-03  2.7410009E-04  1.445784337672154E-01  2.7365115E-04 -8.445202921252008E-04  2.7821365E-04  5.973310634820327E-02  2.7852273E-04 -3.423078555752296E-03  2.7911213E-04  7.861681574268486E-03          0
   3.0  5.396980280513122E-01  2.0896339E-04  1.217984836688518E-02  2.5472135E-04  1.444743711759018E-01  2.7367403E-04 -7.584815330231379E-04  2.7820573E-04  2.190502864068490E-02  2.7944230E-04 -2.688261106093371E-03  2.7931908E-04  3.264594110924945E-03  2.7957081E-04  5.438955831906162E-06  2.7940426E-04  1.229176425549419E-03  2.7948659E-04  2.169582244623187E-04  2.7951016E-04  7.287159691128211E-03          0
   4.5  3.006673005253422E-01  2.5572358E-04  5.834376517529171E-03  2.7410955E-04  2.208536292074758E-02  2.7941026E-04 -2.738313078117625E-03  2.7935037E-04  1.777006280162867E-03  2.7951419E-04  2.807568228084738E-04  2.7947277E-04  6.837363256635540E-04  2.7949232E-04 -7.189498138878781E-05  2.7951245E-04  8.781410536314550E-04  2.7955712E-04 -6.210706682812749E-04  2.7945415E-04  6.951153249075213E-03          0
   6.0  1.440159647618871E-01  2.7373617E-04 -5.205177480669238E-04  2.7818894E-04  3.406221529579451E-03  2.7959644E-04 -5.301595685123078E-05  2.7937888E-04  8.232535978929129E-04  2.7951038E-04  9.631660793735447E-05  2.7949405E-04  7.708659774016636E-04  2.7959312E-04 -5.786125628384287E-04  2.7941833E-04 -2.757709155742787E-04  2.7951138E-04  3.315245173251801E-04  2.7949957E-04  6.713761042213398E-03          0
   7.5  5.958105842773456E-02  2.7852635E-04 -3.293713541931437E-03  2.7911249E-04  1.250987367812213E-03  2.7948208E-04  4.721946937974180E-04  2.7951248E-04  1.031177879783570E-03  2.7951152E-04 -7.244532185653438E-04  2.7949987E-04 -1.299268458306744E-04  2.7947318E-04  4.366026497468779E-04  2.7953895E-04  1.681199209730140E-04  2.7948111E-04  4.575030849398351E-04  2.7953310E-04  6.528541256106662E-03          0
   9.0  2.204700578349495E-02  2.7941908E-04 -2.879063478015210E-03  2.7933985E-04  7.400861095772424E-04  2.7950602E-04 -3.460331129261118E-05  2.7949898E-04  3.761399363852277E-04  2.7942451E-04 -3.527662595225840E-05  2.7958747E-04  1.306242570856657E-05  2.7943149E-04  3.015340884507896E-04  2.7958319E-04 -2.027184392688096E-05  2.7945262E-04 -3.886576277717135E-04  2.7956175E-04  6.376811996670389E-03          0
  10.5  7.830809345405244E-03  2.7960553E-04 -1.146125884523046E-03  2.7933495E-04  1.009501419744623E-03  2.7950683E-04 -2.197826271208376E-04  2.7950374E-04 -2.454682732092819E-04  2.7955470E-04  4.049786482567113E-04  2.7945821E-04  9.184300326008632E-06  2.7939691E-04 -5.908080334709578E-04  2.7961815E-04 -1.330807539881369E-05  2.7957351E-04 -1.651830451131194E-04  2.7944186E-04  6.249182009411018E-03          0
  12.0  3.224472523748719E-03  2.7957563E-04 -1.416410992099265E-04  2.7939783E-04  6.275073358142555E-04  2.7957651E-04 -3.394320971627255E-04  2.7943390E-04  4.410567887397121E-04  2.7944946E-04  3.353646466351818E-04  2.7956495E-04  5.064969985445030E-04  2.7952626E-04 -3.277174502112008E-05  2.7948931E-04 -1.894507422406155E-04  2.7948686E-04 -3.721010283897958E-04  2.7952784E-04  6.138149846515082E-03          0
  13.5  2.011799918399681E-03  2.7951039E-04  2.428113682599662E-04  2.7947592E-04  1.076903013743697E-04  2.7944026E-04  1.050656961439740E-04  2.7957160E-04 -3.299015263208938E-05  2.7940991E-04 -5.557078224110212E-04  2.7960478E-04 -4.818678894319109E-04  2.7946618E-04 -5.889987953726206E-05  2.7954889E-04 -3.008955714823595E-04  2.7951641E-04  5.556341980148451E-04  2.7949904E-04  6.039483739381329E-03          0
  15.0  1.346457408910874E-03  2.7945802E-04  4.950664750987906E-05  2.7953735E-04 -3.015099514319822E-04  2.7951471E-04  2.420131984349145E-04  2.7949821E-04  2.410345835359901E-04  2.7949986E-04 -4.990700166238076E-04  2.7951504E-04  5.190885277338222E-05  2.7950092E-04 -4.039750140928659E-05  2.7951395E-04  3.057961090676259E-04  2.7947647E-04  6.374246233544513E-05  2.7953907E-04  5.951409640313526E-03          0
  16.5  9.483908921557640E-04  2.7941677E-04 -3.315048963185429E-05  2.7958406E-04 -6.139051426372698E-04  2.7957453E-04  3.205917432812923E-04  2.7943966E-04  6.888677781093170E-04  2.7951484E-04  2.986488159649835E-04  2.7950083E-04  4.791237873555139E-04  2.7954084E-04  3.579134610313569E-04  2.7947510E-04 -4.686448044068992E-04  2.7951621E-04  4.514926264287816E-04  2.7949991E-04  5.871465954479647E-03          0
  18.0  8.017653228242677E-04  2.7950404E-04 -2.662753096286151E-04  2.7950078E-04  2.308049788061483E-06  2.7947007E-04  3.487061810232826E-04  2.7954478E-04 -1.925025475514079E-04  2.7955012E-04 -5.279486572705713E-04  2.7946530E-04 -2.660839753426871E-04  2.7954508E-04 -3.617640196773446E-05  2.7947040E-04 -1.231156448717040E-04  2.7947103E-04 -1.469444557139839E-05  2.7954512E-04  5.798429206318663E-03          0
  19.5  5.864313631144021E-04  2.7953458E-04 -2.809667437590693E-04  2.7947451E-04  2.093049449980338E-04  2.7952352E-04 -4.222296788559989E-04  2.7949064E-04 -4.215118858645332E-05  2.7950821E-04 -2.631807185873505E-04  2.7950661E-04  1.164688942334754E-04  2.7952346E-04  1.935224470096464E-04  2.7949255E-04 -3.263218555654686E-04  2.7943474E-04 -7.352351331415335E-04  2.7958110E-04  5.730296799605138E-03          0
  21.0  8.461319041887376E-04  2.7954339E-04 -2.224510275889286E-04  2.7946774E-04  2.668637884873590E-04  2.7945670E-04 -6.083933215905376E-04  2.7955739E-04  3.037439255294774E-04  2.7946643E-04  4.335365897734847E-04  2.7954917E-04 -3.601663906030728E-04  2.7956876E-04  4.781052045555763E-04  2.7944681E-04  2.831478936043080E-04  2.7951876E-04  7.652691589508615E-05  2.7949745E-04  5.667763263621540E-03          0
  22.5  1.041342862073679E-03  2.7958823E-04 -2.545203011890179E-04  2.7942236E-04  5.898183541608464E-04  2.7952461E-04 -2.697925954199494E-04  2.7948980E-04  9.342079833921079E-05  2.7946778E-04  5.486910547012147E-04  2.7954739E-04  1.227868567389605E-04  2.7947184E-04 -4.166066983779476E-04  2.7954453E-04 -6.210446809000277E-06  2.7951965E-04  6.478391592541318E-05  2.7949690E-04  5.609427769009288E-03          0
  24.0  9.238068709886149E-04  2.7958598E-04 -2.752994609462894E-04  2.7942351E-04  5.745700266546084E-04  2.7948149E-04  5.733066967935168E-05  2.7953389E-04  4.219779149511254E-04  2.7942687E-04 -3.954177567836518E-04  2.7958744E-04 -1.875303582866724E-04  2.7951544E-04 -5.072841970084669E-04  2.7950078E-04 -1.229145034872553E-04  2.7952392E-04  7.373044398687840E-04  2.7949250E-04  5.555138550723715E-03          0
  25.5  5.934755997759149E-04  2.7954094E-04 -2.690560388433842E-04  2.7946911E-04  2.491890888140245E-04  2.7952187E-04 -1.212043804955527E-04  2.7949431E-04  4.396098725371080E-04  2.7956448E-04  2.282892728390471E-04  2.7945079E-04  9.957393476669789E-05  2.7954699E-04 -1.428027046648640E-04  2.7946931E-04  4.767677173392844E-06  2.7953080E-04  3.059901390329890E-04  2.7948581E-04  5.504376219465516E-03          0
  27.0  6.883811382310019E-05  2.7946825E-04 -2.019052612969745E-04  2.7954302E-04 -2.746695863805744E-04  2.7955674E-04 -4.222594257496782E-04  2.7945892E-04 -1.250043116728178E-04  2.7946763E-04  3.615361107214515E-04  2.7954805E-04  3.501363445545015E-04  2.7958631E-04  4.748544271905561E-04  2.7942999E-04 -3.253844933928989E-04  2.7949992E-04  1.774388644574494E-04  2.7951724E-04  5.456579607102554E-03          0
  28.5 -3.298516282263381E-04  2.7954422E-04 -2.003357604649473E-04  2.7946775E-04  2.692757382839671E-04  2.7953793E-04 -3.570979644479589E-04  2.7947742E-04 -2.907494921051915E-04  2.7951386E-04  5.919210655311469E-05  2.7950211E-04  2.187020822271712E-04  2.7947866E-04 -1.020844388252758E-04  2.7953829E-04 -4.473224534930120E-04  2.7948415E-04 -3.280621723755957E-04  2.7953235E-04  5.411401083753818E-03          0
  30.0 -5.342066449916920E-04  2.7947071E-04 -5.583635346301631E-05  2.7954194E-04 -2.600982109857572E-04  2.7951778E-04 -4.166899641949332E-04  2.7949812E-04  5.701137511660696E-04  2.7954793E-04  1.728408798057472E-05  2.7946836E-04  7.243904203239828E-05  2.7953180E-04  1.085248251751421E-03  2.7948456E-04 -2.296139357676304E-04  2.7951844E-04 -5.488635118026378E-04  2.7949855E-04  5.368668615734044E-03          0
  31.5 -7.579986968730444E-04  2.7950212E-04  1.963230978807005E-04  2.7951129E-04 -3.669092132610798E-05  2.7950625E-04  7.850508091828113E-05  2.7950974E-04 -7.038920098880194E-05  2.7952065E-04 -2.701936945641957E-04  2.7949506E-04 -1.385578323882992E-05  2.7949809E-04  7.920899693921906E-04  2.7951846E-04  4.188724532254725E-04  2.7962886E-04 -2.610924293532320E-04  2.7938757E-04  5.328061662554211E-03          0
  33.0 -5.351368330084258E-04  2.7951394E-04  4.679022175120431E-04  2.7950014E-04  4.713430594695818E-05  2.7946592E-04  3.699081914155005E-04  2.7954991E-04 -2.894502116797262E-04  2.7947884E-04 -1.961746110616223E-04  2.7953730E-04 -3.030022888538599E-04  2.7950711E-04 -2.978816032389864E-04  2.7950962E-04 -3.617175642968276E-05  2.7957615E-04  3.829225406842330E-04  2.7944030E-04  5.289360187201760E-03          0
  34.5 -4.095031220342631E-05  2.7956826E-04  8.449737556797792E-04  2.7944617E-04  4.339809083069146E-04  2.7948270E-04  4.940361783928059E-05  2.7953317E-04 -2.621135540035604E-04  2.7945962E-04  1.097910308119542E-04  2.7955694E-04 -1.834063946359723E-04  2.7952700E-04 -1.903540577439803E-04  2.7948973E-04 -9.951517322099234E-05  2.7950626E-04 -1.142096576318255E-04  2.7951052E-04  5.252231158102673E-03          0
  36.0  4.569820983552474E-04  2.7950544E-04  7.671549794390167E-04  2.7950875E-04 -1.333966027906394E-05  2.7945834E-04 -2.297234934119724E-04  2.7955758E-04  3.727522503519062E-04  2.7949524E-04 -1.731058658723088E-05  2.7952113E-04 -3.566568458539560E-04  2.7948242E-04 -5.146676470090668E-04  2.7953430E-04  5.666346897925949E-04  2.7963997E-04  5.554456907184100E-05  2.7937643E-04  5.216685872485298E-03          0
  37.5  8.721190445249143E-04  2.7953362E-04  4.280949264654692E-04  2.7947995E-04  1.922499538261019E-04  2.7946119E-04 -4.129743302330497E-04  2.7955459E-04  3.144924378990583E-05  2.7958164E-04 -5.802324011715330E-05  2.7943569E-04 -3.311063594406599E-04  2.7944668E-04 -9.117609088269927E-05  2.7956987E-04  1.580332985279284E-05  2.7953189E-04 -7.950553903381243E-04  2.7948419E-04  5.182511770158268E-03          0
  39.0  8.256905409311775E-04  2.7954529E-04 -2.119889466985909E-04  2.7946854E-04  2.752188165458543E-04  2.7953246E-04 -3.944907962435632E-04  2.7948359E-04  2.948248521294250E-04  2.7951218E-04  2.857277767435332E-04  2.7950461E-04  1.775002988262690E-04  2.7950699E-04 -5.587851156429475E-04  2.7950946E-04 -1.840226378657229E-05  2.7955651E-04 -1.918765114695002E-04  2.7946041E-04  5.149449700611927E-03          0
